label,Image
0,E:\MedicalData\kagglechallenge\Dermnet\train/Acne and Rosacea Photos/07Acne081101.jpg
0,E:\MedicalData\kagglechallenge\Dermnet\train/Acne and Rosacea Photos/07AcnePittedScars.jpg
0,E:\MedicalData\kagglechallenge\Dermnet\train/Acne and Rosacea Photos/07AcnePittedScars1.jpg
0,E:\MedicalData\kagglechallenge\Dermnet\train/Acne and Rosacea Photos/07PerioralDermEye.jpg
0,E:\MedicalData\kagglechallenge\Dermnet\train/Acne and Rosacea Photos/07PerioralDermNose.jpg
0,E:\MedicalData\kagglechallenge\Dermnet\train/Acne and Rosacea Photos/07PerioralDermq.jpg
0,E:\MedicalData\kagglechallenge\Dermnet\train/Acne and Rosacea Photos/07PerlecheAccutane.jpg
0,E:\MedicalData\kagglechallenge\Dermnet\train/Acne and Rosacea Photos/07Rhinophyma1a.jpg
0,E:\MedicalData\kagglechallenge\Dermnet\train/Acne and Rosacea Photos/07Rhinophymaq.jpg
0,E:\MedicalData\kagglechallenge\Dermnet\train/Acne and Rosacea Photos/07rhnophymas032105.jpg
0,E:\MedicalData\kagglechallenge\Dermnet\train/Acne and Rosacea Photos/07rhnophymas0321051.jpg
0,E:\MedicalData\kagglechallenge\Dermnet\train/Acne and Rosacea Photos/07rosacea010206OK.jpg
0,E:\MedicalData\kagglechallenge\Dermnet\train/Acne and Rosacea Photos/07RosaceaForehead.jpg
0,E:\MedicalData\kagglechallenge\Dermnet\train/Acne and Rosacea Photos/07RosaceaFulFAce.jpg
0,E:\MedicalData\kagglechallenge\Dermnet\train/Acne and Rosacea Photos/07RosaceaK0216.jpg
0,E:\MedicalData\kagglechallenge\Dermnet\train/Acne and Rosacea Photos/07RosaceaK02161.jpg
0,E:\MedicalData\kagglechallenge\Dermnet\train/Acne and Rosacea Photos/07RosaceaK02162.jpg
0,E:\MedicalData\kagglechallenge\Dermnet\train/Acne and Rosacea Photos/07RosaceaK02163.jpg
0,E:\MedicalData\kagglechallenge\Dermnet\train/Acne and Rosacea Photos/07RosaceaK02164.jpg
0,E:\MedicalData\kagglechallenge\Dermnet\train/Acne and Rosacea Photos/07RosaceaK02165.jpg
0,E:\MedicalData\kagglechallenge\Dermnet\train/Acne and Rosacea Photos/07RosaceaK02166.jpg
0,E:\MedicalData\kagglechallenge\Dermnet\train/Acne and Rosacea Photos/07RosaceaMilia0120.jpg
0,E:\MedicalData\kagglechallenge\Dermnet\train/Acne and Rosacea Photos/07RosaceaOK082806.jpg
0,E:\MedicalData\kagglechallenge\Dermnet\train/Acne and Rosacea Photos/07RosaceaOK0828062.jpg
0,E:\MedicalData\kagglechallenge\Dermnet\train/Acne and Rosacea Photos/07RosaceaOK0828063.jpg
0,E:\MedicalData\kagglechallenge\Dermnet\train/Acne and Rosacea Photos/07RosaceaTel011204.jpg
0,E:\MedicalData\kagglechallenge\Dermnet\train/Acne and Rosacea Photos/07rosaceaTreated091806OK.jpg
0,E:\MedicalData\kagglechallenge\Dermnet\train/Acne and Rosacea Photos/07sebDerem110105.jpg
0,E:\MedicalData\kagglechallenge\Dermnet\train/Acne and Rosacea Photos/07sebDerem1101051.jpg
0,E:\MedicalData\kagglechallenge\Dermnet\train/Acne and Rosacea Photos/07sebDerem1101052.jpg
0,E:\MedicalData\kagglechallenge\Dermnet\train/Acne and Rosacea Photos/07SteroidPerioral.jpg
0,E:\MedicalData\kagglechallenge\Dermnet\train/Acne and Rosacea Photos/07SteroidRosacea.jpg
0,E:\MedicalData\kagglechallenge\Dermnet\train/Acne and Rosacea Photos/07SteroidRosacea43.jpg
0,E:\MedicalData\kagglechallenge\Dermnet\train/Acne and Rosacea Photos/07SteroidRosGlab.jpg
0,E:\MedicalData\kagglechallenge\Dermnet\train/Acne and Rosacea Photos/07VascularFace0120.jpg
0,E:\MedicalData\kagglechallenge\Dermnet\train/Acne and Rosacea Photos/08PerioralDerm0203.jpg
0,E:\MedicalData\kagglechallenge\Dermnet\train/Acne and Rosacea Photos/08PerioralDerm1.jpg
0,E:\MedicalData\kagglechallenge\Dermnet\train/Acne and Rosacea Photos/23VesselsNose.jpg
0,E:\MedicalData\kagglechallenge\Dermnet\train/Acne and Rosacea Photos/23VesselsNose1.jpg
0,E:\MedicalData\kagglechallenge\Dermnet\train/Acne and Rosacea Photos/acne-closed-comedo-002.jpg
0,E:\MedicalData\kagglechallenge\Dermnet\train/Acne and Rosacea Photos/acne-closed-comedo-003.jpg
0,E:\MedicalData\kagglechallenge\Dermnet\train/Acne and Rosacea Photos/acne-closed-comedo-1.jpg
0,E:\MedicalData\kagglechallenge\Dermnet\train/Acne and Rosacea Photos/acne-closed-comedo-11.jpg
0,E:\MedicalData\kagglechallenge\Dermnet\train/Acne and Rosacea Photos/acne-closed-comedo-12.jpg
0,E:\MedicalData\kagglechallenge\Dermnet\train/Acne and Rosacea Photos/acne-closed-comedo-14.jpg
0,E:\MedicalData\kagglechallenge\Dermnet\train/Acne and Rosacea Photos/acne-closed-comedo-15.jpg
0,E:\MedicalData\kagglechallenge\Dermnet\train/Acne and Rosacea Photos/acne-closed-comedo-16.jpg
0,E:\MedicalData\kagglechallenge\Dermnet\train/Acne and Rosacea Photos/acne-closed-comedo-17.jpg
0,E:\MedicalData\kagglechallenge\Dermnet\train/Acne and Rosacea Photos/acne-closed-comedo-18.jpg
0,E:\MedicalData\kagglechallenge\Dermnet\train/Acne and Rosacea Photos/acne-closed-comedo-19.jpg
0,E:\MedicalData\kagglechallenge\Dermnet\train/Acne and Rosacea Photos/acne-closed-comedo-2.jpg
0,E:\MedicalData\kagglechallenge\Dermnet\train/Acne and Rosacea Photos/acne-closed-comedo-20.jpg
0,E:\MedicalData\kagglechallenge\Dermnet\train/Acne and Rosacea Photos/acne-closed-comedo-22.jpg
0,E:\MedicalData\kagglechallenge\Dermnet\train/Acne and Rosacea Photos/acne-closed-comedo-23.jpg
0,E:\MedicalData\kagglechallenge\Dermnet\train/Acne and Rosacea Photos/acne-closed-comedo-24.jpg
0,E:\MedicalData\kagglechallenge\Dermnet\train/Acne and Rosacea Photos/acne-closed-comedo-25.jpg
0,E:\MedicalData\kagglechallenge\Dermnet\train/Acne and Rosacea Photos/acne-closed-comedo-26.jpg
0,E:\MedicalData\kagglechallenge\Dermnet\train/Acne and Rosacea Photos/acne-closed-comedo-27.jpg
0,E:\MedicalData\kagglechallenge\Dermnet\train/Acne and Rosacea Photos/acne-closed-comedo-29.jpg
0,E:\MedicalData\kagglechallenge\Dermnet\train/Acne and Rosacea Photos/acne-closed-comedo-3.jpg
0,E:\MedicalData\kagglechallenge\Dermnet\train/Acne and Rosacea Photos/acne-closed-comedo-31.jpg
0,E:\MedicalData\kagglechallenge\Dermnet\train/Acne and Rosacea Photos/acne-closed-comedo-32.jpg
0,E:\MedicalData\kagglechallenge\Dermnet\train/Acne and Rosacea Photos/acne-closed-comedo-33.jpg
0,E:\MedicalData\kagglechallenge\Dermnet\train/Acne and Rosacea Photos/acne-closed-comedo-34.jpg
0,E:\MedicalData\kagglechallenge\Dermnet\train/Acne and Rosacea Photos/acne-closed-comedo-35.jpg
0,E:\MedicalData\kagglechallenge\Dermnet\train/Acne and Rosacea Photos/acne-closed-comedo-38.jpg
0,E:\MedicalData\kagglechallenge\Dermnet\train/Acne and Rosacea Photos/acne-closed-comedo-4.jpg
0,E:\MedicalData\kagglechallenge\Dermnet\train/Acne and Rosacea Photos/acne-closed-comedo-40.jpg
0,E:\MedicalData\kagglechallenge\Dermnet\train/Acne and Rosacea Photos/acne-closed-comedo-5.jpg
0,E:\MedicalData\kagglechallenge\Dermnet\train/Acne and Rosacea Photos/acne-closed-comedo-6.jpg
0,E:\MedicalData\kagglechallenge\Dermnet\train/Acne and Rosacea Photos/acne-closed-comedo-7.jpg
0,E:\MedicalData\kagglechallenge\Dermnet\train/Acne and Rosacea Photos/acne-closed-comedo-8.jpg
0,E:\MedicalData\kagglechallenge\Dermnet\train/Acne and Rosacea Photos/acne-cystic-1.jpg
0,E:\MedicalData\kagglechallenge\Dermnet\train/Acne and Rosacea Photos/acne-cystic-100.jpg
0,E:\MedicalData\kagglechallenge\Dermnet\train/Acne and Rosacea Photos/acne-cystic-101.jpg
0,E:\MedicalData\kagglechallenge\Dermnet\train/Acne and Rosacea Photos/acne-cystic-102.jpg
0,E:\MedicalData\kagglechallenge\Dermnet\train/Acne and Rosacea Photos/acne-cystic-103.jpg
0,E:\MedicalData\kagglechallenge\Dermnet\train/Acne and Rosacea Photos/acne-cystic-104.jpg
0,E:\MedicalData\kagglechallenge\Dermnet\train/Acne and Rosacea Photos/acne-cystic-105.jpg
0,E:\MedicalData\kagglechallenge\Dermnet\train/Acne and Rosacea Photos/acne-cystic-106.jpg
0,E:\MedicalData\kagglechallenge\Dermnet\train/Acne and Rosacea Photos/acne-cystic-107.jpg
0,E:\MedicalData\kagglechallenge\Dermnet\train/Acne and Rosacea Photos/acne-cystic-108.jpg
0,E:\MedicalData\kagglechallenge\Dermnet\train/Acne and Rosacea Photos/acne-cystic-11.jpg
0,E:\MedicalData\kagglechallenge\Dermnet\train/Acne and Rosacea Photos/acne-cystic-110.jpg
0,E:\MedicalData\kagglechallenge\Dermnet\train/Acne and Rosacea Photos/acne-cystic-112.jpg
0,E:\MedicalData\kagglechallenge\Dermnet\train/Acne and Rosacea Photos/acne-cystic-113.jpg
0,E:\MedicalData\kagglechallenge\Dermnet\train/Acne and Rosacea Photos/acne-cystic-114.jpg
0,E:\MedicalData\kagglechallenge\Dermnet\train/Acne and Rosacea Photos/acne-cystic-115.jpg
0,E:\MedicalData\kagglechallenge\Dermnet\train/Acne and Rosacea Photos/acne-cystic-116.jpg
0,E:\MedicalData\kagglechallenge\Dermnet\train/Acne and Rosacea Photos/acne-cystic-117.jpg
0,E:\MedicalData\kagglechallenge\Dermnet\train/Acne and Rosacea Photos/acne-cystic-118.jpg
0,E:\MedicalData\kagglechallenge\Dermnet\train/Acne and Rosacea Photos/acne-cystic-119.jpg
0,E:\MedicalData\kagglechallenge\Dermnet\train/Acne and Rosacea Photos/acne-cystic-12.jpg
0,E:\MedicalData\kagglechallenge\Dermnet\train/Acne and Rosacea Photos/acne-cystic-120.jpg
0,E:\MedicalData\kagglechallenge\Dermnet\train/Acne and Rosacea Photos/acne-cystic-121.jpg
0,E:\MedicalData\kagglechallenge\Dermnet\train/Acne and Rosacea Photos/acne-cystic-122.jpg
0,E:\MedicalData\kagglechallenge\Dermnet\train/Acne and Rosacea Photos/acne-cystic-123.jpg
0,E:\MedicalData\kagglechallenge\Dermnet\train/Acne and Rosacea Photos/acne-cystic-125.jpg
0,E:\MedicalData\kagglechallenge\Dermnet\train/Acne and Rosacea Photos/acne-cystic-126.jpg
0,E:\MedicalData\kagglechallenge\Dermnet\train/Acne and Rosacea Photos/acne-cystic-127.jpg
0,E:\MedicalData\kagglechallenge\Dermnet\train/Acne and Rosacea Photos/acne-cystic-128.jpg
0,E:\MedicalData\kagglechallenge\Dermnet\train/Acne and Rosacea Photos/acne-cystic-129.jpg
0,E:\MedicalData\kagglechallenge\Dermnet\train/Acne and Rosacea Photos/acne-cystic-13.jpg
0,E:\MedicalData\kagglechallenge\Dermnet\train/Acne and Rosacea Photos/acne-cystic-130.jpg
0,E:\MedicalData\kagglechallenge\Dermnet\train/Acne and Rosacea Photos/acne-cystic-131.jpg
0,E:\MedicalData\kagglechallenge\Dermnet\train/Acne and Rosacea Photos/acne-cystic-132.jpg
0,E:\MedicalData\kagglechallenge\Dermnet\train/Acne and Rosacea Photos/acne-cystic-133.jpg
0,E:\MedicalData\kagglechallenge\Dermnet\train/Acne and Rosacea Photos/acne-cystic-134.jpg
0,E:\MedicalData\kagglechallenge\Dermnet\train/Acne and Rosacea Photos/acne-cystic-135.jpg
0,E:\MedicalData\kagglechallenge\Dermnet\train/Acne and Rosacea Photos/acne-cystic-136.jpg
0,E:\MedicalData\kagglechallenge\Dermnet\train/Acne and Rosacea Photos/acne-cystic-137.jpg
0,E:\MedicalData\kagglechallenge\Dermnet\train/Acne and Rosacea Photos/acne-cystic-138.jpg
0,E:\MedicalData\kagglechallenge\Dermnet\train/Acne and Rosacea Photos/acne-cystic-139.jpg
0,E:\MedicalData\kagglechallenge\Dermnet\train/Acne and Rosacea Photos/acne-cystic-14.jpg
0,E:\MedicalData\kagglechallenge\Dermnet\train/Acne and Rosacea Photos/acne-cystic-140.jpg
0,E:\MedicalData\kagglechallenge\Dermnet\train/Acne and Rosacea Photos/acne-cystic-141.jpg
0,E:\MedicalData\kagglechallenge\Dermnet\train/Acne and Rosacea Photos/acne-cystic-142.jpg
0,E:\MedicalData\kagglechallenge\Dermnet\train/Acne and Rosacea Photos/acne-cystic-143.jpg
0,E:\MedicalData\kagglechallenge\Dermnet\train/Acne and Rosacea Photos/acne-cystic-144.jpg
0,E:\MedicalData\kagglechallenge\Dermnet\train/Acne and Rosacea Photos/acne-cystic-145.jpg
0,E:\MedicalData\kagglechallenge\Dermnet\train/Acne and Rosacea Photos/acne-cystic-146.jpg
0,E:\MedicalData\kagglechallenge\Dermnet\train/Acne and Rosacea Photos/acne-cystic-148.jpg
0,E:\MedicalData\kagglechallenge\Dermnet\train/Acne and Rosacea Photos/acne-cystic-149.jpg
0,E:\MedicalData\kagglechallenge\Dermnet\train/Acne and Rosacea Photos/acne-cystic-15.jpg
0,E:\MedicalData\kagglechallenge\Dermnet\train/Acne and Rosacea Photos/acne-cystic-151.jpg
0,E:\MedicalData\kagglechallenge\Dermnet\train/Acne and Rosacea Photos/acne-cystic-16.jpg
0,E:\MedicalData\kagglechallenge\Dermnet\train/Acne and Rosacea Photos/acne-cystic-17.jpg
0,E:\MedicalData\kagglechallenge\Dermnet\train/Acne and Rosacea Photos/acne-cystic-18.jpg
0,E:\MedicalData\kagglechallenge\Dermnet\train/Acne and Rosacea Photos/acne-cystic-19.jpg
0,E:\MedicalData\kagglechallenge\Dermnet\train/Acne and Rosacea Photos/acne-cystic-2.jpg
0,E:\MedicalData\kagglechallenge\Dermnet\train/Acne and Rosacea Photos/acne-cystic-20.jpg
0,E:\MedicalData\kagglechallenge\Dermnet\train/Acne and Rosacea Photos/acne-cystic-21.jpg
0,E:\MedicalData\kagglechallenge\Dermnet\train/Acne and Rosacea Photos/acne-cystic-24.jpg
0,E:\MedicalData\kagglechallenge\Dermnet\train/Acne and Rosacea Photos/acne-cystic-25.jpg
0,E:\MedicalData\kagglechallenge\Dermnet\train/Acne and Rosacea Photos/acne-cystic-26.jpg
0,E:\MedicalData\kagglechallenge\Dermnet\train/Acne and Rosacea Photos/acne-cystic-27.jpg
0,E:\MedicalData\kagglechallenge\Dermnet\train/Acne and Rosacea Photos/acne-cystic-28.jpg
0,E:\MedicalData\kagglechallenge\Dermnet\train/Acne and Rosacea Photos/acne-cystic-29.jpg
0,E:\MedicalData\kagglechallenge\Dermnet\train/Acne and Rosacea Photos/acne-cystic-3.jpg
0,E:\MedicalData\kagglechallenge\Dermnet\train/Acne and Rosacea Photos/acne-cystic-30.jpg
0,E:\MedicalData\kagglechallenge\Dermnet\train/Acne and Rosacea Photos/acne-cystic-31.jpg
0,E:\MedicalData\kagglechallenge\Dermnet\train/Acne and Rosacea Photos/acne-cystic-32.jpg
0,E:\MedicalData\kagglechallenge\Dermnet\train/Acne and Rosacea Photos/acne-cystic-36.jpg
0,E:\MedicalData\kagglechallenge\Dermnet\train/Acne and Rosacea Photos/acne-cystic-39.jpg
0,E:\MedicalData\kagglechallenge\Dermnet\train/Acne and Rosacea Photos/acne-cystic-4.jpg
0,E:\MedicalData\kagglechallenge\Dermnet\train/Acne and Rosacea Photos/acne-cystic-40.jpg
0,E:\MedicalData\kagglechallenge\Dermnet\train/Acne and Rosacea Photos/acne-cystic-42.jpg
0,E:\MedicalData\kagglechallenge\Dermnet\train/Acne and Rosacea Photos/acne-cystic-43.jpg
0,E:\MedicalData\kagglechallenge\Dermnet\train/Acne and Rosacea Photos/acne-cystic-44.jpg
0,E:\MedicalData\kagglechallenge\Dermnet\train/Acne and Rosacea Photos/acne-cystic-45.jpg
0,E:\MedicalData\kagglechallenge\Dermnet\train/Acne and Rosacea Photos/acne-cystic-47.jpg
0,E:\MedicalData\kagglechallenge\Dermnet\train/Acne and Rosacea Photos/acne-cystic-48.jpg
0,E:\MedicalData\kagglechallenge\Dermnet\train/Acne and Rosacea Photos/acne-cystic-49.jpg
0,E:\MedicalData\kagglechallenge\Dermnet\train/Acne and Rosacea Photos/acne-cystic-5.jpg
0,E:\MedicalData\kagglechallenge\Dermnet\train/Acne and Rosacea Photos/acne-cystic-50.jpg
0,E:\MedicalData\kagglechallenge\Dermnet\train/Acne and Rosacea Photos/acne-cystic-51.jpg
0,E:\MedicalData\kagglechallenge\Dermnet\train/Acne and Rosacea Photos/acne-cystic-52.jpg
0,E:\MedicalData\kagglechallenge\Dermnet\train/Acne and Rosacea Photos/acne-cystic-53.jpg
0,E:\MedicalData\kagglechallenge\Dermnet\train/Acne and Rosacea Photos/acne-cystic-54.jpg
0,E:\MedicalData\kagglechallenge\Dermnet\train/Acne and Rosacea Photos/acne-cystic-56.jpg
0,E:\MedicalData\kagglechallenge\Dermnet\train/Acne and Rosacea Photos/acne-cystic-57.jpg
0,E:\MedicalData\kagglechallenge\Dermnet\train/Acne and Rosacea Photos/acne-cystic-58.jpg
0,E:\MedicalData\kagglechallenge\Dermnet\train/Acne and Rosacea Photos/acne-cystic-60.jpg
0,E:\MedicalData\kagglechallenge\Dermnet\train/Acne and Rosacea Photos/acne-cystic-61.jpg
0,E:\MedicalData\kagglechallenge\Dermnet\train/Acne and Rosacea Photos/acne-cystic-84.jpg
0,E:\MedicalData\kagglechallenge\Dermnet\train/Acne and Rosacea Photos/acne-cystic-85.jpg
0,E:\MedicalData\kagglechallenge\Dermnet\train/Acne and Rosacea Photos/acne-cystic-86.jpg
0,E:\MedicalData\kagglechallenge\Dermnet\train/Acne and Rosacea Photos/acne-cystic-87.jpg
0,E:\MedicalData\kagglechallenge\Dermnet\train/Acne and Rosacea Photos/acne-cystic-88.jpg
0,E:\MedicalData\kagglechallenge\Dermnet\train/Acne and Rosacea Photos/acne-cystic-89.jpg
0,E:\MedicalData\kagglechallenge\Dermnet\train/Acne and Rosacea Photos/acne-cystic-9.jpg
0,E:\MedicalData\kagglechallenge\Dermnet\train/Acne and Rosacea Photos/acne-cystic-90.jpg
0,E:\MedicalData\kagglechallenge\Dermnet\train/Acne and Rosacea Photos/acne-cystic-91.jpg
0,E:\MedicalData\kagglechallenge\Dermnet\train/Acne and Rosacea Photos/acne-cystic-92.jpg
0,E:\MedicalData\kagglechallenge\Dermnet\train/Acne and Rosacea Photos/acne-cystic-93.jpg
0,E:\MedicalData\kagglechallenge\Dermnet\train/Acne and Rosacea Photos/acne-cystic-94.jpg
0,E:\MedicalData\kagglechallenge\Dermnet\train/Acne and Rosacea Photos/acne-cystic-95.jpg
0,E:\MedicalData\kagglechallenge\Dermnet\train/Acne and Rosacea Photos/acne-cystic-96.jpg
0,E:\MedicalData\kagglechallenge\Dermnet\train/Acne and Rosacea Photos/acne-cystic-97.jpg
0,E:\MedicalData\kagglechallenge\Dermnet\train/Acne and Rosacea Photos/acne-cystic-98.jpg
0,E:\MedicalData\kagglechallenge\Dermnet\train/Acne and Rosacea Photos/acne-cystic-99.jpg
0,E:\MedicalData\kagglechallenge\Dermnet\train/Acne and Rosacea Photos/acne-excoriated-10.jpg
0,E:\MedicalData\kagglechallenge\Dermnet\train/Acne and Rosacea Photos/acne-excoriated-11.jpg
0,E:\MedicalData\kagglechallenge\Dermnet\train/Acne and Rosacea Photos/acne-excoriated-12.jpg
0,E:\MedicalData\kagglechallenge\Dermnet\train/Acne and Rosacea Photos/acne-excoriated-13.jpg
0,E:\MedicalData\kagglechallenge\Dermnet\train/Acne and Rosacea Photos/acne-excoriated-14.jpg
0,E:\MedicalData\kagglechallenge\Dermnet\train/Acne and Rosacea Photos/acne-excoriated-15.jpg
0,E:\MedicalData\kagglechallenge\Dermnet\train/Acne and Rosacea Photos/acne-excoriated-16.jpg
0,E:\MedicalData\kagglechallenge\Dermnet\train/Acne and Rosacea Photos/acne-excoriated-17.jpg
0,E:\MedicalData\kagglechallenge\Dermnet\train/Acne and Rosacea Photos/acne-excoriated-2.jpg
0,E:\MedicalData\kagglechallenge\Dermnet\train/Acne and Rosacea Photos/acne-excoriated-20.jpg
0,E:\MedicalData\kagglechallenge\Dermnet\train/Acne and Rosacea Photos/acne-excoriated-22.jpg
0,E:\MedicalData\kagglechallenge\Dermnet\train/Acne and Rosacea Photos/acne-excoriated-23.jpg
0,E:\MedicalData\kagglechallenge\Dermnet\train/Acne and Rosacea Photos/acne-excoriated-25.jpg
0,E:\MedicalData\kagglechallenge\Dermnet\train/Acne and Rosacea Photos/acne-excoriated-26.jpg
0,E:\MedicalData\kagglechallenge\Dermnet\train/Acne and Rosacea Photos/acne-excoriated-27.jpg
0,E:\MedicalData\kagglechallenge\Dermnet\train/Acne and Rosacea Photos/acne-excoriated-28.jpg
0,E:\MedicalData\kagglechallenge\Dermnet\train/Acne and Rosacea Photos/acne-excoriated-29.jpg
0,E:\MedicalData\kagglechallenge\Dermnet\train/Acne and Rosacea Photos/acne-excoriated-3.jpg
0,E:\MedicalData\kagglechallenge\Dermnet\train/Acne and Rosacea Photos/acne-excoriated-30.jpg
0,E:\MedicalData\kagglechallenge\Dermnet\train/Acne and Rosacea Photos/acne-excoriated-4.jpg
0,E:\MedicalData\kagglechallenge\Dermnet\train/Acne and Rosacea Photos/acne-excoriated-6.jpg
0,E:\MedicalData\kagglechallenge\Dermnet\train/Acne and Rosacea Photos/acne-excoriated-8.jpg
0,E:\MedicalData\kagglechallenge\Dermnet\train/Acne and Rosacea Photos/acne-histology-3.jpg
0,E:\MedicalData\kagglechallenge\Dermnet\train/Acne and Rosacea Photos/acne-histology-4.jpg
0,E:\MedicalData\kagglechallenge\Dermnet\train/Acne and Rosacea Photos/acne-infantile-1.jpg
0,E:\MedicalData\kagglechallenge\Dermnet\train/Acne and Rosacea Photos/acne-infantile-11.jpg
0,E:\MedicalData\kagglechallenge\Dermnet\train/Acne and Rosacea Photos/acne-infantile-12.jpg
0,E:\MedicalData\kagglechallenge\Dermnet\train/Acne and Rosacea Photos/acne-infantile-13.jpg
0,E:\MedicalData\kagglechallenge\Dermnet\train/Acne and Rosacea Photos/acne-infantile-14.jpg
0,E:\MedicalData\kagglechallenge\Dermnet\train/Acne and Rosacea Photos/acne-infantile-16.jpg
0,E:\MedicalData\kagglechallenge\Dermnet\train/Acne and Rosacea Photos/acne-infantile-4.jpg
0,E:\MedicalData\kagglechallenge\Dermnet\train/Acne and Rosacea Photos/acne-infantile-5.jpg
0,E:\MedicalData\kagglechallenge\Dermnet\train/Acne and Rosacea Photos/acne-infantile-6.jpg
0,E:\MedicalData\kagglechallenge\Dermnet\train/Acne and Rosacea Photos/acne-infantile-7.jpg
0,E:\MedicalData\kagglechallenge\Dermnet\train/Acne and Rosacea Photos/acne-infantile-8.jpg
0,E:\MedicalData\kagglechallenge\Dermnet\train/Acne and Rosacea Photos/acne-infantile-9.jpg
0,E:\MedicalData\kagglechallenge\Dermnet\train/Acne and Rosacea Photos/acne-mechanica-1.jpg
0,E:\MedicalData\kagglechallenge\Dermnet\train/Acne and Rosacea Photos/acne-open-comedo-10.jpg
0,E:\MedicalData\kagglechallenge\Dermnet\train/Acne and Rosacea Photos/acne-open-comedo-11.jpg
0,E:\MedicalData\kagglechallenge\Dermnet\train/Acne and Rosacea Photos/acne-open-comedo-13.jpg
0,E:\MedicalData\kagglechallenge\Dermnet\train/Acne and Rosacea Photos/acne-open-comedo-14.jpg
0,E:\MedicalData\kagglechallenge\Dermnet\train/Acne and Rosacea Photos/acne-open-comedo-15.jpg
0,E:\MedicalData\kagglechallenge\Dermnet\train/Acne and Rosacea Photos/acne-open-comedo-17.jpg
0,E:\MedicalData\kagglechallenge\Dermnet\train/Acne and Rosacea Photos/acne-open-comedo-18.jpg
0,E:\MedicalData\kagglechallenge\Dermnet\train/Acne and Rosacea Photos/acne-open-comedo-19.jpg
0,E:\MedicalData\kagglechallenge\Dermnet\train/Acne and Rosacea Photos/acne-open-comedo-2.jpg
0,E:\MedicalData\kagglechallenge\Dermnet\train/Acne and Rosacea Photos/acne-open-comedo-20.jpg
0,E:\MedicalData\kagglechallenge\Dermnet\train/Acne and Rosacea Photos/acne-open-comedo-21.jpg
0,E:\MedicalData\kagglechallenge\Dermnet\train/Acne and Rosacea Photos/acne-open-comedo-22.jpg
0,E:\MedicalData\kagglechallenge\Dermnet\train/Acne and Rosacea Photos/acne-open-comedo-23.jpg
0,E:\MedicalData\kagglechallenge\Dermnet\train/Acne and Rosacea Photos/acne-open-comedo-24.jpg
0,E:\MedicalData\kagglechallenge\Dermnet\train/Acne and Rosacea Photos/acne-open-comedo-25.jpg
0,E:\MedicalData\kagglechallenge\Dermnet\train/Acne and Rosacea Photos/acne-open-comedo-26.jpg
0,E:\MedicalData\kagglechallenge\Dermnet\train/Acne and Rosacea Photos/acne-open-comedo-28.jpg
0,E:\MedicalData\kagglechallenge\Dermnet\train/Acne and Rosacea Photos/acne-open-comedo-29.jpg
0,E:\MedicalData\kagglechallenge\Dermnet\train/Acne and Rosacea Photos/acne-open-comedo-3.jpg
0,E:\MedicalData\kagglechallenge\Dermnet\train/Acne and Rosacea Photos/acne-open-comedo-30.jpg
0,E:\MedicalData\kagglechallenge\Dermnet\train/Acne and Rosacea Photos/acne-open-comedo-31.jpg
0,E:\MedicalData\kagglechallenge\Dermnet\train/Acne and Rosacea Photos/acne-open-comedo-32.jpg
0,E:\MedicalData\kagglechallenge\Dermnet\train/Acne and Rosacea Photos/acne-open-comedo-33.jpg
0,E:\MedicalData\kagglechallenge\Dermnet\train/Acne and Rosacea Photos/acne-open-comedo-34.jpg
0,E:\MedicalData\kagglechallenge\Dermnet\train/Acne and Rosacea Photos/acne-open-comedo-35.jpg
0,E:\MedicalData\kagglechallenge\Dermnet\train/Acne and Rosacea Photos/acne-open-comedo-36.jpg
0,E:\MedicalData\kagglechallenge\Dermnet\train/Acne and Rosacea Photos/acne-open-comedo-37.jpg
0,E:\MedicalData\kagglechallenge\Dermnet\train/Acne and Rosacea Photos/acne-open-comedo-38.jpg
0,E:\MedicalData\kagglechallenge\Dermnet\train/Acne and Rosacea Photos/acne-open-comedo-39.jpg
0,E:\MedicalData\kagglechallenge\Dermnet\train/Acne and Rosacea Photos/acne-open-comedo-40.jpg
0,E:\MedicalData\kagglechallenge\Dermnet\train/Acne and Rosacea Photos/acne-open-comedo-41.jpg
0,E:\MedicalData\kagglechallenge\Dermnet\train/Acne and Rosacea Photos/acne-open-comedo-42.jpg
0,E:\MedicalData\kagglechallenge\Dermnet\train/Acne and Rosacea Photos/acne-open-comedo-44.jpg
0,E:\MedicalData\kagglechallenge\Dermnet\train/Acne and Rosacea Photos/acne-open-comedo-45.jpg
0,E:\MedicalData\kagglechallenge\Dermnet\train/Acne and Rosacea Photos/acne-open-comedo-46.jpg
0,E:\MedicalData\kagglechallenge\Dermnet\train/Acne and Rosacea Photos/acne-open-comedo-47.jpg
0,E:\MedicalData\kagglechallenge\Dermnet\train/Acne and Rosacea Photos/acne-open-comedo-48.jpg
0,E:\MedicalData\kagglechallenge\Dermnet\train/Acne and Rosacea Photos/acne-open-comedo-49.jpg
0,E:\MedicalData\kagglechallenge\Dermnet\train/Acne and Rosacea Photos/acne-open-comedo-5.jpg
0,E:\MedicalData\kagglechallenge\Dermnet\train/Acne and Rosacea Photos/acne-open-comedo-50.jpg
0,E:\MedicalData\kagglechallenge\Dermnet\train/Acne and Rosacea Photos/acne-open-comedo-51.jpg
0,E:\MedicalData\kagglechallenge\Dermnet\train/Acne and Rosacea Photos/acne-open-comedo-52.jpg
0,E:\MedicalData\kagglechallenge\Dermnet\train/Acne and Rosacea Photos/acne-open-comedo-53.jpg
0,E:\MedicalData\kagglechallenge\Dermnet\train/Acne and Rosacea Photos/acne-open-comedo-54.jpg
0,E:\MedicalData\kagglechallenge\Dermnet\train/Acne and Rosacea Photos/acne-open-comedo-56.jpg
0,E:\MedicalData\kagglechallenge\Dermnet\train/Acne and Rosacea Photos/acne-open-comedo-57.jpg
0,E:\MedicalData\kagglechallenge\Dermnet\train/Acne and Rosacea Photos/acne-open-comedo-58.jpg
0,E:\MedicalData\kagglechallenge\Dermnet\train/Acne and Rosacea Photos/acne-open-comedo-59.jpg
0,E:\MedicalData\kagglechallenge\Dermnet\train/Acne and Rosacea Photos/acne-open-comedo-60.jpg
0,E:\MedicalData\kagglechallenge\Dermnet\train/Acne and Rosacea Photos/acne-open-comedo-61.jpg
0,E:\MedicalData\kagglechallenge\Dermnet\train/Acne and Rosacea Photos/acne-open-comedo-63.jpg
0,E:\MedicalData\kagglechallenge\Dermnet\train/Acne and Rosacea Photos/acne-open-comedo-64.jpg
0,E:\MedicalData\kagglechallenge\Dermnet\train/Acne and Rosacea Photos/acne-open-comedo-65.jpg
0,E:\MedicalData\kagglechallenge\Dermnet\train/Acne and Rosacea Photos/acne-open-comedo-66.jpg
0,E:\MedicalData\kagglechallenge\Dermnet\train/Acne and Rosacea Photos/acne-open-comedo-67.jpg
0,E:\MedicalData\kagglechallenge\Dermnet\train/Acne and Rosacea Photos/acne-open-comedo-68.jpg
0,E:\MedicalData\kagglechallenge\Dermnet\train/Acne and Rosacea Photos/acne-open-comedo-69.jpg
0,E:\MedicalData\kagglechallenge\Dermnet\train/Acne and Rosacea Photos/acne-open-comedo-7.jpg
0,E:\MedicalData\kagglechallenge\Dermnet\train/Acne and Rosacea Photos/acne-open-comedo-70.jpg
0,E:\MedicalData\kagglechallenge\Dermnet\train/Acne and Rosacea Photos/acne-open-comedo-71.jpg
0,E:\MedicalData\kagglechallenge\Dermnet\train/Acne and Rosacea Photos/acne-open-comedo-72.jpg
0,E:\MedicalData\kagglechallenge\Dermnet\train/Acne and Rosacea Photos/acne-open-comedo-73.jpg
0,E:\MedicalData\kagglechallenge\Dermnet\train/Acne and Rosacea Photos/acne-open-comedo-8.jpg
0,E:\MedicalData\kagglechallenge\Dermnet\train/Acne and Rosacea Photos/acne-open-comedo-9.jpg
0,E:\MedicalData\kagglechallenge\Dermnet\train/Acne and Rosacea Photos/acne-primary-lesion-2.jpg
0,E:\MedicalData\kagglechallenge\Dermnet\train/Acne and Rosacea Photos/acne-primary-lesion-3.jpg
0,E:\MedicalData\kagglechallenge\Dermnet\train/Acne and Rosacea Photos/acne-primary-lesion-4.jpg
0,E:\MedicalData\kagglechallenge\Dermnet\train/Acne and Rosacea Photos/acne-primary-lesion-5.jpg
0,E:\MedicalData\kagglechallenge\Dermnet\train/Acne and Rosacea Photos/acne-primary-lesion-6.jpg
0,E:\MedicalData\kagglechallenge\Dermnet\train/Acne and Rosacea Photos/acne-primary-lesion-7.jpg
0,E:\MedicalData\kagglechallenge\Dermnet\train/Acne and Rosacea Photos/acne-pustular-1.jpg
0,E:\MedicalData\kagglechallenge\Dermnet\train/Acne and Rosacea Photos/acne-pustular-10.jpg
0,E:\MedicalData\kagglechallenge\Dermnet\train/Acne and Rosacea Photos/acne-pustular-12.jpg
0,E:\MedicalData\kagglechallenge\Dermnet\train/Acne and Rosacea Photos/acne-pustular-13.jpg
0,E:\MedicalData\kagglechallenge\Dermnet\train/Acne and Rosacea Photos/acne-pustular-14.jpg
0,E:\MedicalData\kagglechallenge\Dermnet\train/Acne and Rosacea Photos/acne-pustular-16.jpg
0,E:\MedicalData\kagglechallenge\Dermnet\train/Acne and Rosacea Photos/acne-pustular-17.jpg
0,E:\MedicalData\kagglechallenge\Dermnet\train/Acne and Rosacea Photos/acne-pustular-18.jpg
0,E:\MedicalData\kagglechallenge\Dermnet\train/Acne and Rosacea Photos/acne-pustular-20.jpg
0,E:\MedicalData\kagglechallenge\Dermnet\train/Acne and Rosacea Photos/acne-pustular-21.jpg
0,E:\MedicalData\kagglechallenge\Dermnet\train/Acne and Rosacea Photos/acne-pustular-23.jpg
0,E:\MedicalData\kagglechallenge\Dermnet\train/Acne and Rosacea Photos/acne-pustular-24.jpg
0,E:\MedicalData\kagglechallenge\Dermnet\train/Acne and Rosacea Photos/acne-pustular-25.jpg
0,E:\MedicalData\kagglechallenge\Dermnet\train/Acne and Rosacea Photos/acne-pustular-26.jpg
0,E:\MedicalData\kagglechallenge\Dermnet\train/Acne and Rosacea Photos/acne-pustular-28.jpg
0,E:\MedicalData\kagglechallenge\Dermnet\train/Acne and Rosacea Photos/acne-pustular-29.jpg
0,E:\MedicalData\kagglechallenge\Dermnet\train/Acne and Rosacea Photos/acne-pustular-3.jpg
0,E:\MedicalData\kagglechallenge\Dermnet\train/Acne and Rosacea Photos/acne-pustular-30.jpg
0,E:\MedicalData\kagglechallenge\Dermnet\train/Acne and Rosacea Photos/acne-pustular-31.jpg
0,E:\MedicalData\kagglechallenge\Dermnet\train/Acne and Rosacea Photos/acne-pustular-32.jpg
0,E:\MedicalData\kagglechallenge\Dermnet\train/Acne and Rosacea Photos/acne-pustular-33.jpg
0,E:\MedicalData\kagglechallenge\Dermnet\train/Acne and Rosacea Photos/acne-pustular-34.jpg
0,E:\MedicalData\kagglechallenge\Dermnet\train/Acne and Rosacea Photos/acne-pustular-35.jpg
0,E:\MedicalData\kagglechallenge\Dermnet\train/Acne and Rosacea Photos/acne-pustular-36.jpg
0,E:\MedicalData\kagglechallenge\Dermnet\train/Acne and Rosacea Photos/acne-pustular-37.jpg
0,E:\MedicalData\kagglechallenge\Dermnet\train/Acne and Rosacea Photos/acne-pustular-38.jpg
0,E:\MedicalData\kagglechallenge\Dermnet\train/Acne and Rosacea Photos/acne-pustular-4.jpg
0,E:\MedicalData\kagglechallenge\Dermnet\train/Acne and Rosacea Photos/acne-pustular-40.jpg
0,E:\MedicalData\kagglechallenge\Dermnet\train/Acne and Rosacea Photos/acne-pustular-41.jpg
0,E:\MedicalData\kagglechallenge\Dermnet\train/Acne and Rosacea Photos/acne-pustular-42.jpg
0,E:\MedicalData\kagglechallenge\Dermnet\train/Acne and Rosacea Photos/acne-pustular-43.jpg
0,E:\MedicalData\kagglechallenge\Dermnet\train/Acne and Rosacea Photos/acne-pustular-44.jpg
0,E:\MedicalData\kagglechallenge\Dermnet\train/Acne and Rosacea Photos/acne-pustular-45.jpg
0,E:\MedicalData\kagglechallenge\Dermnet\train/Acne and Rosacea Photos/acne-pustular-46.jpg
0,E:\MedicalData\kagglechallenge\Dermnet\train/Acne and Rosacea Photos/acne-pustular-47.jpg
0,E:\MedicalData\kagglechallenge\Dermnet\train/Acne and Rosacea Photos/acne-pustular-48.jpg
0,E:\MedicalData\kagglechallenge\Dermnet\train/Acne and Rosacea Photos/acne-pustular-49.jpg
0,E:\MedicalData\kagglechallenge\Dermnet\train/Acne and Rosacea Photos/acne-pustular-5.jpg
0,E:\MedicalData\kagglechallenge\Dermnet\train/Acne and Rosacea Photos/acne-pustular-50.jpg
0,E:\MedicalData\kagglechallenge\Dermnet\train/Acne and Rosacea Photos/acne-pustular-51.jpg
0,E:\MedicalData\kagglechallenge\Dermnet\train/Acne and Rosacea Photos/acne-pustular-52.jpg
0,E:\MedicalData\kagglechallenge\Dermnet\train/Acne and Rosacea Photos/acne-pustular-53.jpg
0,E:\MedicalData\kagglechallenge\Dermnet\train/Acne and Rosacea Photos/acne-pustular-54.jpg
0,E:\MedicalData\kagglechallenge\Dermnet\train/Acne and Rosacea Photos/acne-pustular-56.jpg
0,E:\MedicalData\kagglechallenge\Dermnet\train/Acne and Rosacea Photos/acne-pustular-57.jpg
0,E:\MedicalData\kagglechallenge\Dermnet\train/Acne and Rosacea Photos/acne-pustular-58.jpg
0,E:\MedicalData\kagglechallenge\Dermnet\train/Acne and Rosacea Photos/acne-pustular-59.jpg
0,E:\MedicalData\kagglechallenge\Dermnet\train/Acne and Rosacea Photos/acne-pustular-6.jpg
0,E:\MedicalData\kagglechallenge\Dermnet\train/Acne and Rosacea Photos/acne-pustular-60.jpg
0,E:\MedicalData\kagglechallenge\Dermnet\train/Acne and Rosacea Photos/acne-pustular-61.jpg
0,E:\MedicalData\kagglechallenge\Dermnet\train/Acne and Rosacea Photos/acne-pustular-62.jpg
0,E:\MedicalData\kagglechallenge\Dermnet\train/Acne and Rosacea Photos/acne-pustular-63.jpg
0,E:\MedicalData\kagglechallenge\Dermnet\train/Acne and Rosacea Photos/acne-pustular-64.jpg
0,E:\MedicalData\kagglechallenge\Dermnet\train/Acne and Rosacea Photos/acne-pustular-65.jpg
0,E:\MedicalData\kagglechallenge\Dermnet\train/Acne and Rosacea Photos/acne-pustular-66.jpg
0,E:\MedicalData\kagglechallenge\Dermnet\train/Acne and Rosacea Photos/acne-pustular-67.jpg
0,E:\MedicalData\kagglechallenge\Dermnet\train/Acne and Rosacea Photos/acne-pustular-68.jpg
0,E:\MedicalData\kagglechallenge\Dermnet\train/Acne and Rosacea Photos/acne-pustular-69.jpg
0,E:\MedicalData\kagglechallenge\Dermnet\train/Acne and Rosacea Photos/acne-pustular-7.jpg
0,E:\MedicalData\kagglechallenge\Dermnet\train/Acne and Rosacea Photos/acne-pustular-71.jpg
0,E:\MedicalData\kagglechallenge\Dermnet\train/Acne and Rosacea Photos/acne-pustular-72.jpg
0,E:\MedicalData\kagglechallenge\Dermnet\train/Acne and Rosacea Photos/acne-pustular-73.jpg
0,E:\MedicalData\kagglechallenge\Dermnet\train/Acne and Rosacea Photos/acne-pustular-74.jpg
0,E:\MedicalData\kagglechallenge\Dermnet\train/Acne and Rosacea Photos/acne-pustular-8.jpg
0,E:\MedicalData\kagglechallenge\Dermnet\train/Acne and Rosacea Photos/acne-pustular-9.jpg
0,E:\MedicalData\kagglechallenge\Dermnet\train/Acne and Rosacea Photos/acne-scar-1.jpg
0,E:\MedicalData\kagglechallenge\Dermnet\train/Acne and Rosacea Photos/acne-scar-2.jpg
0,E:\MedicalData\kagglechallenge\Dermnet\train/Acne and Rosacea Photos/acne-scar-3.jpg
0,E:\MedicalData\kagglechallenge\Dermnet\train/Acne and Rosacea Photos/acne-scar-4.jpg
0,E:\MedicalData\kagglechallenge\Dermnet\train/Acne and Rosacea Photos/acne-scar-5.jpg
0,E:\MedicalData\kagglechallenge\Dermnet\train/Acne and Rosacea Photos/acne-scar-6.jpg
0,E:\MedicalData\kagglechallenge\Dermnet\train/Acne and Rosacea Photos/acne-scar-7.jpg
0,E:\MedicalData\kagglechallenge\Dermnet\train/Acne and Rosacea Photos/acne-scar-8.jpg
0,E:\MedicalData\kagglechallenge\Dermnet\train/Acne and Rosacea Photos/acne-scar-9.jpg
0,E:\MedicalData\kagglechallenge\Dermnet\train/Acne and Rosacea Photos/anal-Comedones-1.jpg
0,E:\MedicalData\kagglechallenge\Dermnet\train/Acne and Rosacea Photos/anal-Comedones-2.jpg
0,E:\MedicalData\kagglechallenge\Dermnet\train/Acne and Rosacea Photos/Comedones-Ears.jpg
0,E:\MedicalData\kagglechallenge\Dermnet\train/Acne and Rosacea Photos/ComedonesEars-1.jpg
0,E:\MedicalData\kagglechallenge\Dermnet\train/Acne and Rosacea Photos/fordyce-spots-1.jpg
0,E:\MedicalData\kagglechallenge\Dermnet\train/Acne and Rosacea Photos/fordyce-spots-2.jpg
0,E:\MedicalData\kagglechallenge\Dermnet\train/Acne and Rosacea Photos/fordyce-spots-3.jpg
0,E:\MedicalData\kagglechallenge\Dermnet\train/Acne and Rosacea Photos/fordyce-spots-4.jpg
0,E:\MedicalData\kagglechallenge\Dermnet\train/Acne and Rosacea Photos/fordyce-spots-5.jpg
0,E:\MedicalData\kagglechallenge\Dermnet\train/Acne and Rosacea Photos/fordyce-spots-6.jpg
0,E:\MedicalData\kagglechallenge\Dermnet\train/Acne and Rosacea Photos/fordyce-spots-lip.jpg
0,E:\MedicalData\kagglechallenge\Dermnet\train/Acne and Rosacea Photos/Forest-2.jpg
0,E:\MedicalData\kagglechallenge\Dermnet\train/Acne and Rosacea Photos/gram-negative-folliculitis-1.jpg
0,E:\MedicalData\kagglechallenge\Dermnet\train/Acne and Rosacea Photos/hidradenitis-suppurativa-1.jpg
0,E:\MedicalData\kagglechallenge\Dermnet\train/Acne and Rosacea Photos/hidradenitis-suppurativa-10.jpg
0,E:\MedicalData\kagglechallenge\Dermnet\train/Acne and Rosacea Photos/hidradenitis-suppurativa-100.jpg
0,E:\MedicalData\kagglechallenge\Dermnet\train/Acne and Rosacea Photos/hidradenitis-suppurativa-101.jpg
0,E:\MedicalData\kagglechallenge\Dermnet\train/Acne and Rosacea Photos/hidradenitis-suppurativa-102.jpg
0,E:\MedicalData\kagglechallenge\Dermnet\train/Acne and Rosacea Photos/hidradenitis-suppurativa-103.jpg
0,E:\MedicalData\kagglechallenge\Dermnet\train/Acne and Rosacea Photos/hidradenitis-suppurativa-105.jpg
0,E:\MedicalData\kagglechallenge\Dermnet\train/Acne and Rosacea Photos/hidradenitis-suppurativa-106.jpg
0,E:\MedicalData\kagglechallenge\Dermnet\train/Acne and Rosacea Photos/hidradenitis-suppurativa-11.jpg
0,E:\MedicalData\kagglechallenge\Dermnet\train/Acne and Rosacea Photos/hidradenitis-suppurativa-12.jpg
0,E:\MedicalData\kagglechallenge\Dermnet\train/Acne and Rosacea Photos/hidradenitis-suppurativa-13.jpg
0,E:\MedicalData\kagglechallenge\Dermnet\train/Acne and Rosacea Photos/hidradenitis-suppurativa-14.jpg
0,E:\MedicalData\kagglechallenge\Dermnet\train/Acne and Rosacea Photos/hidradenitis-suppurativa-16.jpg
0,E:\MedicalData\kagglechallenge\Dermnet\train/Acne and Rosacea Photos/hidradenitis-suppurativa-17.jpg
0,E:\MedicalData\kagglechallenge\Dermnet\train/Acne and Rosacea Photos/hidradenitis-suppurativa-18.jpg
0,E:\MedicalData\kagglechallenge\Dermnet\train/Acne and Rosacea Photos/hidradenitis-suppurativa-2.jpg
0,E:\MedicalData\kagglechallenge\Dermnet\train/Acne and Rosacea Photos/hidradenitis-suppurativa-20.jpg
0,E:\MedicalData\kagglechallenge\Dermnet\train/Acne and Rosacea Photos/hidradenitis-suppurativa-21.jpg
0,E:\MedicalData\kagglechallenge\Dermnet\train/Acne and Rosacea Photos/hidradenitis-suppurativa-22.jpg
0,E:\MedicalData\kagglechallenge\Dermnet\train/Acne and Rosacea Photos/hidradenitis-suppurativa-23.jpg
0,E:\MedicalData\kagglechallenge\Dermnet\train/Acne and Rosacea Photos/hidradenitis-suppurativa-24.jpg
0,E:\MedicalData\kagglechallenge\Dermnet\train/Acne and Rosacea Photos/hidradenitis-suppurativa-25.jpg
0,E:\MedicalData\kagglechallenge\Dermnet\train/Acne and Rosacea Photos/hidradenitis-suppurativa-26.jpg
0,E:\MedicalData\kagglechallenge\Dermnet\train/Acne and Rosacea Photos/hidradenitis-suppurativa-27.jpg
0,E:\MedicalData\kagglechallenge\Dermnet\train/Acne and Rosacea Photos/hidradenitis-suppurativa-28.jpg
0,E:\MedicalData\kagglechallenge\Dermnet\train/Acne and Rosacea Photos/hidradenitis-suppurativa-29.jpg
0,E:\MedicalData\kagglechallenge\Dermnet\train/Acne and Rosacea Photos/hidradenitis-suppurativa-3.jpg
0,E:\MedicalData\kagglechallenge\Dermnet\train/Acne and Rosacea Photos/hidradenitis-suppurativa-30.jpg
0,E:\MedicalData\kagglechallenge\Dermnet\train/Acne and Rosacea Photos/hidradenitis-suppurativa-31.jpg
0,E:\MedicalData\kagglechallenge\Dermnet\train/Acne and Rosacea Photos/hidradenitis-suppurativa-32.jpg
0,E:\MedicalData\kagglechallenge\Dermnet\train/Acne and Rosacea Photos/hidradenitis-suppurativa-34.jpg
0,E:\MedicalData\kagglechallenge\Dermnet\train/Acne and Rosacea Photos/hidradenitis-suppurativa-36.jpg
0,E:\MedicalData\kagglechallenge\Dermnet\train/Acne and Rosacea Photos/hidradenitis-suppurativa-37.jpg
0,E:\MedicalData\kagglechallenge\Dermnet\train/Acne and Rosacea Photos/hidradenitis-suppurativa-38.jpg
0,E:\MedicalData\kagglechallenge\Dermnet\train/Acne and Rosacea Photos/hidradenitis-suppurativa-39.jpg
0,E:\MedicalData\kagglechallenge\Dermnet\train/Acne and Rosacea Photos/hidradenitis-suppurativa-4.jpg
0,E:\MedicalData\kagglechallenge\Dermnet\train/Acne and Rosacea Photos/hidradenitis-suppurativa-40.jpg
0,E:\MedicalData\kagglechallenge\Dermnet\train/Acne and Rosacea Photos/hidradenitis-suppurativa-41.jpg
0,E:\MedicalData\kagglechallenge\Dermnet\train/Acne and Rosacea Photos/hidradenitis-suppurativa-45.jpg
0,E:\MedicalData\kagglechallenge\Dermnet\train/Acne and Rosacea Photos/hidradenitis-suppurativa-46.jpg
0,E:\MedicalData\kagglechallenge\Dermnet\train/Acne and Rosacea Photos/hidradenitis-suppurativa-47.jpg
0,E:\MedicalData\kagglechallenge\Dermnet\train/Acne and Rosacea Photos/hidradenitis-suppurativa-48.jpg
0,E:\MedicalData\kagglechallenge\Dermnet\train/Acne and Rosacea Photos/hidradenitis-suppurativa-49.jpg
0,E:\MedicalData\kagglechallenge\Dermnet\train/Acne and Rosacea Photos/hidradenitis-suppurativa-5.jpg
0,E:\MedicalData\kagglechallenge\Dermnet\train/Acne and Rosacea Photos/hidradenitis-suppurativa-50.jpg
0,E:\MedicalData\kagglechallenge\Dermnet\train/Acne and Rosacea Photos/hidradenitis-suppurativa-51.jpg
0,E:\MedicalData\kagglechallenge\Dermnet\train/Acne and Rosacea Photos/hidradenitis-suppurativa-52.jpg
0,E:\MedicalData\kagglechallenge\Dermnet\train/Acne and Rosacea Photos/hidradenitis-suppurativa-53.jpg
0,E:\MedicalData\kagglechallenge\Dermnet\train/Acne and Rosacea Photos/hidradenitis-suppurativa-54.jpg
0,E:\MedicalData\kagglechallenge\Dermnet\train/Acne and Rosacea Photos/hidradenitis-suppurativa-55.jpg
0,E:\MedicalData\kagglechallenge\Dermnet\train/Acne and Rosacea Photos/hidradenitis-suppurativa-57.jpg
0,E:\MedicalData\kagglechallenge\Dermnet\train/Acne and Rosacea Photos/hidradenitis-suppurativa-6.jpg
0,E:\MedicalData\kagglechallenge\Dermnet\train/Acne and Rosacea Photos/hidradenitis-suppurativa-60.jpg
0,E:\MedicalData\kagglechallenge\Dermnet\train/Acne and Rosacea Photos/hidradenitis-suppurativa-61.jpg
0,E:\MedicalData\kagglechallenge\Dermnet\train/Acne and Rosacea Photos/hidradenitis-suppurativa-63.jpg
0,E:\MedicalData\kagglechallenge\Dermnet\train/Acne and Rosacea Photos/hidradenitis-suppurativa-64.jpg
0,E:\MedicalData\kagglechallenge\Dermnet\train/Acne and Rosacea Photos/hidradenitis-suppurativa-65.jpg
0,E:\MedicalData\kagglechallenge\Dermnet\train/Acne and Rosacea Photos/hidradenitis-suppurativa-66.jpg
0,E:\MedicalData\kagglechallenge\Dermnet\train/Acne and Rosacea Photos/hidradenitis-suppurativa-67.jpg
0,E:\MedicalData\kagglechallenge\Dermnet\train/Acne and Rosacea Photos/hidradenitis-suppurativa-69.jpg
0,E:\MedicalData\kagglechallenge\Dermnet\train/Acne and Rosacea Photos/hidradenitis-suppurativa-7.jpg
0,E:\MedicalData\kagglechallenge\Dermnet\train/Acne and Rosacea Photos/hidradenitis-suppurativa-70.jpg
0,E:\MedicalData\kagglechallenge\Dermnet\train/Acne and Rosacea Photos/hidradenitis-suppurativa-72.jpg
0,E:\MedicalData\kagglechallenge\Dermnet\train/Acne and Rosacea Photos/hidradenitis-suppurativa-73.jpg
0,E:\MedicalData\kagglechallenge\Dermnet\train/Acne and Rosacea Photos/hidradenitis-suppurativa-75.jpg
0,E:\MedicalData\kagglechallenge\Dermnet\train/Acne and Rosacea Photos/hidradenitis-suppurativa-76.jpg
0,E:\MedicalData\kagglechallenge\Dermnet\train/Acne and Rosacea Photos/hidradenitis-suppurativa-77.jpg
0,E:\MedicalData\kagglechallenge\Dermnet\train/Acne and Rosacea Photos/hidradenitis-suppurativa-80.jpg
0,E:\MedicalData\kagglechallenge\Dermnet\train/Acne and Rosacea Photos/hidradenitis-suppurativa-81.jpg
0,E:\MedicalData\kagglechallenge\Dermnet\train/Acne and Rosacea Photos/hidradenitis-suppurativa-83.jpg
0,E:\MedicalData\kagglechallenge\Dermnet\train/Acne and Rosacea Photos/hidradenitis-suppurativa-84.jpg
0,E:\MedicalData\kagglechallenge\Dermnet\train/Acne and Rosacea Photos/hidradenitis-suppurativa-85.jpg
0,E:\MedicalData\kagglechallenge\Dermnet\train/Acne and Rosacea Photos/hidradenitis-suppurativa-86.jpg
0,E:\MedicalData\kagglechallenge\Dermnet\train/Acne and Rosacea Photos/hidradenitis-suppurativa-87.jpg
0,E:\MedicalData\kagglechallenge\Dermnet\train/Acne and Rosacea Photos/hidradenitis-suppurativa-9.jpg
0,E:\MedicalData\kagglechallenge\Dermnet\train/Acne and Rosacea Photos/hidradenitis-suppurativa-90.jpg
0,E:\MedicalData\kagglechallenge\Dermnet\train/Acne and Rosacea Photos/hidradenitis-suppurativa-91.jpg
0,E:\MedicalData\kagglechallenge\Dermnet\train/Acne and Rosacea Photos/hidradenitis-suppurativa-92.jpg
0,E:\MedicalData\kagglechallenge\Dermnet\train/Acne and Rosacea Photos/hidradenitis-suppurativa-96.jpg
0,E:\MedicalData\kagglechallenge\Dermnet\train/Acne and Rosacea Photos/hidradenitis-suppurativa-97.jpg
0,E:\MedicalData\kagglechallenge\Dermnet\train/Acne and Rosacea Photos/hidradenitis-suppurativa-98.jpg
0,E:\MedicalData\kagglechallenge\Dermnet\train/Acne and Rosacea Photos/hidradenitis-suppurativa-99.jpg
0,E:\MedicalData\kagglechallenge\Dermnet\train/Acne and Rosacea Photos/hidradenitis-Suppurativa-Areola-1.jpg
0,E:\MedicalData\kagglechallenge\Dermnet\train/Acne and Rosacea Photos/hyperhidrosis-1.jpg
0,E:\MedicalData\kagglechallenge\Dermnet\train/Acne and Rosacea Photos/hyperhidrosis-2.jpg
0,E:\MedicalData\kagglechallenge\Dermnet\train/Acne and Rosacea Photos/hyperhidrosis-3.jpg
0,E:\MedicalData\kagglechallenge\Dermnet\train/Acne and Rosacea Photos/hyperhidrosis-4.jpg
0,E:\MedicalData\kagglechallenge\Dermnet\train/Acne and Rosacea Photos/hyperhidrosis-5.jpg
0,E:\MedicalData\kagglechallenge\Dermnet\train/Acne and Rosacea Photos/milia-1.jpg
0,E:\MedicalData\kagglechallenge\Dermnet\train/Acne and Rosacea Photos/milia-10.jpg
0,E:\MedicalData\kagglechallenge\Dermnet\train/Acne and Rosacea Photos/milia-11.jpg
0,E:\MedicalData\kagglechallenge\Dermnet\train/Acne and Rosacea Photos/milia-12.jpg
0,E:\MedicalData\kagglechallenge\Dermnet\train/Acne and Rosacea Photos/milia-13.jpg
0,E:\MedicalData\kagglechallenge\Dermnet\train/Acne and Rosacea Photos/milia-14.jpg
0,E:\MedicalData\kagglechallenge\Dermnet\train/Acne and Rosacea Photos/milia-15.jpg
0,E:\MedicalData\kagglechallenge\Dermnet\train/Acne and Rosacea Photos/milia-16.jpg
0,E:\MedicalData\kagglechallenge\Dermnet\train/Acne and Rosacea Photos/milia-17.jpg
0,E:\MedicalData\kagglechallenge\Dermnet\train/Acne and Rosacea Photos/milia-18.jpg
0,E:\MedicalData\kagglechallenge\Dermnet\train/Acne and Rosacea Photos/milia-4.jpg
0,E:\MedicalData\kagglechallenge\Dermnet\train/Acne and Rosacea Photos/milia-5.jpg
0,E:\MedicalData\kagglechallenge\Dermnet\train/Acne and Rosacea Photos/milia-6.jpg
0,E:\MedicalData\kagglechallenge\Dermnet\train/Acne and Rosacea Photos/milia-8.jpg
0,E:\MedicalData\kagglechallenge\Dermnet\train/Acne and Rosacea Photos/milia-9.jpg
0,E:\MedicalData\kagglechallenge\Dermnet\train/Acne and Rosacea Photos/minocycline-pigmentation-10.jpg
0,E:\MedicalData\kagglechallenge\Dermnet\train/Acne and Rosacea Photos/minocycline-pigmentation-12.jpg
0,E:\MedicalData\kagglechallenge\Dermnet\train/Acne and Rosacea Photos/minocycline-pigmentation-2.jpg
0,E:\MedicalData\kagglechallenge\Dermnet\train/Acne and Rosacea Photos/minocycline-pigmentation-3.jpg
0,E:\MedicalData\kagglechallenge\Dermnet\train/Acne and Rosacea Photos/minocycline-pigmentation-4.jpg
0,E:\MedicalData\kagglechallenge\Dermnet\train/Acne and Rosacea Photos/minocycline-pigmentation-8.jpg
0,E:\MedicalData\kagglechallenge\Dermnet\train/Acne and Rosacea Photos/minocycline-pigmentation-9.jpg
0,E:\MedicalData\kagglechallenge\Dermnet\train/Acne and Rosacea Photos/nevus-comedonicus-1.jpg
0,E:\MedicalData\kagglechallenge\Dermnet\train/Acne and Rosacea Photos/nevus-comedonicus-2.jpg
0,E:\MedicalData\kagglechallenge\Dermnet\train/Acne and Rosacea Photos/nevus-comedonicus-3.jpg
0,E:\MedicalData\kagglechallenge\Dermnet\train/Acne and Rosacea Photos/nevus-comedonicus-4.jpg
0,E:\MedicalData\kagglechallenge\Dermnet\train/Acne and Rosacea Photos/nevus-comedonicus-5.jpg
0,E:\MedicalData\kagglechallenge\Dermnet\train/Acne and Rosacea Photos/nevus-comedonicus-8.jpg
0,E:\MedicalData\kagglechallenge\Dermnet\train/Acne and Rosacea Photos/perioral-dermatitis-1.jpg
0,E:\MedicalData\kagglechallenge\Dermnet\train/Acne and Rosacea Photos/perioral-dermatitis-10.jpg
0,E:\MedicalData\kagglechallenge\Dermnet\train/Acne and Rosacea Photos/perioral-dermatitis-100.jpg
0,E:\MedicalData\kagglechallenge\Dermnet\train/Acne and Rosacea Photos/perioral-dermatitis-101.jpg
0,E:\MedicalData\kagglechallenge\Dermnet\train/Acne and Rosacea Photos/perioral-dermatitis-104.jpg
0,E:\MedicalData\kagglechallenge\Dermnet\train/Acne and Rosacea Photos/perioral-dermatitis-105.jpg
0,E:\MedicalData\kagglechallenge\Dermnet\train/Acne and Rosacea Photos/perioral-dermatitis-106.jpg
0,E:\MedicalData\kagglechallenge\Dermnet\train/Acne and Rosacea Photos/perioral-dermatitis-107.jpg
0,E:\MedicalData\kagglechallenge\Dermnet\train/Acne and Rosacea Photos/perioral-dermatitis-109.jpg
0,E:\MedicalData\kagglechallenge\Dermnet\train/Acne and Rosacea Photos/perioral-dermatitis-11.jpg
0,E:\MedicalData\kagglechallenge\Dermnet\train/Acne and Rosacea Photos/perioral-dermatitis-110.jpg
0,E:\MedicalData\kagglechallenge\Dermnet\train/Acne and Rosacea Photos/perioral-dermatitis-111.jpg
0,E:\MedicalData\kagglechallenge\Dermnet\train/Acne and Rosacea Photos/perioral-dermatitis-114.jpg
0,E:\MedicalData\kagglechallenge\Dermnet\train/Acne and Rosacea Photos/perioral-dermatitis-115.jpg
0,E:\MedicalData\kagglechallenge\Dermnet\train/Acne and Rosacea Photos/perioral-dermatitis-117.jpg
0,E:\MedicalData\kagglechallenge\Dermnet\train/Acne and Rosacea Photos/perioral-dermatitis-118.jpg
0,E:\MedicalData\kagglechallenge\Dermnet\train/Acne and Rosacea Photos/perioral-dermatitis-119.jpg
0,E:\MedicalData\kagglechallenge\Dermnet\train/Acne and Rosacea Photos/perioral-dermatitis-12.jpg
0,E:\MedicalData\kagglechallenge\Dermnet\train/Acne and Rosacea Photos/perioral-dermatitis-120.jpg
0,E:\MedicalData\kagglechallenge\Dermnet\train/Acne and Rosacea Photos/perioral-dermatitis-121.jpg
0,E:\MedicalData\kagglechallenge\Dermnet\train/Acne and Rosacea Photos/perioral-dermatitis-122.jpg
0,E:\MedicalData\kagglechallenge\Dermnet\train/Acne and Rosacea Photos/perioral-dermatitis-123.jpg
0,E:\MedicalData\kagglechallenge\Dermnet\train/Acne and Rosacea Photos/perioral-dermatitis-124.jpg
0,E:\MedicalData\kagglechallenge\Dermnet\train/Acne and Rosacea Photos/perioral-dermatitis-125.jpg
0,E:\MedicalData\kagglechallenge\Dermnet\train/Acne and Rosacea Photos/perioral-dermatitis-126.jpg
0,E:\MedicalData\kagglechallenge\Dermnet\train/Acne and Rosacea Photos/perioral-dermatitis-128.jpg
0,E:\MedicalData\kagglechallenge\Dermnet\train/Acne and Rosacea Photos/perioral-dermatitis-129.jpg
0,E:\MedicalData\kagglechallenge\Dermnet\train/Acne and Rosacea Photos/perioral-dermatitis-13.jpg
0,E:\MedicalData\kagglechallenge\Dermnet\train/Acne and Rosacea Photos/perioral-dermatitis-130.jpg
0,E:\MedicalData\kagglechallenge\Dermnet\train/Acne and Rosacea Photos/perioral-dermatitis-131.jpg
0,E:\MedicalData\kagglechallenge\Dermnet\train/Acne and Rosacea Photos/perioral-dermatitis-132.jpg
0,E:\MedicalData\kagglechallenge\Dermnet\train/Acne and Rosacea Photos/perioral-dermatitis-133.jpg
0,E:\MedicalData\kagglechallenge\Dermnet\train/Acne and Rosacea Photos/perioral-dermatitis-134.jpg
0,E:\MedicalData\kagglechallenge\Dermnet\train/Acne and Rosacea Photos/perioral-dermatitis-135.jpg
0,E:\MedicalData\kagglechallenge\Dermnet\train/Acne and Rosacea Photos/perioral-dermatitis-136.jpg
0,E:\MedicalData\kagglechallenge\Dermnet\train/Acne and Rosacea Photos/perioral-dermatitis-137.jpg
0,E:\MedicalData\kagglechallenge\Dermnet\train/Acne and Rosacea Photos/perioral-dermatitis-139.jpg
0,E:\MedicalData\kagglechallenge\Dermnet\train/Acne and Rosacea Photos/perioral-dermatitis-14.jpg
0,E:\MedicalData\kagglechallenge\Dermnet\train/Acne and Rosacea Photos/perioral-dermatitis-140.jpg
0,E:\MedicalData\kagglechallenge\Dermnet\train/Acne and Rosacea Photos/perioral-dermatitis-141.jpg
0,E:\MedicalData\kagglechallenge\Dermnet\train/Acne and Rosacea Photos/perioral-dermatitis-15.jpg
0,E:\MedicalData\kagglechallenge\Dermnet\train/Acne and Rosacea Photos/perioral-dermatitis-16.jpg
0,E:\MedicalData\kagglechallenge\Dermnet\train/Acne and Rosacea Photos/perioral-dermatitis-18.jpg
0,E:\MedicalData\kagglechallenge\Dermnet\train/Acne and Rosacea Photos/perioral-dermatitis-19.jpg
0,E:\MedicalData\kagglechallenge\Dermnet\train/Acne and Rosacea Photos/perioral-dermatitis-2.jpg
0,E:\MedicalData\kagglechallenge\Dermnet\train/Acne and Rosacea Photos/perioral-dermatitis-20.jpg
0,E:\MedicalData\kagglechallenge\Dermnet\train/Acne and Rosacea Photos/perioral-dermatitis-21.jpg
0,E:\MedicalData\kagglechallenge\Dermnet\train/Acne and Rosacea Photos/perioral-dermatitis-22.jpg
0,E:\MedicalData\kagglechallenge\Dermnet\train/Acne and Rosacea Photos/perioral-dermatitis-23.jpg
0,E:\MedicalData\kagglechallenge\Dermnet\train/Acne and Rosacea Photos/perioral-dermatitis-24.jpg
0,E:\MedicalData\kagglechallenge\Dermnet\train/Acne and Rosacea Photos/perioral-dermatitis-26.jpg
0,E:\MedicalData\kagglechallenge\Dermnet\train/Acne and Rosacea Photos/perioral-dermatitis-27.jpg
0,E:\MedicalData\kagglechallenge\Dermnet\train/Acne and Rosacea Photos/perioral-dermatitis-28.jpg
0,E:\MedicalData\kagglechallenge\Dermnet\train/Acne and Rosacea Photos/perioral-dermatitis-29.jpg
0,E:\MedicalData\kagglechallenge\Dermnet\train/Acne and Rosacea Photos/perioral-dermatitis-3.jpg
0,E:\MedicalData\kagglechallenge\Dermnet\train/Acne and Rosacea Photos/perioral-dermatitis-30.jpg
0,E:\MedicalData\kagglechallenge\Dermnet\train/Acne and Rosacea Photos/perioral-dermatitis-32.jpg
0,E:\MedicalData\kagglechallenge\Dermnet\train/Acne and Rosacea Photos/perioral-dermatitis-33.jpg
0,E:\MedicalData\kagglechallenge\Dermnet\train/Acne and Rosacea Photos/perioral-dermatitis-34.jpg
0,E:\MedicalData\kagglechallenge\Dermnet\train/Acne and Rosacea Photos/perioral-dermatitis-35.jpg
0,E:\MedicalData\kagglechallenge\Dermnet\train/Acne and Rosacea Photos/perioral-dermatitis-36.jpg
0,E:\MedicalData\kagglechallenge\Dermnet\train/Acne and Rosacea Photos/perioral-dermatitis-37.jpg
0,E:\MedicalData\kagglechallenge\Dermnet\train/Acne and Rosacea Photos/perioral-dermatitis-38.jpg
0,E:\MedicalData\kagglechallenge\Dermnet\train/Acne and Rosacea Photos/perioral-dermatitis-39.jpg
0,E:\MedicalData\kagglechallenge\Dermnet\train/Acne and Rosacea Photos/perioral-dermatitis-4.jpg
0,E:\MedicalData\kagglechallenge\Dermnet\train/Acne and Rosacea Photos/perioral-dermatitis-40.jpg
0,E:\MedicalData\kagglechallenge\Dermnet\train/Acne and Rosacea Photos/perioral-dermatitis-43.jpg
0,E:\MedicalData\kagglechallenge\Dermnet\train/Acne and Rosacea Photos/perioral-dermatitis-44.jpg
0,E:\MedicalData\kagglechallenge\Dermnet\train/Acne and Rosacea Photos/perioral-dermatitis-46.jpg
0,E:\MedicalData\kagglechallenge\Dermnet\train/Acne and Rosacea Photos/perioral-dermatitis-47.jpg
0,E:\MedicalData\kagglechallenge\Dermnet\train/Acne and Rosacea Photos/perioral-dermatitis-48.jpg
0,E:\MedicalData\kagglechallenge\Dermnet\train/Acne and Rosacea Photos/perioral-dermatitis-49.jpg
0,E:\MedicalData\kagglechallenge\Dermnet\train/Acne and Rosacea Photos/perioral-dermatitis-5.jpg
0,E:\MedicalData\kagglechallenge\Dermnet\train/Acne and Rosacea Photos/perioral-dermatitis-50.jpg
0,E:\MedicalData\kagglechallenge\Dermnet\train/Acne and Rosacea Photos/perioral-dermatitis-52.jpg
0,E:\MedicalData\kagglechallenge\Dermnet\train/Acne and Rosacea Photos/perioral-dermatitis-53.jpg
0,E:\MedicalData\kagglechallenge\Dermnet\train/Acne and Rosacea Photos/perioral-dermatitis-54.jpg
0,E:\MedicalData\kagglechallenge\Dermnet\train/Acne and Rosacea Photos/perioral-dermatitis-56.jpg
0,E:\MedicalData\kagglechallenge\Dermnet\train/Acne and Rosacea Photos/perioral-dermatitis-59.jpg
0,E:\MedicalData\kagglechallenge\Dermnet\train/Acne and Rosacea Photos/perioral-dermatitis-82.jpg
0,E:\MedicalData\kagglechallenge\Dermnet\train/Acne and Rosacea Photos/perioral-dermatitis-83.jpg
0,E:\MedicalData\kagglechallenge\Dermnet\train/Acne and Rosacea Photos/perioral-dermatitis-84.jpg
0,E:\MedicalData\kagglechallenge\Dermnet\train/Acne and Rosacea Photos/perioral-dermatitis-85.jpg
0,E:\MedicalData\kagglechallenge\Dermnet\train/Acne and Rosacea Photos/perioral-dermatitis-86.jpg
0,E:\MedicalData\kagglechallenge\Dermnet\train/Acne and Rosacea Photos/perioral-dermatitis-87.jpg
0,E:\MedicalData\kagglechallenge\Dermnet\train/Acne and Rosacea Photos/perioral-dermatitis-88.jpg
0,E:\MedicalData\kagglechallenge\Dermnet\train/Acne and Rosacea Photos/perioral-dermatitis-89.jpg
0,E:\MedicalData\kagglechallenge\Dermnet\train/Acne and Rosacea Photos/perioral-dermatitis-9.jpg
0,E:\MedicalData\kagglechallenge\Dermnet\train/Acne and Rosacea Photos/perioral-dermatitis-90.jpg
0,E:\MedicalData\kagglechallenge\Dermnet\train/Acne and Rosacea Photos/perioral-dermatitis-91.jpg
0,E:\MedicalData\kagglechallenge\Dermnet\train/Acne and Rosacea Photos/perioral-dermatitis-92.jpg
0,E:\MedicalData\kagglechallenge\Dermnet\train/Acne and Rosacea Photos/perioral-dermatitis-93.jpg
0,E:\MedicalData\kagglechallenge\Dermnet\train/Acne and Rosacea Photos/perioral-dermatitis-94.jpg
0,E:\MedicalData\kagglechallenge\Dermnet\train/Acne and Rosacea Photos/perioral-dermatitis-95.jpg
0,E:\MedicalData\kagglechallenge\Dermnet\train/Acne and Rosacea Photos/perioral-dermatitis-96.jpg
0,E:\MedicalData\kagglechallenge\Dermnet\train/Acne and Rosacea Photos/perioral-dermatitis-97.jpg
0,E:\MedicalData\kagglechallenge\Dermnet\train/Acne and Rosacea Photos/perioral-dermatitis-98.jpg
0,E:\MedicalData\kagglechallenge\Dermnet\train/Acne and Rosacea Photos/perioral-dermatitis-99.jpg
0,E:\MedicalData\kagglechallenge\Dermnet\train/Acne and Rosacea Photos/rhinophyma-1.jpg
0,E:\MedicalData\kagglechallenge\Dermnet\train/Acne and Rosacea Photos/rhinophyma-2.jpg
0,E:\MedicalData\kagglechallenge\Dermnet\train/Acne and Rosacea Photos/rhinophyma-4.jpg
0,E:\MedicalData\kagglechallenge\Dermnet\train/Acne and Rosacea Photos/rhinophyma.jpg
0,E:\MedicalData\kagglechallenge\Dermnet\train/Acne and Rosacea Photos/rosacea-101.jpg
0,E:\MedicalData\kagglechallenge\Dermnet\train/Acne and Rosacea Photos/rosacea-102.jpg
0,E:\MedicalData\kagglechallenge\Dermnet\train/Acne and Rosacea Photos/rosacea-103.jpg
0,E:\MedicalData\kagglechallenge\Dermnet\train/Acne and Rosacea Photos/rosacea-105.jpg
0,E:\MedicalData\kagglechallenge\Dermnet\train/Acne and Rosacea Photos/rosacea-106.jpg
0,E:\MedicalData\kagglechallenge\Dermnet\train/Acne and Rosacea Photos/rosacea-107.jpg
0,E:\MedicalData\kagglechallenge\Dermnet\train/Acne and Rosacea Photos/rosacea-108.jpg
0,E:\MedicalData\kagglechallenge\Dermnet\train/Acne and Rosacea Photos/rosacea-11.jpg
0,E:\MedicalData\kagglechallenge\Dermnet\train/Acne and Rosacea Photos/rosacea-110.jpg
0,E:\MedicalData\kagglechallenge\Dermnet\train/Acne and Rosacea Photos/rosacea-111.jpg
0,E:\MedicalData\kagglechallenge\Dermnet\train/Acne and Rosacea Photos/rosacea-113.jpg
0,E:\MedicalData\kagglechallenge\Dermnet\train/Acne and Rosacea Photos/rosacea-114.jpg
0,E:\MedicalData\kagglechallenge\Dermnet\train/Acne and Rosacea Photos/rosacea-115.jpg
0,E:\MedicalData\kagglechallenge\Dermnet\train/Acne and Rosacea Photos/rosacea-116.jpg
0,E:\MedicalData\kagglechallenge\Dermnet\train/Acne and Rosacea Photos/rosacea-117.jpg
0,E:\MedicalData\kagglechallenge\Dermnet\train/Acne and Rosacea Photos/rosacea-118.jpg
0,E:\MedicalData\kagglechallenge\Dermnet\train/Acne and Rosacea Photos/rosacea-12.jpg
0,E:\MedicalData\kagglechallenge\Dermnet\train/Acne and Rosacea Photos/rosacea-13.jpg
0,E:\MedicalData\kagglechallenge\Dermnet\train/Acne and Rosacea Photos/rosacea-14.jpg
0,E:\MedicalData\kagglechallenge\Dermnet\train/Acne and Rosacea Photos/rosacea-15.jpg
0,E:\MedicalData\kagglechallenge\Dermnet\train/Acne and Rosacea Photos/rosacea-16.jpg
0,E:\MedicalData\kagglechallenge\Dermnet\train/Acne and Rosacea Photos/rosacea-17.jpg
0,E:\MedicalData\kagglechallenge\Dermnet\train/Acne and Rosacea Photos/rosacea-18.jpg
0,E:\MedicalData\kagglechallenge\Dermnet\train/Acne and Rosacea Photos/rosacea-19.jpg
0,E:\MedicalData\kagglechallenge\Dermnet\train/Acne and Rosacea Photos/rosacea-2.jpg
0,E:\MedicalData\kagglechallenge\Dermnet\train/Acne and Rosacea Photos/rosacea-20.jpg
0,E:\MedicalData\kagglechallenge\Dermnet\train/Acne and Rosacea Photos/rosacea-21.jpg
0,E:\MedicalData\kagglechallenge\Dermnet\train/Acne and Rosacea Photos/rosacea-22.jpg
0,E:\MedicalData\kagglechallenge\Dermnet\train/Acne and Rosacea Photos/rosacea-24.jpg
0,E:\MedicalData\kagglechallenge\Dermnet\train/Acne and Rosacea Photos/rosacea-25.jpg
0,E:\MedicalData\kagglechallenge\Dermnet\train/Acne and Rosacea Photos/rosacea-26.jpg
0,E:\MedicalData\kagglechallenge\Dermnet\train/Acne and Rosacea Photos/rosacea-27.jpg
0,E:\MedicalData\kagglechallenge\Dermnet\train/Acne and Rosacea Photos/rosacea-29.jpg
0,E:\MedicalData\kagglechallenge\Dermnet\train/Acne and Rosacea Photos/rosacea-3.jpg
0,E:\MedicalData\kagglechallenge\Dermnet\train/Acne and Rosacea Photos/rosacea-30.jpg
0,E:\MedicalData\kagglechallenge\Dermnet\train/Acne and Rosacea Photos/rosacea-32.jpg
0,E:\MedicalData\kagglechallenge\Dermnet\train/Acne and Rosacea Photos/rosacea-33.jpg
0,E:\MedicalData\kagglechallenge\Dermnet\train/Acne and Rosacea Photos/rosacea-34.jpg
0,E:\MedicalData\kagglechallenge\Dermnet\train/Acne and Rosacea Photos/rosacea-35.jpg
0,E:\MedicalData\kagglechallenge\Dermnet\train/Acne and Rosacea Photos/rosacea-36.jpg
0,E:\MedicalData\kagglechallenge\Dermnet\train/Acne and Rosacea Photos/rosacea-37.jpg
0,E:\MedicalData\kagglechallenge\Dermnet\train/Acne and Rosacea Photos/rosacea-38.jpg
0,E:\MedicalData\kagglechallenge\Dermnet\train/Acne and Rosacea Photos/rosacea-4.jpg
0,E:\MedicalData\kagglechallenge\Dermnet\train/Acne and Rosacea Photos/rosacea-40.jpg
0,E:\MedicalData\kagglechallenge\Dermnet\train/Acne and Rosacea Photos/rosacea-41.jpg
0,E:\MedicalData\kagglechallenge\Dermnet\train/Acne and Rosacea Photos/rosacea-42.jpg
0,E:\MedicalData\kagglechallenge\Dermnet\train/Acne and Rosacea Photos/rosacea-43.jpg
0,E:\MedicalData\kagglechallenge\Dermnet\train/Acne and Rosacea Photos/rosacea-44.jpg
0,E:\MedicalData\kagglechallenge\Dermnet\train/Acne and Rosacea Photos/rosacea-45.jpg
0,E:\MedicalData\kagglechallenge\Dermnet\train/Acne and Rosacea Photos/rosacea-46.jpg
0,E:\MedicalData\kagglechallenge\Dermnet\train/Acne and Rosacea Photos/rosacea-47.jpg
0,E:\MedicalData\kagglechallenge\Dermnet\train/Acne and Rosacea Photos/rosacea-49.jpg
0,E:\MedicalData\kagglechallenge\Dermnet\train/Acne and Rosacea Photos/rosacea-50.jpg
0,E:\MedicalData\kagglechallenge\Dermnet\train/Acne and Rosacea Photos/rosacea-51.jpg
0,E:\MedicalData\kagglechallenge\Dermnet\train/Acne and Rosacea Photos/rosacea-53.jpg
0,E:\MedicalData\kagglechallenge\Dermnet\train/Acne and Rosacea Photos/rosacea-54.jpg
0,E:\MedicalData\kagglechallenge\Dermnet\train/Acne and Rosacea Photos/rosacea-55.jpg
0,E:\MedicalData\kagglechallenge\Dermnet\train/Acne and Rosacea Photos/rosacea-56.jpg
0,E:\MedicalData\kagglechallenge\Dermnet\train/Acne and Rosacea Photos/rosacea-57.jpg
0,E:\MedicalData\kagglechallenge\Dermnet\train/Acne and Rosacea Photos/rosacea-58.jpg
0,E:\MedicalData\kagglechallenge\Dermnet\train/Acne and Rosacea Photos/rosacea-6.jpg
0,E:\MedicalData\kagglechallenge\Dermnet\train/Acne and Rosacea Photos/rosacea-60.jpg
0,E:\MedicalData\kagglechallenge\Dermnet\train/Acne and Rosacea Photos/rosacea-61.jpg
0,E:\MedicalData\kagglechallenge\Dermnet\train/Acne and Rosacea Photos/rosacea-63.jpg
0,E:\MedicalData\kagglechallenge\Dermnet\train/Acne and Rosacea Photos/rosacea-64.jpg
0,E:\MedicalData\kagglechallenge\Dermnet\train/Acne and Rosacea Photos/rosacea-65.jpg
0,E:\MedicalData\kagglechallenge\Dermnet\train/Acne and Rosacea Photos/rosacea-67.jpg
0,E:\MedicalData\kagglechallenge\Dermnet\train/Acne and Rosacea Photos/rosacea-68.jpg
0,E:\MedicalData\kagglechallenge\Dermnet\train/Acne and Rosacea Photos/rosacea-69.jpg
0,E:\MedicalData\kagglechallenge\Dermnet\train/Acne and Rosacea Photos/rosacea-7.jpg
0,E:\MedicalData\kagglechallenge\Dermnet\train/Acne and Rosacea Photos/rosacea-70.jpg
0,E:\MedicalData\kagglechallenge\Dermnet\train/Acne and Rosacea Photos/rosacea-71.jpg
0,E:\MedicalData\kagglechallenge\Dermnet\train/Acne and Rosacea Photos/rosacea-72.jpg
0,E:\MedicalData\kagglechallenge\Dermnet\train/Acne and Rosacea Photos/rosacea-73.jpg
0,E:\MedicalData\kagglechallenge\Dermnet\train/Acne and Rosacea Photos/rosacea-74.jpg
0,E:\MedicalData\kagglechallenge\Dermnet\train/Acne and Rosacea Photos/rosacea-75.jpg
0,E:\MedicalData\kagglechallenge\Dermnet\train/Acne and Rosacea Photos/rosacea-77.jpg
0,E:\MedicalData\kagglechallenge\Dermnet\train/Acne and Rosacea Photos/rosacea-78.jpg
0,E:\MedicalData\kagglechallenge\Dermnet\train/Acne and Rosacea Photos/rosacea-79.jpg
0,E:\MedicalData\kagglechallenge\Dermnet\train/Acne and Rosacea Photos/rosacea-8.jpg
0,E:\MedicalData\kagglechallenge\Dermnet\train/Acne and Rosacea Photos/rosacea-80.jpg
0,E:\MedicalData\kagglechallenge\Dermnet\train/Acne and Rosacea Photos/rosacea-81.jpg
0,E:\MedicalData\kagglechallenge\Dermnet\train/Acne and Rosacea Photos/rosacea-82.jpg
0,E:\MedicalData\kagglechallenge\Dermnet\train/Acne and Rosacea Photos/rosacea-83.jpg
0,E:\MedicalData\kagglechallenge\Dermnet\train/Acne and Rosacea Photos/rosacea-85.jpg
0,E:\MedicalData\kagglechallenge\Dermnet\train/Acne and Rosacea Photos/rosacea-86.jpg
0,E:\MedicalData\kagglechallenge\Dermnet\train/Acne and Rosacea Photos/rosacea-87.jpg
0,E:\MedicalData\kagglechallenge\Dermnet\train/Acne and Rosacea Photos/rosacea-89.jpg
0,E:\MedicalData\kagglechallenge\Dermnet\train/Acne and Rosacea Photos/rosacea-9.jpg
0,E:\MedicalData\kagglechallenge\Dermnet\train/Acne and Rosacea Photos/rosacea-90.jpg
0,E:\MedicalData\kagglechallenge\Dermnet\train/Acne and Rosacea Photos/rosacea-91.jpg
0,E:\MedicalData\kagglechallenge\Dermnet\train/Acne and Rosacea Photos/rosacea-92.jpg
0,E:\MedicalData\kagglechallenge\Dermnet\train/Acne and Rosacea Photos/rosacea-95.jpg
0,E:\MedicalData\kagglechallenge\Dermnet\train/Acne and Rosacea Photos/rosacea-96.jpg
0,E:\MedicalData\kagglechallenge\Dermnet\train/Acne and Rosacea Photos/rosacea-97.jpg
0,E:\MedicalData\kagglechallenge\Dermnet\train/Acne and Rosacea Photos/rosacea-98.jpg
0,E:\MedicalData\kagglechallenge\Dermnet\train/Acne and Rosacea Photos/rosacea-99.jpg
0,E:\MedicalData\kagglechallenge\Dermnet\train/Acne and Rosacea Photos/rosacea-granulomatous-1.jpg
0,E:\MedicalData\kagglechallenge\Dermnet\train/Acne and Rosacea Photos/rosacea-granulomatous-2.jpg
0,E:\MedicalData\kagglechallenge\Dermnet\train/Acne and Rosacea Photos/rosacea-nose-1.jpg
0,E:\MedicalData\kagglechallenge\Dermnet\train/Acne and Rosacea Photos/rosacea-nose-10.jpg
0,E:\MedicalData\kagglechallenge\Dermnet\train/Acne and Rosacea Photos/rosacea-nose-11.jpg
0,E:\MedicalData\kagglechallenge\Dermnet\train/Acne and Rosacea Photos/rosacea-nose-12.jpg
0,E:\MedicalData\kagglechallenge\Dermnet\train/Acne and Rosacea Photos/rosacea-nose-13.jpg
0,E:\MedicalData\kagglechallenge\Dermnet\train/Acne and Rosacea Photos/rosacea-nose-14.jpg
0,E:\MedicalData\kagglechallenge\Dermnet\train/Acne and Rosacea Photos/rosacea-nose-16.jpg
0,E:\MedicalData\kagglechallenge\Dermnet\train/Acne and Rosacea Photos/rosacea-nose-17.jpg
0,E:\MedicalData\kagglechallenge\Dermnet\train/Acne and Rosacea Photos/rosacea-nose-18.jpg
0,E:\MedicalData\kagglechallenge\Dermnet\train/Acne and Rosacea Photos/rosacea-nose-2.jpg
0,E:\MedicalData\kagglechallenge\Dermnet\train/Acne and Rosacea Photos/rosacea-nose-21.jpg
0,E:\MedicalData\kagglechallenge\Dermnet\train/Acne and Rosacea Photos/rosacea-nose-22.jpg
0,E:\MedicalData\kagglechallenge\Dermnet\train/Acne and Rosacea Photos/rosacea-nose-23.jpg
0,E:\MedicalData\kagglechallenge\Dermnet\train/Acne and Rosacea Photos/rosacea-nose-24.jpg
0,E:\MedicalData\kagglechallenge\Dermnet\train/Acne and Rosacea Photos/rosacea-nose-25.jpg
0,E:\MedicalData\kagglechallenge\Dermnet\train/Acne and Rosacea Photos/rosacea-nose-26.jpg
0,E:\MedicalData\kagglechallenge\Dermnet\train/Acne and Rosacea Photos/rosacea-nose-29.jpg
0,E:\MedicalData\kagglechallenge\Dermnet\train/Acne and Rosacea Photos/rosacea-nose-3.jpg
0,E:\MedicalData\kagglechallenge\Dermnet\train/Acne and Rosacea Photos/rosacea-nose-30.jpg
0,E:\MedicalData\kagglechallenge\Dermnet\train/Acne and Rosacea Photos/rosacea-nose-31.jpg
0,E:\MedicalData\kagglechallenge\Dermnet\train/Acne and Rosacea Photos/rosacea-nose-32.jpg
0,E:\MedicalData\kagglechallenge\Dermnet\train/Acne and Rosacea Photos/rosacea-nose-33.jpg
0,E:\MedicalData\kagglechallenge\Dermnet\train/Acne and Rosacea Photos/rosacea-nose-34.jpg
0,E:\MedicalData\kagglechallenge\Dermnet\train/Acne and Rosacea Photos/rosacea-nose-35.jpg
0,E:\MedicalData\kagglechallenge\Dermnet\train/Acne and Rosacea Photos/rosacea-nose-36.jpg
0,E:\MedicalData\kagglechallenge\Dermnet\train/Acne and Rosacea Photos/rosacea-nose-37.jpg
0,E:\MedicalData\kagglechallenge\Dermnet\train/Acne and Rosacea Photos/rosacea-nose-38.jpg
0,E:\MedicalData\kagglechallenge\Dermnet\train/Acne and Rosacea Photos/rosacea-nose-39.jpg
0,E:\MedicalData\kagglechallenge\Dermnet\train/Acne and Rosacea Photos/rosacea-nose-4.jpg
0,E:\MedicalData\kagglechallenge\Dermnet\train/Acne and Rosacea Photos/rosacea-nose-41.jpg
0,E:\MedicalData\kagglechallenge\Dermnet\train/Acne and Rosacea Photos/rosacea-nose-42.jpg
0,E:\MedicalData\kagglechallenge\Dermnet\train/Acne and Rosacea Photos/rosacea-nose-43.jpg
0,E:\MedicalData\kagglechallenge\Dermnet\train/Acne and Rosacea Photos/rosacea-nose-44.jpg
0,E:\MedicalData\kagglechallenge\Dermnet\train/Acne and Rosacea Photos/rosacea-nose-46.jpg
0,E:\MedicalData\kagglechallenge\Dermnet\train/Acne and Rosacea Photos/rosacea-nose-47.jpg
0,E:\MedicalData\kagglechallenge\Dermnet\train/Acne and Rosacea Photos/rosacea-nose-49.jpg
0,E:\MedicalData\kagglechallenge\Dermnet\train/Acne and Rosacea Photos/rosacea-nose-5.jpg
0,E:\MedicalData\kagglechallenge\Dermnet\train/Acne and Rosacea Photos/rosacea-nose-50.jpg
0,E:\MedicalData\kagglechallenge\Dermnet\train/Acne and Rosacea Photos/rosacea-nose-51.jpg
0,E:\MedicalData\kagglechallenge\Dermnet\train/Acne and Rosacea Photos/rosacea-nose-52.jpg
0,E:\MedicalData\kagglechallenge\Dermnet\train/Acne and Rosacea Photos/rosacea-nose-53.jpg
0,E:\MedicalData\kagglechallenge\Dermnet\train/Acne and Rosacea Photos/rosacea-nose-54.jpg
0,E:\MedicalData\kagglechallenge\Dermnet\train/Acne and Rosacea Photos/rosacea-nose-55.jpg
0,E:\MedicalData\kagglechallenge\Dermnet\train/Acne and Rosacea Photos/rosacea-nose-56.jpg
0,E:\MedicalData\kagglechallenge\Dermnet\train/Acne and Rosacea Photos/rosacea-nose-58.jpg
0,E:\MedicalData\kagglechallenge\Dermnet\train/Acne and Rosacea Photos/rosacea-nose-59.jpg
0,E:\MedicalData\kagglechallenge\Dermnet\train/Acne and Rosacea Photos/rosacea-nose-6.jpg
0,E:\MedicalData\kagglechallenge\Dermnet\train/Acne and Rosacea Photos/rosacea-nose-60.jpg
0,E:\MedicalData\kagglechallenge\Dermnet\train/Acne and Rosacea Photos/rosacea-nose-61.jpg
0,E:\MedicalData\kagglechallenge\Dermnet\train/Acne and Rosacea Photos/rosacea-nose-62.jpg
0,E:\MedicalData\kagglechallenge\Dermnet\train/Acne and Rosacea Photos/rosacea-nose-63.jpg
0,E:\MedicalData\kagglechallenge\Dermnet\train/Acne and Rosacea Photos/rosacea-nose-7.jpg
0,E:\MedicalData\kagglechallenge\Dermnet\train/Acne and Rosacea Photos/rosacea-nose-8.jpg
0,E:\MedicalData\kagglechallenge\Dermnet\train/Acne and Rosacea Photos/rosacea-nose-9.jpg
0,E:\MedicalData\kagglechallenge\Dermnet\train/Acne and Rosacea Photos/rosacea-steroid-1.jpg
0,E:\MedicalData\kagglechallenge\Dermnet\train/Acne and Rosacea Photos/rosacea-steroid-2.jpg
0,E:\MedicalData\kagglechallenge\Dermnet\train/Acne and Rosacea Photos/rosacea-steroid-6.jpg
0,E:\MedicalData\kagglechallenge\Dermnet\train/Acne and Rosacea Photos/rosacea-steroid-8.jpg
0,E:\MedicalData\kagglechallenge\Dermnet\train/Acne and Rosacea Photos/Sebaceous-glands-Areola-1.jpg
0,E:\MedicalData\kagglechallenge\Dermnet\train/Acne and Rosacea Photos/Sebaceous-glands-Areola-3.jpg
0,E:\MedicalData\kagglechallenge\Dermnet\train/Acne and Rosacea Photos/Sebaceous-glands-labia-1.jpg
0,E:\MedicalData\kagglechallenge\Dermnet\train/Acne and Rosacea Photos/sebaceous-glands-upper-lip-1.jpg
0,E:\MedicalData\kagglechallenge\Dermnet\train/Acne and Rosacea Photos/sebaceous-glands-upper-lip-2.jpg
1,E:\MedicalData\kagglechallenge\Dermnet\train/Actinic Keratosis Basal Cell Carcinoma and other Malignant Lesions/actinic-cheilitis-sq-cell-lip-1.jpg
1,E:\MedicalData\kagglechallenge\Dermnet\train/Actinic Keratosis Basal Cell Carcinoma and other Malignant Lesions/actinic-cheilitis-sq-cell-lip-10.jpg
1,E:\MedicalData\kagglechallenge\Dermnet\train/Actinic Keratosis Basal Cell Carcinoma and other Malignant Lesions/actinic-cheilitis-sq-cell-lip-11.jpg
1,E:\MedicalData\kagglechallenge\Dermnet\train/Actinic Keratosis Basal Cell Carcinoma and other Malignant Lesions/actinic-cheilitis-sq-cell-lip-12.jpg
1,E:\MedicalData\kagglechallenge\Dermnet\train/Actinic Keratosis Basal Cell Carcinoma and other Malignant Lesions/actinic-cheilitis-sq-cell-lip-13.jpg
1,E:\MedicalData\kagglechallenge\Dermnet\train/Actinic Keratosis Basal Cell Carcinoma and other Malignant Lesions/actinic-cheilitis-sq-cell-lip-134.jpg
1,E:\MedicalData\kagglechallenge\Dermnet\train/Actinic Keratosis Basal Cell Carcinoma and other Malignant Lesions/actinic-cheilitis-sq-cell-lip-14.jpg
1,E:\MedicalData\kagglechallenge\Dermnet\train/Actinic Keratosis Basal Cell Carcinoma and other Malignant Lesions/actinic-cheilitis-sq-cell-lip-145.jpg
1,E:\MedicalData\kagglechallenge\Dermnet\train/Actinic Keratosis Basal Cell Carcinoma and other Malignant Lesions/actinic-cheilitis-sq-cell-lip-15.jpg
1,E:\MedicalData\kagglechallenge\Dermnet\train/Actinic Keratosis Basal Cell Carcinoma and other Malignant Lesions/actinic-cheilitis-sq-cell-lip-16.jpg
1,E:\MedicalData\kagglechallenge\Dermnet\train/Actinic Keratosis Basal Cell Carcinoma and other Malignant Lesions/actinic-cheilitis-sq-cell-lip-167.jpg
1,E:\MedicalData\kagglechallenge\Dermnet\train/Actinic Keratosis Basal Cell Carcinoma and other Malignant Lesions/actinic-cheilitis-sq-cell-lip-17.jpg
1,E:\MedicalData\kagglechallenge\Dermnet\train/Actinic Keratosis Basal Cell Carcinoma and other Malignant Lesions/actinic-cheilitis-sq-cell-lip-18.jpg
1,E:\MedicalData\kagglechallenge\Dermnet\train/Actinic Keratosis Basal Cell Carcinoma and other Malignant Lesions/actinic-cheilitis-sq-cell-lip-189.jpg
1,E:\MedicalData\kagglechallenge\Dermnet\train/Actinic Keratosis Basal Cell Carcinoma and other Malignant Lesions/actinic-cheilitis-sq-cell-lip-2.jpg
1,E:\MedicalData\kagglechallenge\Dermnet\train/Actinic Keratosis Basal Cell Carcinoma and other Malignant Lesions/actinic-cheilitis-sq-cell-lip-21.jpg
1,E:\MedicalData\kagglechallenge\Dermnet\train/Actinic Keratosis Basal Cell Carcinoma and other Malignant Lesions/actinic-cheilitis-sq-cell-lip-22.jpg
1,E:\MedicalData\kagglechallenge\Dermnet\train/Actinic Keratosis Basal Cell Carcinoma and other Malignant Lesions/actinic-cheilitis-sq-cell-lip-23.jpg
1,E:\MedicalData\kagglechallenge\Dermnet\train/Actinic Keratosis Basal Cell Carcinoma and other Malignant Lesions/actinic-cheilitis-sq-cell-lip-24.jpg
1,E:\MedicalData\kagglechallenge\Dermnet\train/Actinic Keratosis Basal Cell Carcinoma and other Malignant Lesions/actinic-cheilitis-sq-cell-lip-25.jpg
1,E:\MedicalData\kagglechallenge\Dermnet\train/Actinic Keratosis Basal Cell Carcinoma and other Malignant Lesions/actinic-cheilitis-sq-cell-lip-26.jpg
1,E:\MedicalData\kagglechallenge\Dermnet\train/Actinic Keratosis Basal Cell Carcinoma and other Malignant Lesions/actinic-cheilitis-sq-cell-lip-29.jpg
1,E:\MedicalData\kagglechallenge\Dermnet\train/Actinic Keratosis Basal Cell Carcinoma and other Malignant Lesions/actinic-cheilitis-sq-cell-lip-3.jpg
1,E:\MedicalData\kagglechallenge\Dermnet\train/Actinic Keratosis Basal Cell Carcinoma and other Malignant Lesions/actinic-cheilitis-sq-cell-lip-30.jpg
1,E:\MedicalData\kagglechallenge\Dermnet\train/Actinic Keratosis Basal Cell Carcinoma and other Malignant Lesions/actinic-cheilitis-sq-cell-lip-31.jpg
1,E:\MedicalData\kagglechallenge\Dermnet\train/Actinic Keratosis Basal Cell Carcinoma and other Malignant Lesions/actinic-cheilitis-sq-cell-lip-32.jpg
1,E:\MedicalData\kagglechallenge\Dermnet\train/Actinic Keratosis Basal Cell Carcinoma and other Malignant Lesions/actinic-cheilitis-sq-cell-lip-33.jpg
1,E:\MedicalData\kagglechallenge\Dermnet\train/Actinic Keratosis Basal Cell Carcinoma and other Malignant Lesions/actinic-cheilitis-sq-cell-lip-34.jpg
1,E:\MedicalData\kagglechallenge\Dermnet\train/Actinic Keratosis Basal Cell Carcinoma and other Malignant Lesions/actinic-cheilitis-sq-cell-lip-35.jpg
1,E:\MedicalData\kagglechallenge\Dermnet\train/Actinic Keratosis Basal Cell Carcinoma and other Malignant Lesions/actinic-cheilitis-sq-cell-lip-36.jpg
1,E:\MedicalData\kagglechallenge\Dermnet\train/Actinic Keratosis Basal Cell Carcinoma and other Malignant Lesions/actinic-cheilitis-sq-cell-lip-37.jpg
1,E:\MedicalData\kagglechallenge\Dermnet\train/Actinic Keratosis Basal Cell Carcinoma and other Malignant Lesions/actinic-cheilitis-sq-cell-lip-38.jpg
1,E:\MedicalData\kagglechallenge\Dermnet\train/Actinic Keratosis Basal Cell Carcinoma and other Malignant Lesions/actinic-cheilitis-sq-cell-lip-39.jpg
1,E:\MedicalData\kagglechallenge\Dermnet\train/Actinic Keratosis Basal Cell Carcinoma and other Malignant Lesions/actinic-cheilitis-sq-cell-lip-4.jpg
1,E:\MedicalData\kagglechallenge\Dermnet\train/Actinic Keratosis Basal Cell Carcinoma and other Malignant Lesions/actinic-cheilitis-sq-cell-lip-40.jpg
1,E:\MedicalData\kagglechallenge\Dermnet\train/Actinic Keratosis Basal Cell Carcinoma and other Malignant Lesions/actinic-cheilitis-sq-cell-lip-41.jpg
1,E:\MedicalData\kagglechallenge\Dermnet\train/Actinic Keratosis Basal Cell Carcinoma and other Malignant Lesions/actinic-cheilitis-sq-cell-lip-42.jpg
1,E:\MedicalData\kagglechallenge\Dermnet\train/Actinic Keratosis Basal Cell Carcinoma and other Malignant Lesions/actinic-cheilitis-sq-cell-lip-43.jpg
1,E:\MedicalData\kagglechallenge\Dermnet\train/Actinic Keratosis Basal Cell Carcinoma and other Malignant Lesions/actinic-cheilitis-sq-cell-lip-44.jpg
1,E:\MedicalData\kagglechallenge\Dermnet\train/Actinic Keratosis Basal Cell Carcinoma and other Malignant Lesions/actinic-cheilitis-sq-cell-lip-45.jpg
1,E:\MedicalData\kagglechallenge\Dermnet\train/Actinic Keratosis Basal Cell Carcinoma and other Malignant Lesions/actinic-cheilitis-sq-cell-lip-49.jpg
1,E:\MedicalData\kagglechallenge\Dermnet\train/Actinic Keratosis Basal Cell Carcinoma and other Malignant Lesions/actinic-cheilitis-sq-cell-lip-50.jpg
1,E:\MedicalData\kagglechallenge\Dermnet\train/Actinic Keratosis Basal Cell Carcinoma and other Malignant Lesions/actinic-cheilitis-sq-cell-lip-51.jpg
1,E:\MedicalData\kagglechallenge\Dermnet\train/Actinic Keratosis Basal Cell Carcinoma and other Malignant Lesions/actinic-cheilitis-sq-cell-lip-54.jpg
1,E:\MedicalData\kagglechallenge\Dermnet\train/Actinic Keratosis Basal Cell Carcinoma and other Malignant Lesions/actinic-cheilitis-sq-cell-lip-55.jpg
1,E:\MedicalData\kagglechallenge\Dermnet\train/Actinic Keratosis Basal Cell Carcinoma and other Malignant Lesions/actinic-cheilitis-sq-cell-lip-56.jpg
1,E:\MedicalData\kagglechallenge\Dermnet\train/Actinic Keratosis Basal Cell Carcinoma and other Malignant Lesions/actinic-cheilitis-sq-cell-lip-57.jpg
1,E:\MedicalData\kagglechallenge\Dermnet\train/Actinic Keratosis Basal Cell Carcinoma and other Malignant Lesions/actinic-cheilitis-sq-cell-lip-58.jpg
1,E:\MedicalData\kagglechallenge\Dermnet\train/Actinic Keratosis Basal Cell Carcinoma and other Malignant Lesions/actinic-cheilitis-sq-cell-lip-59.jpg
1,E:\MedicalData\kagglechallenge\Dermnet\train/Actinic Keratosis Basal Cell Carcinoma and other Malignant Lesions/actinic-cheilitis-sq-cell-lip-5FU.jpg
1,E:\MedicalData\kagglechallenge\Dermnet\train/Actinic Keratosis Basal Cell Carcinoma and other Malignant Lesions/actinic-cheilitis-sq-cell-lip-60.jpg
1,E:\MedicalData\kagglechallenge\Dermnet\train/Actinic Keratosis Basal Cell Carcinoma and other Malignant Lesions/actinic-cheilitis-sq-cell-lip-7.jpg
1,E:\MedicalData\kagglechallenge\Dermnet\train/Actinic Keratosis Basal Cell Carcinoma and other Malignant Lesions/actinic-cheilitis-sq-cell-lip-8.jpg
1,E:\MedicalData\kagglechallenge\Dermnet\train/Actinic Keratosis Basal Cell Carcinoma and other Malignant Lesions/actinic-cheilitis-sq-cell-lip-Carac.jpg
1,E:\MedicalData\kagglechallenge\Dermnet\train/Actinic Keratosis Basal Cell Carcinoma and other Malignant Lesions/actinic-keratosis-5FU-11.jpg
1,E:\MedicalData\kagglechallenge\Dermnet\train/Actinic Keratosis Basal Cell Carcinoma and other Malignant Lesions/actinic-keratosis-5FU-12.jpg
1,E:\MedicalData\kagglechallenge\Dermnet\train/Actinic Keratosis Basal Cell Carcinoma and other Malignant Lesions/actinic-keratosis-5FU-14.jpg
1,E:\MedicalData\kagglechallenge\Dermnet\train/Actinic Keratosis Basal Cell Carcinoma and other Malignant Lesions/actinic-keratosis-5FU-16.jpg
1,E:\MedicalData\kagglechallenge\Dermnet\train/Actinic Keratosis Basal Cell Carcinoma and other Malignant Lesions/actinic-keratosis-5FU-17.jpg
1,E:\MedicalData\kagglechallenge\Dermnet\train/Actinic Keratosis Basal Cell Carcinoma and other Malignant Lesions/actinic-keratosis-5FU-2.jpg
1,E:\MedicalData\kagglechallenge\Dermnet\train/Actinic Keratosis Basal Cell Carcinoma and other Malignant Lesions/actinic-keratosis-5FU-20.jpg
1,E:\MedicalData\kagglechallenge\Dermnet\train/Actinic Keratosis Basal Cell Carcinoma and other Malignant Lesions/actinic-keratosis-5FU-21.jpg
1,E:\MedicalData\kagglechallenge\Dermnet\train/Actinic Keratosis Basal Cell Carcinoma and other Malignant Lesions/actinic-keratosis-5FU-22.jpg
1,E:\MedicalData\kagglechallenge\Dermnet\train/Actinic Keratosis Basal Cell Carcinoma and other Malignant Lesions/actinic-keratosis-5FU-25.jpg
1,E:\MedicalData\kagglechallenge\Dermnet\train/Actinic Keratosis Basal Cell Carcinoma and other Malignant Lesions/actinic-keratosis-5FU-26.jpg
1,E:\MedicalData\kagglechallenge\Dermnet\train/Actinic Keratosis Basal Cell Carcinoma and other Malignant Lesions/actinic-keratosis-5FU-29.jpg
1,E:\MedicalData\kagglechallenge\Dermnet\train/Actinic Keratosis Basal Cell Carcinoma and other Malignant Lesions/actinic-keratosis-5FU-3.jpg
1,E:\MedicalData\kagglechallenge\Dermnet\train/Actinic Keratosis Basal Cell Carcinoma and other Malignant Lesions/actinic-keratosis-5FU-30.jpg
1,E:\MedicalData\kagglechallenge\Dermnet\train/Actinic Keratosis Basal Cell Carcinoma and other Malignant Lesions/actinic-keratosis-5FU-31.jpg
1,E:\MedicalData\kagglechallenge\Dermnet\train/Actinic Keratosis Basal Cell Carcinoma and other Malignant Lesions/actinic-keratosis-5FU-33.jpg
1,E:\MedicalData\kagglechallenge\Dermnet\train/Actinic Keratosis Basal Cell Carcinoma and other Malignant Lesions/actinic-keratosis-5FU-34.jpg
1,E:\MedicalData\kagglechallenge\Dermnet\train/Actinic Keratosis Basal Cell Carcinoma and other Malignant Lesions/actinic-keratosis-5FU-37.jpg
1,E:\MedicalData\kagglechallenge\Dermnet\train/Actinic Keratosis Basal Cell Carcinoma and other Malignant Lesions/actinic-keratosis-5FU-41.jpg
1,E:\MedicalData\kagglechallenge\Dermnet\train/Actinic Keratosis Basal Cell Carcinoma and other Malignant Lesions/actinic-keratosis-5FU-43.jpg
1,E:\MedicalData\kagglechallenge\Dermnet\train/Actinic Keratosis Basal Cell Carcinoma and other Malignant Lesions/actinic-keratosis-5FU-44.jpg
1,E:\MedicalData\kagglechallenge\Dermnet\train/Actinic Keratosis Basal Cell Carcinoma and other Malignant Lesions/actinic-keratosis-5FU-45.jpg
1,E:\MedicalData\kagglechallenge\Dermnet\train/Actinic Keratosis Basal Cell Carcinoma and other Malignant Lesions/actinic-keratosis-5FU-46.jpg
1,E:\MedicalData\kagglechallenge\Dermnet\train/Actinic Keratosis Basal Cell Carcinoma and other Malignant Lesions/actinic-keratosis-5FU-49.jpg
1,E:\MedicalData\kagglechallenge\Dermnet\train/Actinic Keratosis Basal Cell Carcinoma and other Malignant Lesions/actinic-keratosis-5FU-5.jpg
1,E:\MedicalData\kagglechallenge\Dermnet\train/Actinic Keratosis Basal Cell Carcinoma and other Malignant Lesions/actinic-keratosis-5FU-51.jpg
1,E:\MedicalData\kagglechallenge\Dermnet\train/Actinic Keratosis Basal Cell Carcinoma and other Malignant Lesions/actinic-keratosis-5FU-52.jpg
1,E:\MedicalData\kagglechallenge\Dermnet\train/Actinic Keratosis Basal Cell Carcinoma and other Malignant Lesions/actinic-keratosis-5FU-53.jpg
1,E:\MedicalData\kagglechallenge\Dermnet\train/Actinic Keratosis Basal Cell Carcinoma and other Malignant Lesions/actinic-keratosis-5FU-54.jpg
1,E:\MedicalData\kagglechallenge\Dermnet\train/Actinic Keratosis Basal Cell Carcinoma and other Malignant Lesions/actinic-keratosis-5FU-56.jpg
1,E:\MedicalData\kagglechallenge\Dermnet\train/Actinic Keratosis Basal Cell Carcinoma and other Malignant Lesions/actinic-keratosis-5FU-57.jpg
1,E:\MedicalData\kagglechallenge\Dermnet\train/Actinic Keratosis Basal Cell Carcinoma and other Malignant Lesions/actinic-keratosis-5FU-60.jpg
1,E:\MedicalData\kagglechallenge\Dermnet\train/Actinic Keratosis Basal Cell Carcinoma and other Malignant Lesions/actinic-keratosis-5FU-62.jpg
1,E:\MedicalData\kagglechallenge\Dermnet\train/Actinic Keratosis Basal Cell Carcinoma and other Malignant Lesions/actinic-keratosis-5FU-63.jpg
1,E:\MedicalData\kagglechallenge\Dermnet\train/Actinic Keratosis Basal Cell Carcinoma and other Malignant Lesions/actinic-keratosis-5FU-66.jpg
1,E:\MedicalData\kagglechallenge\Dermnet\train/Actinic Keratosis Basal Cell Carcinoma and other Malignant Lesions/actinic-keratosis-5FU-67.jpg
1,E:\MedicalData\kagglechallenge\Dermnet\train/Actinic Keratosis Basal Cell Carcinoma and other Malignant Lesions/actinic-keratosis-5FU-68.jpg
1,E:\MedicalData\kagglechallenge\Dermnet\train/Actinic Keratosis Basal Cell Carcinoma and other Malignant Lesions/actinic-keratosis-5FU-7.jpg
1,E:\MedicalData\kagglechallenge\Dermnet\train/Actinic Keratosis Basal Cell Carcinoma and other Malignant Lesions/actinic-keratosis-5FU-8.jpg
1,E:\MedicalData\kagglechallenge\Dermnet\train/Actinic Keratosis Basal Cell Carcinoma and other Malignant Lesions/actinic-keratosis-5FU-9.jpg
1,E:\MedicalData\kagglechallenge\Dermnet\train/Actinic Keratosis Basal Cell Carcinoma and other Malignant Lesions/actinic-keratosis-arm-1.jpg
1,E:\MedicalData\kagglechallenge\Dermnet\train/Actinic Keratosis Basal Cell Carcinoma and other Malignant Lesions/actinic-keratosis-ear-10.jpg
1,E:\MedicalData\kagglechallenge\Dermnet\train/Actinic Keratosis Basal Cell Carcinoma and other Malignant Lesions/actinic-keratosis-ear-11.jpg
1,E:\MedicalData\kagglechallenge\Dermnet\train/Actinic Keratosis Basal Cell Carcinoma and other Malignant Lesions/actinic-keratosis-ear-13.jpg
1,E:\MedicalData\kagglechallenge\Dermnet\train/Actinic Keratosis Basal Cell Carcinoma and other Malignant Lesions/actinic-keratosis-ear-15.jpg
1,E:\MedicalData\kagglechallenge\Dermnet\train/Actinic Keratosis Basal Cell Carcinoma and other Malignant Lesions/actinic-keratosis-ear-2.jpg
1,E:\MedicalData\kagglechallenge\Dermnet\train/Actinic Keratosis Basal Cell Carcinoma and other Malignant Lesions/actinic-keratosis-ear-4.jpg
1,E:\MedicalData\kagglechallenge\Dermnet\train/Actinic Keratosis Basal Cell Carcinoma and other Malignant Lesions/actinic-keratosis-ear-5.jpg
1,E:\MedicalData\kagglechallenge\Dermnet\train/Actinic Keratosis Basal Cell Carcinoma and other Malignant Lesions/actinic-keratosis-ear-6.jpg
1,E:\MedicalData\kagglechallenge\Dermnet\train/Actinic Keratosis Basal Cell Carcinoma and other Malignant Lesions/actinic-keratosis-ear-7.jpg
1,E:\MedicalData\kagglechallenge\Dermnet\train/Actinic Keratosis Basal Cell Carcinoma and other Malignant Lesions/actinic-keratosis-ear-8.jpg
1,E:\MedicalData\kagglechallenge\Dermnet\train/Actinic Keratosis Basal Cell Carcinoma and other Malignant Lesions/actinic-keratosis-ear-9.jpg
1,E:\MedicalData\kagglechallenge\Dermnet\train/Actinic Keratosis Basal Cell Carcinoma and other Malignant Lesions/actinic-keratosis-face-1.jpg
1,E:\MedicalData\kagglechallenge\Dermnet\train/Actinic Keratosis Basal Cell Carcinoma and other Malignant Lesions/actinic-keratosis-face-10.jpg
1,E:\MedicalData\kagglechallenge\Dermnet\train/Actinic Keratosis Basal Cell Carcinoma and other Malignant Lesions/actinic-keratosis-face-12.jpg
1,E:\MedicalData\kagglechallenge\Dermnet\train/Actinic Keratosis Basal Cell Carcinoma and other Malignant Lesions/actinic-keratosis-face-13.jpg
1,E:\MedicalData\kagglechallenge\Dermnet\train/Actinic Keratosis Basal Cell Carcinoma and other Malignant Lesions/actinic-keratosis-face-14.jpg
1,E:\MedicalData\kagglechallenge\Dermnet\train/Actinic Keratosis Basal Cell Carcinoma and other Malignant Lesions/actinic-keratosis-face-17.jpg
1,E:\MedicalData\kagglechallenge\Dermnet\train/Actinic Keratosis Basal Cell Carcinoma and other Malignant Lesions/actinic-keratosis-face-18.jpg
1,E:\MedicalData\kagglechallenge\Dermnet\train/Actinic Keratosis Basal Cell Carcinoma and other Malignant Lesions/actinic-keratosis-face-19.jpg
1,E:\MedicalData\kagglechallenge\Dermnet\train/Actinic Keratosis Basal Cell Carcinoma and other Malignant Lesions/actinic-keratosis-face-20.jpg
1,E:\MedicalData\kagglechallenge\Dermnet\train/Actinic Keratosis Basal Cell Carcinoma and other Malignant Lesions/actinic-keratosis-face-21.jpg
1,E:\MedicalData\kagglechallenge\Dermnet\train/Actinic Keratosis Basal Cell Carcinoma and other Malignant Lesions/actinic-keratosis-face-22.jpg
1,E:\MedicalData\kagglechallenge\Dermnet\train/Actinic Keratosis Basal Cell Carcinoma and other Malignant Lesions/actinic-keratosis-face-23.jpg
1,E:\MedicalData\kagglechallenge\Dermnet\train/Actinic Keratosis Basal Cell Carcinoma and other Malignant Lesions/actinic-keratosis-face-24.jpg
1,E:\MedicalData\kagglechallenge\Dermnet\train/Actinic Keratosis Basal Cell Carcinoma and other Malignant Lesions/actinic-keratosis-face-25.jpg
1,E:\MedicalData\kagglechallenge\Dermnet\train/Actinic Keratosis Basal Cell Carcinoma and other Malignant Lesions/actinic-keratosis-face-26.jpg
1,E:\MedicalData\kagglechallenge\Dermnet\train/Actinic Keratosis Basal Cell Carcinoma and other Malignant Lesions/actinic-keratosis-face-28.jpg
1,E:\MedicalData\kagglechallenge\Dermnet\train/Actinic Keratosis Basal Cell Carcinoma and other Malignant Lesions/actinic-keratosis-face-29.jpg
1,E:\MedicalData\kagglechallenge\Dermnet\train/Actinic Keratosis Basal Cell Carcinoma and other Malignant Lesions/actinic-keratosis-face-3.jpg
1,E:\MedicalData\kagglechallenge\Dermnet\train/Actinic Keratosis Basal Cell Carcinoma and other Malignant Lesions/actinic-keratosis-face-30.jpg
1,E:\MedicalData\kagglechallenge\Dermnet\train/Actinic Keratosis Basal Cell Carcinoma and other Malignant Lesions/actinic-keratosis-face-31.jpg
1,E:\MedicalData\kagglechallenge\Dermnet\train/Actinic Keratosis Basal Cell Carcinoma and other Malignant Lesions/actinic-keratosis-face-32.jpg
1,E:\MedicalData\kagglechallenge\Dermnet\train/Actinic Keratosis Basal Cell Carcinoma and other Malignant Lesions/actinic-keratosis-face-34.jpg
1,E:\MedicalData\kagglechallenge\Dermnet\train/Actinic Keratosis Basal Cell Carcinoma and other Malignant Lesions/actinic-keratosis-face-36.jpg
1,E:\MedicalData\kagglechallenge\Dermnet\train/Actinic Keratosis Basal Cell Carcinoma and other Malignant Lesions/actinic-keratosis-face-37.jpg
1,E:\MedicalData\kagglechallenge\Dermnet\train/Actinic Keratosis Basal Cell Carcinoma and other Malignant Lesions/actinic-keratosis-face-38.jpg
1,E:\MedicalData\kagglechallenge\Dermnet\train/Actinic Keratosis Basal Cell Carcinoma and other Malignant Lesions/actinic-keratosis-face-4.jpg
1,E:\MedicalData\kagglechallenge\Dermnet\train/Actinic Keratosis Basal Cell Carcinoma and other Malignant Lesions/actinic-keratosis-face-40.jpg
1,E:\MedicalData\kagglechallenge\Dermnet\train/Actinic Keratosis Basal Cell Carcinoma and other Malignant Lesions/actinic-keratosis-face-41.jpg
1,E:\MedicalData\kagglechallenge\Dermnet\train/Actinic Keratosis Basal Cell Carcinoma and other Malignant Lesions/actinic-keratosis-face-42.jpg
1,E:\MedicalData\kagglechallenge\Dermnet\train/Actinic Keratosis Basal Cell Carcinoma and other Malignant Lesions/actinic-keratosis-face-44.jpg
1,E:\MedicalData\kagglechallenge\Dermnet\train/Actinic Keratosis Basal Cell Carcinoma and other Malignant Lesions/actinic-keratosis-face-46.jpg
1,E:\MedicalData\kagglechallenge\Dermnet\train/Actinic Keratosis Basal Cell Carcinoma and other Malignant Lesions/actinic-keratosis-face-47.jpg
1,E:\MedicalData\kagglechallenge\Dermnet\train/Actinic Keratosis Basal Cell Carcinoma and other Malignant Lesions/actinic-keratosis-face-5.jpg
1,E:\MedicalData\kagglechallenge\Dermnet\train/Actinic Keratosis Basal Cell Carcinoma and other Malignant Lesions/actinic-keratosis-face-50.jpg
1,E:\MedicalData\kagglechallenge\Dermnet\train/Actinic Keratosis Basal Cell Carcinoma and other Malignant Lesions/actinic-keratosis-face-52.jpg
1,E:\MedicalData\kagglechallenge\Dermnet\train/Actinic Keratosis Basal Cell Carcinoma and other Malignant Lesions/actinic-keratosis-face-53.jpg
1,E:\MedicalData\kagglechallenge\Dermnet\train/Actinic Keratosis Basal Cell Carcinoma and other Malignant Lesions/actinic-keratosis-face-54.jpg
1,E:\MedicalData\kagglechallenge\Dermnet\train/Actinic Keratosis Basal Cell Carcinoma and other Malignant Lesions/actinic-keratosis-face-55.jpg
1,E:\MedicalData\kagglechallenge\Dermnet\train/Actinic Keratosis Basal Cell Carcinoma and other Malignant Lesions/actinic-keratosis-face-57.jpg
1,E:\MedicalData\kagglechallenge\Dermnet\train/Actinic Keratosis Basal Cell Carcinoma and other Malignant Lesions/actinic-keratosis-face-58.jpg
1,E:\MedicalData\kagglechallenge\Dermnet\train/Actinic Keratosis Basal Cell Carcinoma and other Malignant Lesions/actinic-keratosis-face-59.jpg
1,E:\MedicalData\kagglechallenge\Dermnet\train/Actinic Keratosis Basal Cell Carcinoma and other Malignant Lesions/actinic-keratosis-face-6.jpg
1,E:\MedicalData\kagglechallenge\Dermnet\train/Actinic Keratosis Basal Cell Carcinoma and other Malignant Lesions/actinic-keratosis-face-7.jpg
1,E:\MedicalData\kagglechallenge\Dermnet\train/Actinic Keratosis Basal Cell Carcinoma and other Malignant Lesions/actinic-keratosis-face-8.jpg
1,E:\MedicalData\kagglechallenge\Dermnet\train/Actinic Keratosis Basal Cell Carcinoma and other Malignant Lesions/actinic-keratosis-hand-1.jpg
1,E:\MedicalData\kagglechallenge\Dermnet\train/Actinic Keratosis Basal Cell Carcinoma and other Malignant Lesions/actinic-keratosis-hand-10.jpg
1,E:\MedicalData\kagglechallenge\Dermnet\train/Actinic Keratosis Basal Cell Carcinoma and other Malignant Lesions/actinic-keratosis-hand-13.jpg
1,E:\MedicalData\kagglechallenge\Dermnet\train/Actinic Keratosis Basal Cell Carcinoma and other Malignant Lesions/actinic-keratosis-hand-14.jpg
1,E:\MedicalData\kagglechallenge\Dermnet\train/Actinic Keratosis Basal Cell Carcinoma and other Malignant Lesions/actinic-keratosis-hand-15.jpg
1,E:\MedicalData\kagglechallenge\Dermnet\train/Actinic Keratosis Basal Cell Carcinoma and other Malignant Lesions/actinic-keratosis-hand-16.jpg
1,E:\MedicalData\kagglechallenge\Dermnet\train/Actinic Keratosis Basal Cell Carcinoma and other Malignant Lesions/actinic-keratosis-hand-19.jpg
1,E:\MedicalData\kagglechallenge\Dermnet\train/Actinic Keratosis Basal Cell Carcinoma and other Malignant Lesions/actinic-keratosis-hand-2.jpg
1,E:\MedicalData\kagglechallenge\Dermnet\train/Actinic Keratosis Basal Cell Carcinoma and other Malignant Lesions/actinic-keratosis-hand-20.jpg
1,E:\MedicalData\kagglechallenge\Dermnet\train/Actinic Keratosis Basal Cell Carcinoma and other Malignant Lesions/actinic-keratosis-hand-21.jpg
1,E:\MedicalData\kagglechallenge\Dermnet\train/Actinic Keratosis Basal Cell Carcinoma and other Malignant Lesions/actinic-keratosis-hand-22.jpg
1,E:\MedicalData\kagglechallenge\Dermnet\train/Actinic Keratosis Basal Cell Carcinoma and other Malignant Lesions/actinic-keratosis-hand-23.jpg
1,E:\MedicalData\kagglechallenge\Dermnet\train/Actinic Keratosis Basal Cell Carcinoma and other Malignant Lesions/actinic-keratosis-hand-24.jpg
1,E:\MedicalData\kagglechallenge\Dermnet\train/Actinic Keratosis Basal Cell Carcinoma and other Malignant Lesions/actinic-keratosis-hand-25.jpg
1,E:\MedicalData\kagglechallenge\Dermnet\train/Actinic Keratosis Basal Cell Carcinoma and other Malignant Lesions/actinic-keratosis-hand-26.jpg
1,E:\MedicalData\kagglechallenge\Dermnet\train/Actinic Keratosis Basal Cell Carcinoma and other Malignant Lesions/actinic-keratosis-hand-27.jpg
1,E:\MedicalData\kagglechallenge\Dermnet\train/Actinic Keratosis Basal Cell Carcinoma and other Malignant Lesions/actinic-keratosis-hand-28.jpg
1,E:\MedicalData\kagglechallenge\Dermnet\train/Actinic Keratosis Basal Cell Carcinoma and other Malignant Lesions/actinic-keratosis-hand-29.jpg
1,E:\MedicalData\kagglechallenge\Dermnet\train/Actinic Keratosis Basal Cell Carcinoma and other Malignant Lesions/actinic-keratosis-hand-3.jpg
1,E:\MedicalData\kagglechallenge\Dermnet\train/Actinic Keratosis Basal Cell Carcinoma and other Malignant Lesions/actinic-keratosis-hand-30.jpg
1,E:\MedicalData\kagglechallenge\Dermnet\train/Actinic Keratosis Basal Cell Carcinoma and other Malignant Lesions/actinic-keratosis-hand-31.jpg
1,E:\MedicalData\kagglechallenge\Dermnet\train/Actinic Keratosis Basal Cell Carcinoma and other Malignant Lesions/actinic-keratosis-hand-32.jpg
1,E:\MedicalData\kagglechallenge\Dermnet\train/Actinic Keratosis Basal Cell Carcinoma and other Malignant Lesions/actinic-keratosis-hand-33.jpg
1,E:\MedicalData\kagglechallenge\Dermnet\train/Actinic Keratosis Basal Cell Carcinoma and other Malignant Lesions/actinic-keratosis-hand-34.jpg
1,E:\MedicalData\kagglechallenge\Dermnet\train/Actinic Keratosis Basal Cell Carcinoma and other Malignant Lesions/actinic-keratosis-hand-37.jpg
1,E:\MedicalData\kagglechallenge\Dermnet\train/Actinic Keratosis Basal Cell Carcinoma and other Malignant Lesions/actinic-keratosis-hand-4.jpg
1,E:\MedicalData\kagglechallenge\Dermnet\train/Actinic Keratosis Basal Cell Carcinoma and other Malignant Lesions/actinic-keratosis-hand-5.jpg
1,E:\MedicalData\kagglechallenge\Dermnet\train/Actinic Keratosis Basal Cell Carcinoma and other Malignant Lesions/actinic-keratosis-hand-7.jpg
1,E:\MedicalData\kagglechallenge\Dermnet\train/Actinic Keratosis Basal Cell Carcinoma and other Malignant Lesions/actinic-keratosis-hand-8.jpg
1,E:\MedicalData\kagglechallenge\Dermnet\train/Actinic Keratosis Basal Cell Carcinoma and other Malignant Lesions/actinic-keratosis-hand-9.jpg
1,E:\MedicalData\kagglechallenge\Dermnet\train/Actinic Keratosis Basal Cell Carcinoma and other Malignant Lesions/actinic-keratosis-horn-10.jpg
1,E:\MedicalData\kagglechallenge\Dermnet\train/Actinic Keratosis Basal Cell Carcinoma and other Malignant Lesions/actinic-keratosis-horn-12.jpg
1,E:\MedicalData\kagglechallenge\Dermnet\train/Actinic Keratosis Basal Cell Carcinoma and other Malignant Lesions/actinic-keratosis-horn-17.jpg
1,E:\MedicalData\kagglechallenge\Dermnet\train/Actinic Keratosis Basal Cell Carcinoma and other Malignant Lesions/actinic-keratosis-horn-18.jpg
1,E:\MedicalData\kagglechallenge\Dermnet\train/Actinic Keratosis Basal Cell Carcinoma and other Malignant Lesions/actinic-keratosis-horn-19.jpg
1,E:\MedicalData\kagglechallenge\Dermnet\train/Actinic Keratosis Basal Cell Carcinoma and other Malignant Lesions/actinic-keratosis-horn-20.jpg
1,E:\MedicalData\kagglechallenge\Dermnet\train/Actinic Keratosis Basal Cell Carcinoma and other Malignant Lesions/actinic-keratosis-horn-21.jpg
1,E:\MedicalData\kagglechallenge\Dermnet\train/Actinic Keratosis Basal Cell Carcinoma and other Malignant Lesions/actinic-keratosis-horn-22.jpg
1,E:\MedicalData\kagglechallenge\Dermnet\train/Actinic Keratosis Basal Cell Carcinoma and other Malignant Lesions/actinic-keratosis-horn-25.jpg
1,E:\MedicalData\kagglechallenge\Dermnet\train/Actinic Keratosis Basal Cell Carcinoma and other Malignant Lesions/actinic-keratosis-horn-26.jpg
1,E:\MedicalData\kagglechallenge\Dermnet\train/Actinic Keratosis Basal Cell Carcinoma and other Malignant Lesions/actinic-keratosis-horn-3.jpg
1,E:\MedicalData\kagglechallenge\Dermnet\train/Actinic Keratosis Basal Cell Carcinoma and other Malignant Lesions/actinic-keratosis-horn-5.jpg
1,E:\MedicalData\kagglechallenge\Dermnet\train/Actinic Keratosis Basal Cell Carcinoma and other Malignant Lesions/actinic-keratosis-horn-7.jpg
1,E:\MedicalData\kagglechallenge\Dermnet\train/Actinic Keratosis Basal Cell Carcinoma and other Malignant Lesions/actinic-keratosis-lesion-1.jpg
1,E:\MedicalData\kagglechallenge\Dermnet\train/Actinic Keratosis Basal Cell Carcinoma and other Malignant Lesions/actinic-keratosis-lesion-10.jpg
1,E:\MedicalData\kagglechallenge\Dermnet\train/Actinic Keratosis Basal Cell Carcinoma and other Malignant Lesions/actinic-keratosis-lesion-12.jpg
1,E:\MedicalData\kagglechallenge\Dermnet\train/Actinic Keratosis Basal Cell Carcinoma and other Malignant Lesions/actinic-keratosis-lesion-13.jpg
1,E:\MedicalData\kagglechallenge\Dermnet\train/Actinic Keratosis Basal Cell Carcinoma and other Malignant Lesions/actinic-keratosis-lesion-14.jpg
1,E:\MedicalData\kagglechallenge\Dermnet\train/Actinic Keratosis Basal Cell Carcinoma and other Malignant Lesions/actinic-keratosis-lesion-15.jpg
1,E:\MedicalData\kagglechallenge\Dermnet\train/Actinic Keratosis Basal Cell Carcinoma and other Malignant Lesions/actinic-keratosis-lesion-16.jpg
1,E:\MedicalData\kagglechallenge\Dermnet\train/Actinic Keratosis Basal Cell Carcinoma and other Malignant Lesions/actinic-keratosis-lesion-17.jpg
1,E:\MedicalData\kagglechallenge\Dermnet\train/Actinic Keratosis Basal Cell Carcinoma and other Malignant Lesions/actinic-keratosis-lesion-18.jpg
1,E:\MedicalData\kagglechallenge\Dermnet\train/Actinic Keratosis Basal Cell Carcinoma and other Malignant Lesions/actinic-keratosis-lesion-19.jpg
1,E:\MedicalData\kagglechallenge\Dermnet\train/Actinic Keratosis Basal Cell Carcinoma and other Malignant Lesions/actinic-keratosis-lesion-20.jpg
1,E:\MedicalData\kagglechallenge\Dermnet\train/Actinic Keratosis Basal Cell Carcinoma and other Malignant Lesions/actinic-keratosis-lesion-21.jpg
1,E:\MedicalData\kagglechallenge\Dermnet\train/Actinic Keratosis Basal Cell Carcinoma and other Malignant Lesions/actinic-keratosis-lesion-26.jpg
1,E:\MedicalData\kagglechallenge\Dermnet\train/Actinic Keratosis Basal Cell Carcinoma and other Malignant Lesions/actinic-keratosis-lesion-27.jpg
1,E:\MedicalData\kagglechallenge\Dermnet\train/Actinic Keratosis Basal Cell Carcinoma and other Malignant Lesions/actinic-keratosis-lesion-28.jpg
1,E:\MedicalData\kagglechallenge\Dermnet\train/Actinic Keratosis Basal Cell Carcinoma and other Malignant Lesions/actinic-keratosis-lesion-29.jpg
1,E:\MedicalData\kagglechallenge\Dermnet\train/Actinic Keratosis Basal Cell Carcinoma and other Malignant Lesions/actinic-keratosis-lesion-3.jpg
1,E:\MedicalData\kagglechallenge\Dermnet\train/Actinic Keratosis Basal Cell Carcinoma and other Malignant Lesions/actinic-keratosis-lesion-30.jpg
1,E:\MedicalData\kagglechallenge\Dermnet\train/Actinic Keratosis Basal Cell Carcinoma and other Malignant Lesions/actinic-keratosis-lesion-33.jpg
1,E:\MedicalData\kagglechallenge\Dermnet\train/Actinic Keratosis Basal Cell Carcinoma and other Malignant Lesions/actinic-keratosis-lesion-35.jpg
1,E:\MedicalData\kagglechallenge\Dermnet\train/Actinic Keratosis Basal Cell Carcinoma and other Malignant Lesions/actinic-keratosis-lesion-37.jpg
1,E:\MedicalData\kagglechallenge\Dermnet\train/Actinic Keratosis Basal Cell Carcinoma and other Malignant Lesions/actinic-keratosis-lesion-38.jpg
1,E:\MedicalData\kagglechallenge\Dermnet\train/Actinic Keratosis Basal Cell Carcinoma and other Malignant Lesions/actinic-keratosis-lesion-4.jpg
1,E:\MedicalData\kagglechallenge\Dermnet\train/Actinic Keratosis Basal Cell Carcinoma and other Malignant Lesions/actinic-keratosis-lesion-40.jpg
1,E:\MedicalData\kagglechallenge\Dermnet\train/Actinic Keratosis Basal Cell Carcinoma and other Malignant Lesions/actinic-keratosis-lesion-42.jpg
1,E:\MedicalData\kagglechallenge\Dermnet\train/Actinic Keratosis Basal Cell Carcinoma and other Malignant Lesions/actinic-keratosis-lesion-43.jpg
1,E:\MedicalData\kagglechallenge\Dermnet\train/Actinic Keratosis Basal Cell Carcinoma and other Malignant Lesions/actinic-keratosis-lesion-44.jpg
1,E:\MedicalData\kagglechallenge\Dermnet\train/Actinic Keratosis Basal Cell Carcinoma and other Malignant Lesions/actinic-keratosis-lesion-45.jpg
1,E:\MedicalData\kagglechallenge\Dermnet\train/Actinic Keratosis Basal Cell Carcinoma and other Malignant Lesions/actinic-keratosis-lesion-5.jpg
1,E:\MedicalData\kagglechallenge\Dermnet\train/Actinic Keratosis Basal Cell Carcinoma and other Malignant Lesions/actinic-keratosis-lesion-50.jpg
1,E:\MedicalData\kagglechallenge\Dermnet\train/Actinic Keratosis Basal Cell Carcinoma and other Malignant Lesions/actinic-keratosis-lesion-51.jpg
1,E:\MedicalData\kagglechallenge\Dermnet\train/Actinic Keratosis Basal Cell Carcinoma and other Malignant Lesions/actinic-keratosis-lesion-53.jpg
1,E:\MedicalData\kagglechallenge\Dermnet\train/Actinic Keratosis Basal Cell Carcinoma and other Malignant Lesions/actinic-keratosis-lesion-54.jpg
1,E:\MedicalData\kagglechallenge\Dermnet\train/Actinic Keratosis Basal Cell Carcinoma and other Malignant Lesions/actinic-keratosis-lesion-55.jpg
1,E:\MedicalData\kagglechallenge\Dermnet\train/Actinic Keratosis Basal Cell Carcinoma and other Malignant Lesions/actinic-keratosis-lesion-6.jpg
1,E:\MedicalData\kagglechallenge\Dermnet\train/Actinic Keratosis Basal Cell Carcinoma and other Malignant Lesions/actinic-keratosis-lesion-7.jpg
1,E:\MedicalData\kagglechallenge\Dermnet\train/Actinic Keratosis Basal Cell Carcinoma and other Malignant Lesions/actinic-keratosis-lesion-8.jpg
1,E:\MedicalData\kagglechallenge\Dermnet\train/Actinic Keratosis Basal Cell Carcinoma and other Malignant Lesions/actinic-keratosis-nose-10.jpg
1,E:\MedicalData\kagglechallenge\Dermnet\train/Actinic Keratosis Basal Cell Carcinoma and other Malignant Lesions/actinic-keratosis-nose-11.jpg
1,E:\MedicalData\kagglechallenge\Dermnet\train/Actinic Keratosis Basal Cell Carcinoma and other Malignant Lesions/actinic-keratosis-nose-12.jpg
1,E:\MedicalData\kagglechallenge\Dermnet\train/Actinic Keratosis Basal Cell Carcinoma and other Malignant Lesions/actinic-keratosis-nose-13.jpg
1,E:\MedicalData\kagglechallenge\Dermnet\train/Actinic Keratosis Basal Cell Carcinoma and other Malignant Lesions/actinic-keratosis-nose-15.jpg
1,E:\MedicalData\kagglechallenge\Dermnet\train/Actinic Keratosis Basal Cell Carcinoma and other Malignant Lesions/actinic-keratosis-nose-2.jpg
1,E:\MedicalData\kagglechallenge\Dermnet\train/Actinic Keratosis Basal Cell Carcinoma and other Malignant Lesions/actinic-keratosis-nose-3.jpg
1,E:\MedicalData\kagglechallenge\Dermnet\train/Actinic Keratosis Basal Cell Carcinoma and other Malignant Lesions/actinic-keratosis-nose-4.jpg
1,E:\MedicalData\kagglechallenge\Dermnet\train/Actinic Keratosis Basal Cell Carcinoma and other Malignant Lesions/actinic-keratosis-nose-5.jpg
1,E:\MedicalData\kagglechallenge\Dermnet\train/Actinic Keratosis Basal Cell Carcinoma and other Malignant Lesions/actinic-keratosis-nose-6.jpg
1,E:\MedicalData\kagglechallenge\Dermnet\train/Actinic Keratosis Basal Cell Carcinoma and other Malignant Lesions/actinic-keratosis-nose-7.jpg
1,E:\MedicalData\kagglechallenge\Dermnet\train/Actinic Keratosis Basal Cell Carcinoma and other Malignant Lesions/actinic-keratosis-nose-9.jpg
1,E:\MedicalData\kagglechallenge\Dermnet\train/Actinic Keratosis Basal Cell Carcinoma and other Malignant Lesions/actinic-keratosis-pigmented-1.jpg
1,E:\MedicalData\kagglechallenge\Dermnet\train/Actinic Keratosis Basal Cell Carcinoma and other Malignant Lesions/actinic-keratosis-pigmented-10.jpg
1,E:\MedicalData\kagglechallenge\Dermnet\train/Actinic Keratosis Basal Cell Carcinoma and other Malignant Lesions/actinic-keratosis-pigmented-11.jpg
1,E:\MedicalData\kagglechallenge\Dermnet\train/Actinic Keratosis Basal Cell Carcinoma and other Malignant Lesions/actinic-keratosis-pigmented-12.jpg
1,E:\MedicalData\kagglechallenge\Dermnet\train/Actinic Keratosis Basal Cell Carcinoma and other Malignant Lesions/actinic-keratosis-pigmented-2.jpg
1,E:\MedicalData\kagglechallenge\Dermnet\train/Actinic Keratosis Basal Cell Carcinoma and other Malignant Lesions/actinic-keratosis-pigmented-5.jpg
1,E:\MedicalData\kagglechallenge\Dermnet\train/Actinic Keratosis Basal Cell Carcinoma and other Malignant Lesions/actinic-keratosis-pigmented-6.jpg
1,E:\MedicalData\kagglechallenge\Dermnet\train/Actinic Keratosis Basal Cell Carcinoma and other Malignant Lesions/actinic-keratosis-pigmented-8.jpg
1,E:\MedicalData\kagglechallenge\Dermnet\train/Actinic Keratosis Basal Cell Carcinoma and other Malignant Lesions/arsenical-keratoses-11.jpg
1,E:\MedicalData\kagglechallenge\Dermnet\train/Actinic Keratosis Basal Cell Carcinoma and other Malignant Lesions/arsenical-keratoses-12.jpg
1,E:\MedicalData\kagglechallenge\Dermnet\train/Actinic Keratosis Basal Cell Carcinoma and other Malignant Lesions/arsenical-keratoses-13.jpg
1,E:\MedicalData\kagglechallenge\Dermnet\train/Actinic Keratosis Basal Cell Carcinoma and other Malignant Lesions/arsenical-keratoses-14.jpg
1,E:\MedicalData\kagglechallenge\Dermnet\train/Actinic Keratosis Basal Cell Carcinoma and other Malignant Lesions/arsenical-keratoses-16.jpg
1,E:\MedicalData\kagglechallenge\Dermnet\train/Actinic Keratosis Basal Cell Carcinoma and other Malignant Lesions/arsenical-keratoses-17.jpg
1,E:\MedicalData\kagglechallenge\Dermnet\train/Actinic Keratosis Basal Cell Carcinoma and other Malignant Lesions/arsenical-keratoses-2.jpg
1,E:\MedicalData\kagglechallenge\Dermnet\train/Actinic Keratosis Basal Cell Carcinoma and other Malignant Lesions/arsenical-keratoses-3.jpg
1,E:\MedicalData\kagglechallenge\Dermnet\train/Actinic Keratosis Basal Cell Carcinoma and other Malignant Lesions/arsenical-keratoses-4.jpg
1,E:\MedicalData\kagglechallenge\Dermnet\train/Actinic Keratosis Basal Cell Carcinoma and other Malignant Lesions/arsenical-keratoses-7.jpg
1,E:\MedicalData\kagglechallenge\Dermnet\train/Actinic Keratosis Basal Cell Carcinoma and other Malignant Lesions/arsenical-keratoses-8.jpg
1,E:\MedicalData\kagglechallenge\Dermnet\train/Actinic Keratosis Basal Cell Carcinoma and other Malignant Lesions/arsenical-keratoses-9.jpg
1,E:\MedicalData\kagglechallenge\Dermnet\train/Actinic Keratosis Basal Cell Carcinoma and other Malignant Lesions/basal-cell-carcinoma-aldara-2.jpg
1,E:\MedicalData\kagglechallenge\Dermnet\train/Actinic Keratosis Basal Cell Carcinoma and other Malignant Lesions/basal-cell-carcinoma-aldara-4.jpg
1,E:\MedicalData\kagglechallenge\Dermnet\train/Actinic Keratosis Basal Cell Carcinoma and other Malignant Lesions/basal-cell-carcinoma-aldara-5.jpg
1,E:\MedicalData\kagglechallenge\Dermnet\train/Actinic Keratosis Basal Cell Carcinoma and other Malignant Lesions/basal-cell-carcinoma-arm-2.jpg
1,E:\MedicalData\kagglechallenge\Dermnet\train/Actinic Keratosis Basal Cell Carcinoma and other Malignant Lesions/basal-cell-carcinoma-ear-10.jpg
1,E:\MedicalData\kagglechallenge\Dermnet\train/Actinic Keratosis Basal Cell Carcinoma and other Malignant Lesions/basal-cell-carcinoma-ear-11.jpg
1,E:\MedicalData\kagglechallenge\Dermnet\train/Actinic Keratosis Basal Cell Carcinoma and other Malignant Lesions/basal-cell-carcinoma-ear-13.jpg
1,E:\MedicalData\kagglechallenge\Dermnet\train/Actinic Keratosis Basal Cell Carcinoma and other Malignant Lesions/basal-cell-carcinoma-ear-14.jpg
1,E:\MedicalData\kagglechallenge\Dermnet\train/Actinic Keratosis Basal Cell Carcinoma and other Malignant Lesions/basal-cell-carcinoma-ear-15.jpg
1,E:\MedicalData\kagglechallenge\Dermnet\train/Actinic Keratosis Basal Cell Carcinoma and other Malignant Lesions/basal-cell-carcinoma-ear-16.jpg
1,E:\MedicalData\kagglechallenge\Dermnet\train/Actinic Keratosis Basal Cell Carcinoma and other Malignant Lesions/basal-cell-carcinoma-ear-18.jpg
1,E:\MedicalData\kagglechallenge\Dermnet\train/Actinic Keratosis Basal Cell Carcinoma and other Malignant Lesions/basal-cell-carcinoma-ear-2.jpg
1,E:\MedicalData\kagglechallenge\Dermnet\train/Actinic Keratosis Basal Cell Carcinoma and other Malignant Lesions/basal-cell-carcinoma-ear-20.jpg
1,E:\MedicalData\kagglechallenge\Dermnet\train/Actinic Keratosis Basal Cell Carcinoma and other Malignant Lesions/basal-cell-carcinoma-ear-21.jpg
1,E:\MedicalData\kagglechallenge\Dermnet\train/Actinic Keratosis Basal Cell Carcinoma and other Malignant Lesions/basal-cell-carcinoma-ear-22.jpg
1,E:\MedicalData\kagglechallenge\Dermnet\train/Actinic Keratosis Basal Cell Carcinoma and other Malignant Lesions/basal-cell-carcinoma-ear-24.jpg
1,E:\MedicalData\kagglechallenge\Dermnet\train/Actinic Keratosis Basal Cell Carcinoma and other Malignant Lesions/basal-cell-carcinoma-ear-26.jpg
1,E:\MedicalData\kagglechallenge\Dermnet\train/Actinic Keratosis Basal Cell Carcinoma and other Malignant Lesions/basal-cell-carcinoma-ear-28.jpg
1,E:\MedicalData\kagglechallenge\Dermnet\train/Actinic Keratosis Basal Cell Carcinoma and other Malignant Lesions/basal-cell-carcinoma-ear-29.jpg
1,E:\MedicalData\kagglechallenge\Dermnet\train/Actinic Keratosis Basal Cell Carcinoma and other Malignant Lesions/basal-cell-carcinoma-ear-3.jpg
1,E:\MedicalData\kagglechallenge\Dermnet\train/Actinic Keratosis Basal Cell Carcinoma and other Malignant Lesions/basal-cell-carcinoma-ear-30.jpg
1,E:\MedicalData\kagglechallenge\Dermnet\train/Actinic Keratosis Basal Cell Carcinoma and other Malignant Lesions/basal-cell-carcinoma-ear-31.jpg
1,E:\MedicalData\kagglechallenge\Dermnet\train/Actinic Keratosis Basal Cell Carcinoma and other Malignant Lesions/basal-cell-carcinoma-ear-33.jpg
1,E:\MedicalData\kagglechallenge\Dermnet\train/Actinic Keratosis Basal Cell Carcinoma and other Malignant Lesions/basal-cell-carcinoma-ear-36.jpg
1,E:\MedicalData\kagglechallenge\Dermnet\train/Actinic Keratosis Basal Cell Carcinoma and other Malignant Lesions/basal-cell-carcinoma-ear-39.jpg
1,E:\MedicalData\kagglechallenge\Dermnet\train/Actinic Keratosis Basal Cell Carcinoma and other Malignant Lesions/basal-cell-carcinoma-ear-4.jpg
1,E:\MedicalData\kagglechallenge\Dermnet\train/Actinic Keratosis Basal Cell Carcinoma and other Malignant Lesions/basal-cell-carcinoma-ear-40.jpg
1,E:\MedicalData\kagglechallenge\Dermnet\train/Actinic Keratosis Basal Cell Carcinoma and other Malignant Lesions/basal-cell-carcinoma-ear-5.jpg
1,E:\MedicalData\kagglechallenge\Dermnet\train/Actinic Keratosis Basal Cell Carcinoma and other Malignant Lesions/basal-cell-carcinoma-ear-7.jpg
1,E:\MedicalData\kagglechallenge\Dermnet\train/Actinic Keratosis Basal Cell Carcinoma and other Malignant Lesions/basal-cell-carcinoma-ear-8.jpg
1,E:\MedicalData\kagglechallenge\Dermnet\train/Actinic Keratosis Basal Cell Carcinoma and other Malignant Lesions/basal-cell-carcinoma-ear-9.jpg
1,E:\MedicalData\kagglechallenge\Dermnet\train/Actinic Keratosis Basal Cell Carcinoma and other Malignant Lesions/basal-cell-carcinoma-face-1.jpg
1,E:\MedicalData\kagglechallenge\Dermnet\train/Actinic Keratosis Basal Cell Carcinoma and other Malignant Lesions/basal-cell-carcinoma-face-10.jpg
1,E:\MedicalData\kagglechallenge\Dermnet\train/Actinic Keratosis Basal Cell Carcinoma and other Malignant Lesions/basal-cell-carcinoma-face-11.jpg
1,E:\MedicalData\kagglechallenge\Dermnet\train/Actinic Keratosis Basal Cell Carcinoma and other Malignant Lesions/basal-cell-carcinoma-face-13.jpg
1,E:\MedicalData\kagglechallenge\Dermnet\train/Actinic Keratosis Basal Cell Carcinoma and other Malignant Lesions/basal-cell-carcinoma-face-14.jpg
1,E:\MedicalData\kagglechallenge\Dermnet\train/Actinic Keratosis Basal Cell Carcinoma and other Malignant Lesions/basal-cell-carcinoma-face-15.jpg
1,E:\MedicalData\kagglechallenge\Dermnet\train/Actinic Keratosis Basal Cell Carcinoma and other Malignant Lesions/basal-cell-carcinoma-face-19.jpg
1,E:\MedicalData\kagglechallenge\Dermnet\train/Actinic Keratosis Basal Cell Carcinoma and other Malignant Lesions/basal-cell-carcinoma-face-20.jpg
1,E:\MedicalData\kagglechallenge\Dermnet\train/Actinic Keratosis Basal Cell Carcinoma and other Malignant Lesions/basal-cell-carcinoma-face-21.jpg
1,E:\MedicalData\kagglechallenge\Dermnet\train/Actinic Keratosis Basal Cell Carcinoma and other Malignant Lesions/basal-cell-carcinoma-face-23.jpg
1,E:\MedicalData\kagglechallenge\Dermnet\train/Actinic Keratosis Basal Cell Carcinoma and other Malignant Lesions/basal-cell-carcinoma-face-24.jpg
1,E:\MedicalData\kagglechallenge\Dermnet\train/Actinic Keratosis Basal Cell Carcinoma and other Malignant Lesions/basal-cell-carcinoma-face-25.jpg
1,E:\MedicalData\kagglechallenge\Dermnet\train/Actinic Keratosis Basal Cell Carcinoma and other Malignant Lesions/basal-cell-carcinoma-face-28.jpg
1,E:\MedicalData\kagglechallenge\Dermnet\train/Actinic Keratosis Basal Cell Carcinoma and other Malignant Lesions/basal-cell-carcinoma-face-31.jpg
1,E:\MedicalData\kagglechallenge\Dermnet\train/Actinic Keratosis Basal Cell Carcinoma and other Malignant Lesions/basal-cell-carcinoma-face-32.jpg
1,E:\MedicalData\kagglechallenge\Dermnet\train/Actinic Keratosis Basal Cell Carcinoma and other Malignant Lesions/basal-cell-carcinoma-face-34.jpg
1,E:\MedicalData\kagglechallenge\Dermnet\train/Actinic Keratosis Basal Cell Carcinoma and other Malignant Lesions/basal-cell-carcinoma-face-37.jpg
1,E:\MedicalData\kagglechallenge\Dermnet\train/Actinic Keratosis Basal Cell Carcinoma and other Malignant Lesions/basal-cell-carcinoma-face-38.jpg
1,E:\MedicalData\kagglechallenge\Dermnet\train/Actinic Keratosis Basal Cell Carcinoma and other Malignant Lesions/basal-cell-carcinoma-face-4.jpg
1,E:\MedicalData\kagglechallenge\Dermnet\train/Actinic Keratosis Basal Cell Carcinoma and other Malignant Lesions/basal-cell-carcinoma-face-40.jpg
1,E:\MedicalData\kagglechallenge\Dermnet\train/Actinic Keratosis Basal Cell Carcinoma and other Malignant Lesions/basal-cell-carcinoma-face-42.jpg
1,E:\MedicalData\kagglechallenge\Dermnet\train/Actinic Keratosis Basal Cell Carcinoma and other Malignant Lesions/basal-cell-carcinoma-face-44.jpg
1,E:\MedicalData\kagglechallenge\Dermnet\train/Actinic Keratosis Basal Cell Carcinoma and other Malignant Lesions/basal-cell-carcinoma-face-6.jpg
1,E:\MedicalData\kagglechallenge\Dermnet\train/Actinic Keratosis Basal Cell Carcinoma and other Malignant Lesions/basal-cell-carcinoma-face-7.jpg
1,E:\MedicalData\kagglechallenge\Dermnet\train/Actinic Keratosis Basal Cell Carcinoma and other Malignant Lesions/basal-cell-carcinoma-face-8.jpg
1,E:\MedicalData\kagglechallenge\Dermnet\train/Actinic Keratosis Basal Cell Carcinoma and other Malignant Lesions/basal-cell-carcinoma-histology-1.jpg
1,E:\MedicalData\kagglechallenge\Dermnet\train/Actinic Keratosis Basal Cell Carcinoma and other Malignant Lesions/basal-cell-carcinoma-histology-2.jpg
1,E:\MedicalData\kagglechallenge\Dermnet\train/Actinic Keratosis Basal Cell Carcinoma and other Malignant Lesions/basal-cell-carcinoma-histology-3.jpg
1,E:\MedicalData\kagglechallenge\Dermnet\train/Actinic Keratosis Basal Cell Carcinoma and other Malignant Lesions/basal-cell-carcinoma-histology-4.jpg
1,E:\MedicalData\kagglechallenge\Dermnet\train/Actinic Keratosis Basal Cell Carcinoma and other Malignant Lesions/basal-cell-carcinoma-histology-6.jpg
1,E:\MedicalData\kagglechallenge\Dermnet\train/Actinic Keratosis Basal Cell Carcinoma and other Malignant Lesions/basal-cell-carcinoma-histology-7.jpg
1,E:\MedicalData\kagglechallenge\Dermnet\train/Actinic Keratosis Basal Cell Carcinoma and other Malignant Lesions/basal-cell-carcinoma-histology-8.jpg
1,E:\MedicalData\kagglechallenge\Dermnet\train/Actinic Keratosis Basal Cell Carcinoma and other Malignant Lesions/basal-cell-carcinoma-histology-9.jpg
1,E:\MedicalData\kagglechallenge\Dermnet\train/Actinic Keratosis Basal Cell Carcinoma and other Malignant Lesions/basal-cell-carcinoma-leg-1.jpg
1,E:\MedicalData\kagglechallenge\Dermnet\train/Actinic Keratosis Basal Cell Carcinoma and other Malignant Lesions/basal-cell-carcinoma-lesion-1.jpg
1,E:\MedicalData\kagglechallenge\Dermnet\train/Actinic Keratosis Basal Cell Carcinoma and other Malignant Lesions/basal-cell-carcinoma-lesion-10.jpg
1,E:\MedicalData\kagglechallenge\Dermnet\train/Actinic Keratosis Basal Cell Carcinoma and other Malignant Lesions/basal-cell-carcinoma-lesion-100.jpg
1,E:\MedicalData\kagglechallenge\Dermnet\train/Actinic Keratosis Basal Cell Carcinoma and other Malignant Lesions/basal-cell-carcinoma-lesion-101.jpg
1,E:\MedicalData\kagglechallenge\Dermnet\train/Actinic Keratosis Basal Cell Carcinoma and other Malignant Lesions/basal-cell-carcinoma-lesion-102.jpg
1,E:\MedicalData\kagglechallenge\Dermnet\train/Actinic Keratosis Basal Cell Carcinoma and other Malignant Lesions/basal-cell-carcinoma-lesion-103.jpg
1,E:\MedicalData\kagglechallenge\Dermnet\train/Actinic Keratosis Basal Cell Carcinoma and other Malignant Lesions/basal-cell-carcinoma-lesion-104.jpg
1,E:\MedicalData\kagglechallenge\Dermnet\train/Actinic Keratosis Basal Cell Carcinoma and other Malignant Lesions/basal-cell-carcinoma-lesion-106.jpg
1,E:\MedicalData\kagglechallenge\Dermnet\train/Actinic Keratosis Basal Cell Carcinoma and other Malignant Lesions/basal-cell-carcinoma-lesion-107.jpg
1,E:\MedicalData\kagglechallenge\Dermnet\train/Actinic Keratosis Basal Cell Carcinoma and other Malignant Lesions/basal-cell-carcinoma-lesion-108.jpg
1,E:\MedicalData\kagglechallenge\Dermnet\train/Actinic Keratosis Basal Cell Carcinoma and other Malignant Lesions/basal-cell-carcinoma-lesion-109.jpg
1,E:\MedicalData\kagglechallenge\Dermnet\train/Actinic Keratosis Basal Cell Carcinoma and other Malignant Lesions/basal-cell-carcinoma-lesion-11.jpg
1,E:\MedicalData\kagglechallenge\Dermnet\train/Actinic Keratosis Basal Cell Carcinoma and other Malignant Lesions/basal-cell-carcinoma-lesion-110.jpg
1,E:\MedicalData\kagglechallenge\Dermnet\train/Actinic Keratosis Basal Cell Carcinoma and other Malignant Lesions/basal-cell-carcinoma-lesion-111.jpg
1,E:\MedicalData\kagglechallenge\Dermnet\train/Actinic Keratosis Basal Cell Carcinoma and other Malignant Lesions/basal-cell-carcinoma-lesion-112.jpg
1,E:\MedicalData\kagglechallenge\Dermnet\train/Actinic Keratosis Basal Cell Carcinoma and other Malignant Lesions/basal-cell-carcinoma-lesion-113.jpg
1,E:\MedicalData\kagglechallenge\Dermnet\train/Actinic Keratosis Basal Cell Carcinoma and other Malignant Lesions/basal-cell-carcinoma-lesion-114.jpg
1,E:\MedicalData\kagglechallenge\Dermnet\train/Actinic Keratosis Basal Cell Carcinoma and other Malignant Lesions/basal-cell-carcinoma-lesion-115.jpg
1,E:\MedicalData\kagglechallenge\Dermnet\train/Actinic Keratosis Basal Cell Carcinoma and other Malignant Lesions/basal-cell-carcinoma-lesion-116.jpg
1,E:\MedicalData\kagglechallenge\Dermnet\train/Actinic Keratosis Basal Cell Carcinoma and other Malignant Lesions/basal-cell-carcinoma-lesion-117.jpg
1,E:\MedicalData\kagglechallenge\Dermnet\train/Actinic Keratosis Basal Cell Carcinoma and other Malignant Lesions/basal-cell-carcinoma-lesion-118.jpg
1,E:\MedicalData\kagglechallenge\Dermnet\train/Actinic Keratosis Basal Cell Carcinoma and other Malignant Lesions/basal-cell-carcinoma-lesion-119.jpg
1,E:\MedicalData\kagglechallenge\Dermnet\train/Actinic Keratosis Basal Cell Carcinoma and other Malignant Lesions/basal-cell-carcinoma-lesion-12.jpg
1,E:\MedicalData\kagglechallenge\Dermnet\train/Actinic Keratosis Basal Cell Carcinoma and other Malignant Lesions/basal-cell-carcinoma-lesion-120.jpg
1,E:\MedicalData\kagglechallenge\Dermnet\train/Actinic Keratosis Basal Cell Carcinoma and other Malignant Lesions/basal-cell-carcinoma-lesion-121.jpg
1,E:\MedicalData\kagglechallenge\Dermnet\train/Actinic Keratosis Basal Cell Carcinoma and other Malignant Lesions/basal-cell-carcinoma-lesion-122.jpg
1,E:\MedicalData\kagglechallenge\Dermnet\train/Actinic Keratosis Basal Cell Carcinoma and other Malignant Lesions/basal-cell-carcinoma-lesion-123.jpg
1,E:\MedicalData\kagglechallenge\Dermnet\train/Actinic Keratosis Basal Cell Carcinoma and other Malignant Lesions/basal-cell-carcinoma-lesion-126.jpg
1,E:\MedicalData\kagglechallenge\Dermnet\train/Actinic Keratosis Basal Cell Carcinoma and other Malignant Lesions/basal-cell-carcinoma-lesion-128.jpg
1,E:\MedicalData\kagglechallenge\Dermnet\train/Actinic Keratosis Basal Cell Carcinoma and other Malignant Lesions/basal-cell-carcinoma-lesion-129.jpg
1,E:\MedicalData\kagglechallenge\Dermnet\train/Actinic Keratosis Basal Cell Carcinoma and other Malignant Lesions/basal-cell-carcinoma-lesion-130.jpg
1,E:\MedicalData\kagglechallenge\Dermnet\train/Actinic Keratosis Basal Cell Carcinoma and other Malignant Lesions/basal-cell-carcinoma-lesion-131.jpg
1,E:\MedicalData\kagglechallenge\Dermnet\train/Actinic Keratosis Basal Cell Carcinoma and other Malignant Lesions/basal-cell-carcinoma-lesion-132.jpg
1,E:\MedicalData\kagglechallenge\Dermnet\train/Actinic Keratosis Basal Cell Carcinoma and other Malignant Lesions/basal-cell-carcinoma-lesion-133.jpg
1,E:\MedicalData\kagglechallenge\Dermnet\train/Actinic Keratosis Basal Cell Carcinoma and other Malignant Lesions/basal-cell-carcinoma-lesion-134.jpg
1,E:\MedicalData\kagglechallenge\Dermnet\train/Actinic Keratosis Basal Cell Carcinoma and other Malignant Lesions/basal-cell-carcinoma-lesion-135.jpg
1,E:\MedicalData\kagglechallenge\Dermnet\train/Actinic Keratosis Basal Cell Carcinoma and other Malignant Lesions/basal-cell-carcinoma-lesion-136.jpg
1,E:\MedicalData\kagglechallenge\Dermnet\train/Actinic Keratosis Basal Cell Carcinoma and other Malignant Lesions/basal-cell-carcinoma-lesion-137.jpg
1,E:\MedicalData\kagglechallenge\Dermnet\train/Actinic Keratosis Basal Cell Carcinoma and other Malignant Lesions/basal-cell-carcinoma-lesion-14.jpg
1,E:\MedicalData\kagglechallenge\Dermnet\train/Actinic Keratosis Basal Cell Carcinoma and other Malignant Lesions/basal-cell-carcinoma-lesion-15.jpg
1,E:\MedicalData\kagglechallenge\Dermnet\train/Actinic Keratosis Basal Cell Carcinoma and other Malignant Lesions/basal-cell-carcinoma-lesion-17.jpg
1,E:\MedicalData\kagglechallenge\Dermnet\train/Actinic Keratosis Basal Cell Carcinoma and other Malignant Lesions/basal-cell-carcinoma-lesion-18.jpg
1,E:\MedicalData\kagglechallenge\Dermnet\train/Actinic Keratosis Basal Cell Carcinoma and other Malignant Lesions/basal-cell-carcinoma-lesion-2.jpg
1,E:\MedicalData\kagglechallenge\Dermnet\train/Actinic Keratosis Basal Cell Carcinoma and other Malignant Lesions/basal-cell-carcinoma-lesion-24.jpg
1,E:\MedicalData\kagglechallenge\Dermnet\train/Actinic Keratosis Basal Cell Carcinoma and other Malignant Lesions/basal-cell-carcinoma-lesion-25.jpg
1,E:\MedicalData\kagglechallenge\Dermnet\train/Actinic Keratosis Basal Cell Carcinoma and other Malignant Lesions/basal-cell-carcinoma-lesion-3.jpg
1,E:\MedicalData\kagglechallenge\Dermnet\train/Actinic Keratosis Basal Cell Carcinoma and other Malignant Lesions/basal-cell-carcinoma-lesion-30.jpg
1,E:\MedicalData\kagglechallenge\Dermnet\train/Actinic Keratosis Basal Cell Carcinoma and other Malignant Lesions/basal-cell-carcinoma-lesion-31.jpg
1,E:\MedicalData\kagglechallenge\Dermnet\train/Actinic Keratosis Basal Cell Carcinoma and other Malignant Lesions/basal-cell-carcinoma-lesion-33.jpg
1,E:\MedicalData\kagglechallenge\Dermnet\train/Actinic Keratosis Basal Cell Carcinoma and other Malignant Lesions/basal-cell-carcinoma-lesion-35.jpg
1,E:\MedicalData\kagglechallenge\Dermnet\train/Actinic Keratosis Basal Cell Carcinoma and other Malignant Lesions/basal-cell-carcinoma-lesion-36.jpg
1,E:\MedicalData\kagglechallenge\Dermnet\train/Actinic Keratosis Basal Cell Carcinoma and other Malignant Lesions/basal-cell-carcinoma-lesion-4.jpg
1,E:\MedicalData\kagglechallenge\Dermnet\train/Actinic Keratosis Basal Cell Carcinoma and other Malignant Lesions/basal-cell-carcinoma-lesion-40.jpg
1,E:\MedicalData\kagglechallenge\Dermnet\train/Actinic Keratosis Basal Cell Carcinoma and other Malignant Lesions/basal-cell-carcinoma-lesion-42.jpg
1,E:\MedicalData\kagglechallenge\Dermnet\train/Actinic Keratosis Basal Cell Carcinoma and other Malignant Lesions/basal-cell-carcinoma-lesion-44.jpg
1,E:\MedicalData\kagglechallenge\Dermnet\train/Actinic Keratosis Basal Cell Carcinoma and other Malignant Lesions/basal-cell-carcinoma-lesion-45.jpg
1,E:\MedicalData\kagglechallenge\Dermnet\train/Actinic Keratosis Basal Cell Carcinoma and other Malignant Lesions/basal-cell-carcinoma-lesion-46.jpg
1,E:\MedicalData\kagglechallenge\Dermnet\train/Actinic Keratosis Basal Cell Carcinoma and other Malignant Lesions/basal-cell-carcinoma-lesion-47.jpg
1,E:\MedicalData\kagglechallenge\Dermnet\train/Actinic Keratosis Basal Cell Carcinoma and other Malignant Lesions/basal-cell-carcinoma-lesion-48.jpg
1,E:\MedicalData\kagglechallenge\Dermnet\train/Actinic Keratosis Basal Cell Carcinoma and other Malignant Lesions/basal-cell-carcinoma-lesion-5.jpg
1,E:\MedicalData\kagglechallenge\Dermnet\train/Actinic Keratosis Basal Cell Carcinoma and other Malignant Lesions/basal-cell-carcinoma-lesion-50.jpg
1,E:\MedicalData\kagglechallenge\Dermnet\train/Actinic Keratosis Basal Cell Carcinoma and other Malignant Lesions/basal-cell-carcinoma-lesion-51.jpg
1,E:\MedicalData\kagglechallenge\Dermnet\train/Actinic Keratosis Basal Cell Carcinoma and other Malignant Lesions/basal-cell-carcinoma-lesion-52.jpg
1,E:\MedicalData\kagglechallenge\Dermnet\train/Actinic Keratosis Basal Cell Carcinoma and other Malignant Lesions/basal-cell-carcinoma-lesion-53.jpg
1,E:\MedicalData\kagglechallenge\Dermnet\train/Actinic Keratosis Basal Cell Carcinoma and other Malignant Lesions/basal-cell-carcinoma-lesion-54.jpg
1,E:\MedicalData\kagglechallenge\Dermnet\train/Actinic Keratosis Basal Cell Carcinoma and other Malignant Lesions/basal-cell-carcinoma-lesion-56.jpg
1,E:\MedicalData\kagglechallenge\Dermnet\train/Actinic Keratosis Basal Cell Carcinoma and other Malignant Lesions/basal-cell-carcinoma-lesion-57.jpg
1,E:\MedicalData\kagglechallenge\Dermnet\train/Actinic Keratosis Basal Cell Carcinoma and other Malignant Lesions/basal-cell-carcinoma-lesion-6.jpg
1,E:\MedicalData\kagglechallenge\Dermnet\train/Actinic Keratosis Basal Cell Carcinoma and other Malignant Lesions/basal-cell-carcinoma-lesion-60.jpg
1,E:\MedicalData\kagglechallenge\Dermnet\train/Actinic Keratosis Basal Cell Carcinoma and other Malignant Lesions/basal-cell-carcinoma-lesion-61.jpg
1,E:\MedicalData\kagglechallenge\Dermnet\train/Actinic Keratosis Basal Cell Carcinoma and other Malignant Lesions/basal-cell-carcinoma-lesion-62.jpg
1,E:\MedicalData\kagglechallenge\Dermnet\train/Actinic Keratosis Basal Cell Carcinoma and other Malignant Lesions/basal-cell-carcinoma-lesion-63.jpg
1,E:\MedicalData\kagglechallenge\Dermnet\train/Actinic Keratosis Basal Cell Carcinoma and other Malignant Lesions/basal-cell-carcinoma-lesion-64.jpg
1,E:\MedicalData\kagglechallenge\Dermnet\train/Actinic Keratosis Basal Cell Carcinoma and other Malignant Lesions/basal-cell-carcinoma-lesion-65.jpg
1,E:\MedicalData\kagglechallenge\Dermnet\train/Actinic Keratosis Basal Cell Carcinoma and other Malignant Lesions/basal-cell-carcinoma-lesion-66.jpg
1,E:\MedicalData\kagglechallenge\Dermnet\train/Actinic Keratosis Basal Cell Carcinoma and other Malignant Lesions/basal-cell-carcinoma-lesion-67.jpg
1,E:\MedicalData\kagglechallenge\Dermnet\train/Actinic Keratosis Basal Cell Carcinoma and other Malignant Lesions/basal-cell-carcinoma-lesion-69.jpg
1,E:\MedicalData\kagglechallenge\Dermnet\train/Actinic Keratosis Basal Cell Carcinoma and other Malignant Lesions/basal-cell-carcinoma-lesion-7.jpg
1,E:\MedicalData\kagglechallenge\Dermnet\train/Actinic Keratosis Basal Cell Carcinoma and other Malignant Lesions/basal-cell-carcinoma-lesion-71.jpg
1,E:\MedicalData\kagglechallenge\Dermnet\train/Actinic Keratosis Basal Cell Carcinoma and other Malignant Lesions/basal-cell-carcinoma-lesion-76.jpg
1,E:\MedicalData\kagglechallenge\Dermnet\train/Actinic Keratosis Basal Cell Carcinoma and other Malignant Lesions/basal-cell-carcinoma-lesion-77.jpg
1,E:\MedicalData\kagglechallenge\Dermnet\train/Actinic Keratosis Basal Cell Carcinoma and other Malignant Lesions/basal-cell-carcinoma-lesion-78.jpg
1,E:\MedicalData\kagglechallenge\Dermnet\train/Actinic Keratosis Basal Cell Carcinoma and other Malignant Lesions/basal-cell-carcinoma-lesion-79.jpg
1,E:\MedicalData\kagglechallenge\Dermnet\train/Actinic Keratosis Basal Cell Carcinoma and other Malignant Lesions/basal-cell-carcinoma-lesion-8.jpg
1,E:\MedicalData\kagglechallenge\Dermnet\train/Actinic Keratosis Basal Cell Carcinoma and other Malignant Lesions/basal-cell-carcinoma-lesion-80.jpg
1,E:\MedicalData\kagglechallenge\Dermnet\train/Actinic Keratosis Basal Cell Carcinoma and other Malignant Lesions/basal-cell-carcinoma-lesion-81.jpg
1,E:\MedicalData\kagglechallenge\Dermnet\train/Actinic Keratosis Basal Cell Carcinoma and other Malignant Lesions/basal-cell-carcinoma-lesion-83.jpg
1,E:\MedicalData\kagglechallenge\Dermnet\train/Actinic Keratosis Basal Cell Carcinoma and other Malignant Lesions/basal-cell-carcinoma-lesion-85.jpg
1,E:\MedicalData\kagglechallenge\Dermnet\train/Actinic Keratosis Basal Cell Carcinoma and other Malignant Lesions/basal-cell-carcinoma-lesion-87.jpg
1,E:\MedicalData\kagglechallenge\Dermnet\train/Actinic Keratosis Basal Cell Carcinoma and other Malignant Lesions/basal-cell-carcinoma-lesion-9.jpg
1,E:\MedicalData\kagglechallenge\Dermnet\train/Actinic Keratosis Basal Cell Carcinoma and other Malignant Lesions/basal-cell-carcinoma-lesion-90.jpg
1,E:\MedicalData\kagglechallenge\Dermnet\train/Actinic Keratosis Basal Cell Carcinoma and other Malignant Lesions/basal-cell-carcinoma-lesion-91.jpg
1,E:\MedicalData\kagglechallenge\Dermnet\train/Actinic Keratosis Basal Cell Carcinoma and other Malignant Lesions/basal-cell-carcinoma-lesion-93.jpg
1,E:\MedicalData\kagglechallenge\Dermnet\train/Actinic Keratosis Basal Cell Carcinoma and other Malignant Lesions/basal-cell-carcinoma-lesion-95.jpg
1,E:\MedicalData\kagglechallenge\Dermnet\train/Actinic Keratosis Basal Cell Carcinoma and other Malignant Lesions/basal-cell-carcinoma-lesion-97.jpg
1,E:\MedicalData\kagglechallenge\Dermnet\train/Actinic Keratosis Basal Cell Carcinoma and other Malignant Lesions/basal-cell-carcinoma-lesion-98.jpg
1,E:\MedicalData\kagglechallenge\Dermnet\train/Actinic Keratosis Basal Cell Carcinoma and other Malignant Lesions/basal-cell-carcinoma-lesion-99.jpg
1,E:\MedicalData\kagglechallenge\Dermnet\train/Actinic Keratosis Basal Cell Carcinoma and other Malignant Lesions/basal-cell-carcinoma-lid-1.jpg
1,E:\MedicalData\kagglechallenge\Dermnet\train/Actinic Keratosis Basal Cell Carcinoma and other Malignant Lesions/basal-cell-carcinoma-lid-10.jpg
1,E:\MedicalData\kagglechallenge\Dermnet\train/Actinic Keratosis Basal Cell Carcinoma and other Malignant Lesions/basal-cell-carcinoma-lid-12.jpg
1,E:\MedicalData\kagglechallenge\Dermnet\train/Actinic Keratosis Basal Cell Carcinoma and other Malignant Lesions/basal-cell-carcinoma-lid-13.jpg
1,E:\MedicalData\kagglechallenge\Dermnet\train/Actinic Keratosis Basal Cell Carcinoma and other Malignant Lesions/basal-cell-carcinoma-lid-15.jpg
1,E:\MedicalData\kagglechallenge\Dermnet\train/Actinic Keratosis Basal Cell Carcinoma and other Malignant Lesions/basal-cell-carcinoma-lid-17.jpg
1,E:\MedicalData\kagglechallenge\Dermnet\train/Actinic Keratosis Basal Cell Carcinoma and other Malignant Lesions/basal-cell-carcinoma-lid-18.jpg
1,E:\MedicalData\kagglechallenge\Dermnet\train/Actinic Keratosis Basal Cell Carcinoma and other Malignant Lesions/basal-cell-carcinoma-lid-19.jpg
1,E:\MedicalData\kagglechallenge\Dermnet\train/Actinic Keratosis Basal Cell Carcinoma and other Malignant Lesions/basal-cell-carcinoma-lid-2.jpg
1,E:\MedicalData\kagglechallenge\Dermnet\train/Actinic Keratosis Basal Cell Carcinoma and other Malignant Lesions/basal-cell-carcinoma-lid-20.jpg
1,E:\MedicalData\kagglechallenge\Dermnet\train/Actinic Keratosis Basal Cell Carcinoma and other Malignant Lesions/basal-cell-carcinoma-lid-21.jpg
1,E:\MedicalData\kagglechallenge\Dermnet\train/Actinic Keratosis Basal Cell Carcinoma and other Malignant Lesions/basal-cell-carcinoma-lid-22.jpg
1,E:\MedicalData\kagglechallenge\Dermnet\train/Actinic Keratosis Basal Cell Carcinoma and other Malignant Lesions/basal-cell-carcinoma-lid-23.jpg
1,E:\MedicalData\kagglechallenge\Dermnet\train/Actinic Keratosis Basal Cell Carcinoma and other Malignant Lesions/basal-cell-carcinoma-lid-24.jpg
1,E:\MedicalData\kagglechallenge\Dermnet\train/Actinic Keratosis Basal Cell Carcinoma and other Malignant Lesions/basal-cell-carcinoma-lid-25.jpg
1,E:\MedicalData\kagglechallenge\Dermnet\train/Actinic Keratosis Basal Cell Carcinoma and other Malignant Lesions/basal-cell-carcinoma-lid-26.jpg
1,E:\MedicalData\kagglechallenge\Dermnet\train/Actinic Keratosis Basal Cell Carcinoma and other Malignant Lesions/basal-cell-carcinoma-lid-29.jpg
1,E:\MedicalData\kagglechallenge\Dermnet\train/Actinic Keratosis Basal Cell Carcinoma and other Malignant Lesions/basal-cell-carcinoma-lid-3.jpg
1,E:\MedicalData\kagglechallenge\Dermnet\train/Actinic Keratosis Basal Cell Carcinoma and other Malignant Lesions/basal-cell-carcinoma-lid-30.jpg
1,E:\MedicalData\kagglechallenge\Dermnet\train/Actinic Keratosis Basal Cell Carcinoma and other Malignant Lesions/basal-cell-carcinoma-lid-31.jpg
1,E:\MedicalData\kagglechallenge\Dermnet\train/Actinic Keratosis Basal Cell Carcinoma and other Malignant Lesions/basal-cell-carcinoma-lid-32.jpg
1,E:\MedicalData\kagglechallenge\Dermnet\train/Actinic Keratosis Basal Cell Carcinoma and other Malignant Lesions/basal-cell-carcinoma-lid-34.jpg
1,E:\MedicalData\kagglechallenge\Dermnet\train/Actinic Keratosis Basal Cell Carcinoma and other Malignant Lesions/basal-cell-carcinoma-lid-35.jpg
1,E:\MedicalData\kagglechallenge\Dermnet\train/Actinic Keratosis Basal Cell Carcinoma and other Malignant Lesions/basal-cell-carcinoma-lid-36.jpg
1,E:\MedicalData\kagglechallenge\Dermnet\train/Actinic Keratosis Basal Cell Carcinoma and other Malignant Lesions/basal-cell-carcinoma-lid-37.jpg
1,E:\MedicalData\kagglechallenge\Dermnet\train/Actinic Keratosis Basal Cell Carcinoma and other Malignant Lesions/basal-cell-carcinoma-lid-38.jpg
1,E:\MedicalData\kagglechallenge\Dermnet\train/Actinic Keratosis Basal Cell Carcinoma and other Malignant Lesions/basal-cell-carcinoma-lid-5.jpg
1,E:\MedicalData\kagglechallenge\Dermnet\train/Actinic Keratosis Basal Cell Carcinoma and other Malignant Lesions/basal-cell-carcinoma-lid-6.jpg
1,E:\MedicalData\kagglechallenge\Dermnet\train/Actinic Keratosis Basal Cell Carcinoma and other Malignant Lesions/basal-cell-carcinoma-lid-7.jpg
1,E:\MedicalData\kagglechallenge\Dermnet\train/Actinic Keratosis Basal Cell Carcinoma and other Malignant Lesions/basal-cell-carcinoma-lid-8.jpg
1,E:\MedicalData\kagglechallenge\Dermnet\train/Actinic Keratosis Basal Cell Carcinoma and other Malignant Lesions/basal-cell-carcinoma-lid-9.jpg
1,E:\MedicalData\kagglechallenge\Dermnet\train/Actinic Keratosis Basal Cell Carcinoma and other Malignant Lesions/basal-cell-carcinoma-lip-1.jpg
1,E:\MedicalData\kagglechallenge\Dermnet\train/Actinic Keratosis Basal Cell Carcinoma and other Malignant Lesions/basal-cell-carcinoma-lip-10.jpg
1,E:\MedicalData\kagglechallenge\Dermnet\train/Actinic Keratosis Basal Cell Carcinoma and other Malignant Lesions/basal-cell-carcinoma-lip-11.jpg
1,E:\MedicalData\kagglechallenge\Dermnet\train/Actinic Keratosis Basal Cell Carcinoma and other Malignant Lesions/basal-cell-carcinoma-lip-12.jpg
1,E:\MedicalData\kagglechallenge\Dermnet\train/Actinic Keratosis Basal Cell Carcinoma and other Malignant Lesions/basal-cell-carcinoma-lip-13.jpg
1,E:\MedicalData\kagglechallenge\Dermnet\train/Actinic Keratosis Basal Cell Carcinoma and other Malignant Lesions/basal-cell-carcinoma-lip-15.jpg
1,E:\MedicalData\kagglechallenge\Dermnet\train/Actinic Keratosis Basal Cell Carcinoma and other Malignant Lesions/basal-cell-carcinoma-lip-16.jpg
1,E:\MedicalData\kagglechallenge\Dermnet\train/Actinic Keratosis Basal Cell Carcinoma and other Malignant Lesions/basal-cell-carcinoma-lip-17.jpg
1,E:\MedicalData\kagglechallenge\Dermnet\train/Actinic Keratosis Basal Cell Carcinoma and other Malignant Lesions/basal-cell-carcinoma-lip-18.jpg
1,E:\MedicalData\kagglechallenge\Dermnet\train/Actinic Keratosis Basal Cell Carcinoma and other Malignant Lesions/basal-cell-carcinoma-lip-19.jpg
1,E:\MedicalData\kagglechallenge\Dermnet\train/Actinic Keratosis Basal Cell Carcinoma and other Malignant Lesions/basal-cell-carcinoma-lip-2.jpg
1,E:\MedicalData\kagglechallenge\Dermnet\train/Actinic Keratosis Basal Cell Carcinoma and other Malignant Lesions/basal-cell-carcinoma-lip-20.jpg
1,E:\MedicalData\kagglechallenge\Dermnet\train/Actinic Keratosis Basal Cell Carcinoma and other Malignant Lesions/basal-cell-carcinoma-lip-21.jpg
1,E:\MedicalData\kagglechallenge\Dermnet\train/Actinic Keratosis Basal Cell Carcinoma and other Malignant Lesions/basal-cell-carcinoma-lip-24.jpg
1,E:\MedicalData\kagglechallenge\Dermnet\train/Actinic Keratosis Basal Cell Carcinoma and other Malignant Lesions/basal-cell-carcinoma-lip-25.jpg
1,E:\MedicalData\kagglechallenge\Dermnet\train/Actinic Keratosis Basal Cell Carcinoma and other Malignant Lesions/basal-cell-carcinoma-lip-26.jpg
1,E:\MedicalData\kagglechallenge\Dermnet\train/Actinic Keratosis Basal Cell Carcinoma and other Malignant Lesions/basal-cell-carcinoma-lip-27.jpg
1,E:\MedicalData\kagglechallenge\Dermnet\train/Actinic Keratosis Basal Cell Carcinoma and other Malignant Lesions/basal-cell-carcinoma-lip-3.jpg
1,E:\MedicalData\kagglechallenge\Dermnet\train/Actinic Keratosis Basal Cell Carcinoma and other Malignant Lesions/basal-cell-carcinoma-lip-30.jpg
1,E:\MedicalData\kagglechallenge\Dermnet\train/Actinic Keratosis Basal Cell Carcinoma and other Malignant Lesions/basal-cell-carcinoma-lip-31.jpg
1,E:\MedicalData\kagglechallenge\Dermnet\train/Actinic Keratosis Basal Cell Carcinoma and other Malignant Lesions/basal-cell-carcinoma-lip-32.jpg
1,E:\MedicalData\kagglechallenge\Dermnet\train/Actinic Keratosis Basal Cell Carcinoma and other Malignant Lesions/basal-cell-carcinoma-lip-34.jpg
1,E:\MedicalData\kagglechallenge\Dermnet\train/Actinic Keratosis Basal Cell Carcinoma and other Malignant Lesions/basal-cell-carcinoma-lip-4.jpg
1,E:\MedicalData\kagglechallenge\Dermnet\train/Actinic Keratosis Basal Cell Carcinoma and other Malignant Lesions/basal-cell-carcinoma-lip-7.jpg
1,E:\MedicalData\kagglechallenge\Dermnet\train/Actinic Keratosis Basal Cell Carcinoma and other Malignant Lesions/basal-cell-carcinoma-lip-8.jpg
1,E:\MedicalData\kagglechallenge\Dermnet\train/Actinic Keratosis Basal Cell Carcinoma and other Malignant Lesions/basal-cell-carcinoma-lip-9.jpg
1,E:\MedicalData\kagglechallenge\Dermnet\train/Actinic Keratosis Basal Cell Carcinoma and other Malignant Lesions/basal-cell-carcinoma-nose-1.jpg
1,E:\MedicalData\kagglechallenge\Dermnet\train/Actinic Keratosis Basal Cell Carcinoma and other Malignant Lesions/basal-cell-carcinoma-nose-12.jpg
1,E:\MedicalData\kagglechallenge\Dermnet\train/Actinic Keratosis Basal Cell Carcinoma and other Malignant Lesions/basal-cell-carcinoma-nose-13.jpg
1,E:\MedicalData\kagglechallenge\Dermnet\train/Actinic Keratosis Basal Cell Carcinoma and other Malignant Lesions/basal-cell-carcinoma-nose-14.jpg
1,E:\MedicalData\kagglechallenge\Dermnet\train/Actinic Keratosis Basal Cell Carcinoma and other Malignant Lesions/basal-cell-carcinoma-nose-15.jpg
1,E:\MedicalData\kagglechallenge\Dermnet\train/Actinic Keratosis Basal Cell Carcinoma and other Malignant Lesions/basal-cell-carcinoma-nose-16.jpg
1,E:\MedicalData\kagglechallenge\Dermnet\train/Actinic Keratosis Basal Cell Carcinoma and other Malignant Lesions/basal-cell-carcinoma-nose-19.jpg
1,E:\MedicalData\kagglechallenge\Dermnet\train/Actinic Keratosis Basal Cell Carcinoma and other Malignant Lesions/basal-cell-carcinoma-nose-2.jpg
1,E:\MedicalData\kagglechallenge\Dermnet\train/Actinic Keratosis Basal Cell Carcinoma and other Malignant Lesions/basal-cell-carcinoma-nose-21.jpg
1,E:\MedicalData\kagglechallenge\Dermnet\train/Actinic Keratosis Basal Cell Carcinoma and other Malignant Lesions/basal-cell-carcinoma-nose-22.jpg
1,E:\MedicalData\kagglechallenge\Dermnet\train/Actinic Keratosis Basal Cell Carcinoma and other Malignant Lesions/basal-cell-carcinoma-nose-23.jpg
1,E:\MedicalData\kagglechallenge\Dermnet\train/Actinic Keratosis Basal Cell Carcinoma and other Malignant Lesions/basal-cell-carcinoma-nose-24.jpg
1,E:\MedicalData\kagglechallenge\Dermnet\train/Actinic Keratosis Basal Cell Carcinoma and other Malignant Lesions/basal-cell-carcinoma-nose-27.jpg
1,E:\MedicalData\kagglechallenge\Dermnet\train/Actinic Keratosis Basal Cell Carcinoma and other Malignant Lesions/basal-cell-carcinoma-nose-29.jpg
1,E:\MedicalData\kagglechallenge\Dermnet\train/Actinic Keratosis Basal Cell Carcinoma and other Malignant Lesions/basal-cell-carcinoma-nose-30.jpg
1,E:\MedicalData\kagglechallenge\Dermnet\train/Actinic Keratosis Basal Cell Carcinoma and other Malignant Lesions/basal-cell-carcinoma-nose-31.jpg
1,E:\MedicalData\kagglechallenge\Dermnet\train/Actinic Keratosis Basal Cell Carcinoma and other Malignant Lesions/basal-cell-carcinoma-nose-32.jpg
1,E:\MedicalData\kagglechallenge\Dermnet\train/Actinic Keratosis Basal Cell Carcinoma and other Malignant Lesions/basal-cell-carcinoma-nose-33.jpg
1,E:\MedicalData\kagglechallenge\Dermnet\train/Actinic Keratosis Basal Cell Carcinoma and other Malignant Lesions/basal-cell-carcinoma-nose-34.jpg
1,E:\MedicalData\kagglechallenge\Dermnet\train/Actinic Keratosis Basal Cell Carcinoma and other Malignant Lesions/basal-cell-carcinoma-nose-38.jpg
1,E:\MedicalData\kagglechallenge\Dermnet\train/Actinic Keratosis Basal Cell Carcinoma and other Malignant Lesions/basal-cell-carcinoma-nose-39.jpg
1,E:\MedicalData\kagglechallenge\Dermnet\train/Actinic Keratosis Basal Cell Carcinoma and other Malignant Lesions/basal-cell-carcinoma-nose-4.jpg
1,E:\MedicalData\kagglechallenge\Dermnet\train/Actinic Keratosis Basal Cell Carcinoma and other Malignant Lesions/basal-cell-carcinoma-nose-40.jpg
1,E:\MedicalData\kagglechallenge\Dermnet\train/Actinic Keratosis Basal Cell Carcinoma and other Malignant Lesions/basal-cell-carcinoma-nose-44.jpg
1,E:\MedicalData\kagglechallenge\Dermnet\train/Actinic Keratosis Basal Cell Carcinoma and other Malignant Lesions/basal-cell-carcinoma-nose-47.jpg
1,E:\MedicalData\kagglechallenge\Dermnet\train/Actinic Keratosis Basal Cell Carcinoma and other Malignant Lesions/basal-cell-carcinoma-nose-49.jpg
1,E:\MedicalData\kagglechallenge\Dermnet\train/Actinic Keratosis Basal Cell Carcinoma and other Malignant Lesions/basal-cell-carcinoma-nose-51.jpg
1,E:\MedicalData\kagglechallenge\Dermnet\train/Actinic Keratosis Basal Cell Carcinoma and other Malignant Lesions/basal-cell-carcinoma-nose-56.jpg
1,E:\MedicalData\kagglechallenge\Dermnet\train/Actinic Keratosis Basal Cell Carcinoma and other Malignant Lesions/basal-cell-carcinoma-nose-57.jpg
1,E:\MedicalData\kagglechallenge\Dermnet\train/Actinic Keratosis Basal Cell Carcinoma and other Malignant Lesions/basal-cell-carcinoma-nose-6.jpg
1,E:\MedicalData\kagglechallenge\Dermnet\train/Actinic Keratosis Basal Cell Carcinoma and other Malignant Lesions/basal-cell-carcinoma-nose-62.jpg
1,E:\MedicalData\kagglechallenge\Dermnet\train/Actinic Keratosis Basal Cell Carcinoma and other Malignant Lesions/basal-cell-carcinoma-nose-63.jpg
1,E:\MedicalData\kagglechallenge\Dermnet\train/Actinic Keratosis Basal Cell Carcinoma and other Malignant Lesions/basal-cell-carcinoma-nose-65.jpg
1,E:\MedicalData\kagglechallenge\Dermnet\train/Actinic Keratosis Basal Cell Carcinoma and other Malignant Lesions/basal-cell-carcinoma-nose-66.jpg
1,E:\MedicalData\kagglechallenge\Dermnet\train/Actinic Keratosis Basal Cell Carcinoma and other Malignant Lesions/basal-cell-carcinoma-nose-67.jpg
1,E:\MedicalData\kagglechallenge\Dermnet\train/Actinic Keratosis Basal Cell Carcinoma and other Malignant Lesions/basal-cell-carcinoma-nose-68.jpg
1,E:\MedicalData\kagglechallenge\Dermnet\train/Actinic Keratosis Basal Cell Carcinoma and other Malignant Lesions/basal-cell-carcinoma-nose-69.jpg
1,E:\MedicalData\kagglechallenge\Dermnet\train/Actinic Keratosis Basal Cell Carcinoma and other Malignant Lesions/basal-cell-carcinoma-nose-70.jpg
1,E:\MedicalData\kagglechallenge\Dermnet\train/Actinic Keratosis Basal Cell Carcinoma and other Malignant Lesions/basal-cell-carcinoma-nose-71.jpg
1,E:\MedicalData\kagglechallenge\Dermnet\train/Actinic Keratosis Basal Cell Carcinoma and other Malignant Lesions/basal-cell-carcinoma-nose-72.jpg
1,E:\MedicalData\kagglechallenge\Dermnet\train/Actinic Keratosis Basal Cell Carcinoma and other Malignant Lesions/basal-cell-carcinoma-nose-74.jpg
1,E:\MedicalData\kagglechallenge\Dermnet\train/Actinic Keratosis Basal Cell Carcinoma and other Malignant Lesions/basal-cell-carcinoma-nose-8.jpg
1,E:\MedicalData\kagglechallenge\Dermnet\train/Actinic Keratosis Basal Cell Carcinoma and other Malignant Lesions/basal-cell-carcinoma-nose-9.jpg
1,E:\MedicalData\kagglechallenge\Dermnet\train/Actinic Keratosis Basal Cell Carcinoma and other Malignant Lesions/basal-cell-carcinoma-pigmented-10.jpg
1,E:\MedicalData\kagglechallenge\Dermnet\train/Actinic Keratosis Basal Cell Carcinoma and other Malignant Lesions/basal-cell-carcinoma-pigmented-11.jpg
1,E:\MedicalData\kagglechallenge\Dermnet\train/Actinic Keratosis Basal Cell Carcinoma and other Malignant Lesions/basal-cell-carcinoma-pigmented-12.jpg
1,E:\MedicalData\kagglechallenge\Dermnet\train/Actinic Keratosis Basal Cell Carcinoma and other Malignant Lesions/basal-cell-carcinoma-pigmented-13.jpg
1,E:\MedicalData\kagglechallenge\Dermnet\train/Actinic Keratosis Basal Cell Carcinoma and other Malignant Lesions/basal-cell-carcinoma-pigmented-14.jpg
1,E:\MedicalData\kagglechallenge\Dermnet\train/Actinic Keratosis Basal Cell Carcinoma and other Malignant Lesions/basal-cell-carcinoma-pigmented-16.jpg
1,E:\MedicalData\kagglechallenge\Dermnet\train/Actinic Keratosis Basal Cell Carcinoma and other Malignant Lesions/basal-cell-carcinoma-pigmented-17.jpg
1,E:\MedicalData\kagglechallenge\Dermnet\train/Actinic Keratosis Basal Cell Carcinoma and other Malignant Lesions/basal-cell-carcinoma-pigmented-18.jpg
1,E:\MedicalData\kagglechallenge\Dermnet\train/Actinic Keratosis Basal Cell Carcinoma and other Malignant Lesions/basal-cell-carcinoma-pigmented-2.jpg
1,E:\MedicalData\kagglechallenge\Dermnet\train/Actinic Keratosis Basal Cell Carcinoma and other Malignant Lesions/basal-cell-carcinoma-pigmented-20.jpg
1,E:\MedicalData\kagglechallenge\Dermnet\train/Actinic Keratosis Basal Cell Carcinoma and other Malignant Lesions/basal-cell-carcinoma-pigmented-22.jpg
1,E:\MedicalData\kagglechallenge\Dermnet\train/Actinic Keratosis Basal Cell Carcinoma and other Malignant Lesions/basal-cell-carcinoma-pigmented-23.jpg
1,E:\MedicalData\kagglechallenge\Dermnet\train/Actinic Keratosis Basal Cell Carcinoma and other Malignant Lesions/basal-cell-carcinoma-pigmented-24.jpg
1,E:\MedicalData\kagglechallenge\Dermnet\train/Actinic Keratosis Basal Cell Carcinoma and other Malignant Lesions/basal-cell-carcinoma-pigmented-26.jpg
1,E:\MedicalData\kagglechallenge\Dermnet\train/Actinic Keratosis Basal Cell Carcinoma and other Malignant Lesions/basal-cell-carcinoma-pigmented-27.jpg
1,E:\MedicalData\kagglechallenge\Dermnet\train/Actinic Keratosis Basal Cell Carcinoma and other Malignant Lesions/basal-cell-carcinoma-pigmented-29.jpg
1,E:\MedicalData\kagglechallenge\Dermnet\train/Actinic Keratosis Basal Cell Carcinoma and other Malignant Lesions/basal-cell-carcinoma-pigmented-3.jpg
1,E:\MedicalData\kagglechallenge\Dermnet\train/Actinic Keratosis Basal Cell Carcinoma and other Malignant Lesions/basal-cell-carcinoma-pigmented-30.jpg
1,E:\MedicalData\kagglechallenge\Dermnet\train/Actinic Keratosis Basal Cell Carcinoma and other Malignant Lesions/basal-cell-carcinoma-pigmented-33.jpg
1,E:\MedicalData\kagglechallenge\Dermnet\train/Actinic Keratosis Basal Cell Carcinoma and other Malignant Lesions/basal-cell-carcinoma-pigmented-35.jpg
1,E:\MedicalData\kagglechallenge\Dermnet\train/Actinic Keratosis Basal Cell Carcinoma and other Malignant Lesions/basal-cell-carcinoma-pigmented-36.jpg
1,E:\MedicalData\kagglechallenge\Dermnet\train/Actinic Keratosis Basal Cell Carcinoma and other Malignant Lesions/basal-cell-carcinoma-pigmented-37.jpg
1,E:\MedicalData\kagglechallenge\Dermnet\train/Actinic Keratosis Basal Cell Carcinoma and other Malignant Lesions/basal-cell-carcinoma-pigmented-38.jpg
1,E:\MedicalData\kagglechallenge\Dermnet\train/Actinic Keratosis Basal Cell Carcinoma and other Malignant Lesions/basal-cell-carcinoma-pigmented-39.jpg
1,E:\MedicalData\kagglechallenge\Dermnet\train/Actinic Keratosis Basal Cell Carcinoma and other Malignant Lesions/basal-cell-carcinoma-pigmented-4.jpg
1,E:\MedicalData\kagglechallenge\Dermnet\train/Actinic Keratosis Basal Cell Carcinoma and other Malignant Lesions/basal-cell-carcinoma-pigmented-40.jpg
1,E:\MedicalData\kagglechallenge\Dermnet\train/Actinic Keratosis Basal Cell Carcinoma and other Malignant Lesions/basal-cell-carcinoma-pigmented-41.jpg
1,E:\MedicalData\kagglechallenge\Dermnet\train/Actinic Keratosis Basal Cell Carcinoma and other Malignant Lesions/basal-cell-carcinoma-pigmented-44.jpg
1,E:\MedicalData\kagglechallenge\Dermnet\train/Actinic Keratosis Basal Cell Carcinoma and other Malignant Lesions/basal-cell-carcinoma-pigmented-47.jpg
1,E:\MedicalData\kagglechallenge\Dermnet\train/Actinic Keratosis Basal Cell Carcinoma and other Malignant Lesions/basal-cell-carcinoma-pigmented-48.jpg
1,E:\MedicalData\kagglechallenge\Dermnet\train/Actinic Keratosis Basal Cell Carcinoma and other Malignant Lesions/basal-cell-carcinoma-pigmented-49.jpg
1,E:\MedicalData\kagglechallenge\Dermnet\train/Actinic Keratosis Basal Cell Carcinoma and other Malignant Lesions/basal-cell-carcinoma-pigmented-5.jpg
1,E:\MedicalData\kagglechallenge\Dermnet\train/Actinic Keratosis Basal Cell Carcinoma and other Malignant Lesions/basal-cell-carcinoma-pigmented-50.jpg
1,E:\MedicalData\kagglechallenge\Dermnet\train/Actinic Keratosis Basal Cell Carcinoma and other Malignant Lesions/basal-cell-carcinoma-pigmented-56.jpg
1,E:\MedicalData\kagglechallenge\Dermnet\train/Actinic Keratosis Basal Cell Carcinoma and other Malignant Lesions/basal-cell-carcinoma-pigmented-57.jpg
1,E:\MedicalData\kagglechallenge\Dermnet\train/Actinic Keratosis Basal Cell Carcinoma and other Malignant Lesions/basal-cell-carcinoma-pigmented-59.jpg
1,E:\MedicalData\kagglechallenge\Dermnet\train/Actinic Keratosis Basal Cell Carcinoma and other Malignant Lesions/basal-cell-carcinoma-pigmented-6.jpg
1,E:\MedicalData\kagglechallenge\Dermnet\train/Actinic Keratosis Basal Cell Carcinoma and other Malignant Lesions/basal-cell-carcinoma-pigmented-60.jpg
1,E:\MedicalData\kagglechallenge\Dermnet\train/Actinic Keratosis Basal Cell Carcinoma and other Malignant Lesions/basal-cell-carcinoma-pigmented-61.jpg
1,E:\MedicalData\kagglechallenge\Dermnet\train/Actinic Keratosis Basal Cell Carcinoma and other Malignant Lesions/basal-cell-carcinoma-pigmented-62.jpg
1,E:\MedicalData\kagglechallenge\Dermnet\train/Actinic Keratosis Basal Cell Carcinoma and other Malignant Lesions/basal-cell-carcinoma-pigmented-64.jpg
1,E:\MedicalData\kagglechallenge\Dermnet\train/Actinic Keratosis Basal Cell Carcinoma and other Malignant Lesions/basal-cell-carcinoma-pigmented-65.jpg
1,E:\MedicalData\kagglechallenge\Dermnet\train/Actinic Keratosis Basal Cell Carcinoma and other Malignant Lesions/basal-cell-carcinoma-pigmented-66.jpg
1,E:\MedicalData\kagglechallenge\Dermnet\train/Actinic Keratosis Basal Cell Carcinoma and other Malignant Lesions/basal-cell-carcinoma-pigmented-67.jpg
1,E:\MedicalData\kagglechallenge\Dermnet\train/Actinic Keratosis Basal Cell Carcinoma and other Malignant Lesions/basal-cell-carcinoma-pigmented-68.jpg
1,E:\MedicalData\kagglechallenge\Dermnet\train/Actinic Keratosis Basal Cell Carcinoma and other Malignant Lesions/basal-cell-carcinoma-pigmented-7.jpg
1,E:\MedicalData\kagglechallenge\Dermnet\train/Actinic Keratosis Basal Cell Carcinoma and other Malignant Lesions/basal-cell-carcinoma-pigmented-72.jpg
1,E:\MedicalData\kagglechallenge\Dermnet\train/Actinic Keratosis Basal Cell Carcinoma and other Malignant Lesions/basal-cell-carcinoma-pigmented-73.jpg
1,E:\MedicalData\kagglechallenge\Dermnet\train/Actinic Keratosis Basal Cell Carcinoma and other Malignant Lesions/basal-cell-carcinoma-pigmented-74.jpg
1,E:\MedicalData\kagglechallenge\Dermnet\train/Actinic Keratosis Basal Cell Carcinoma and other Malignant Lesions/basal-cell-carcinoma-pigmented-75.jpg
1,E:\MedicalData\kagglechallenge\Dermnet\train/Actinic Keratosis Basal Cell Carcinoma and other Malignant Lesions/basal-cell-carcinoma-pigmented-76.jpg
1,E:\MedicalData\kagglechallenge\Dermnet\train/Actinic Keratosis Basal Cell Carcinoma and other Malignant Lesions/basal-cell-carcinoma-pigmented-77.jpg
1,E:\MedicalData\kagglechallenge\Dermnet\train/Actinic Keratosis Basal Cell Carcinoma and other Malignant Lesions/basal-cell-carcinoma-pigmented-9.jpg
1,E:\MedicalData\kagglechallenge\Dermnet\train/Actinic Keratosis Basal Cell Carcinoma and other Malignant Lesions/basal-cell-carcinoma-scalp-1.jpg
1,E:\MedicalData\kagglechallenge\Dermnet\train/Actinic Keratosis Basal Cell Carcinoma and other Malignant Lesions/basal-cell-carcinoma-scalp-10.jpg
1,E:\MedicalData\kagglechallenge\Dermnet\train/Actinic Keratosis Basal Cell Carcinoma and other Malignant Lesions/basal-cell-carcinoma-scalp-12.jpg
1,E:\MedicalData\kagglechallenge\Dermnet\train/Actinic Keratosis Basal Cell Carcinoma and other Malignant Lesions/basal-cell-carcinoma-scalp-13.jpg
1,E:\MedicalData\kagglechallenge\Dermnet\train/Actinic Keratosis Basal Cell Carcinoma and other Malignant Lesions/basal-cell-carcinoma-scalp-15.jpg
1,E:\MedicalData\kagglechallenge\Dermnet\train/Actinic Keratosis Basal Cell Carcinoma and other Malignant Lesions/basal-cell-carcinoma-scalp-2.jpg
1,E:\MedicalData\kagglechallenge\Dermnet\train/Actinic Keratosis Basal Cell Carcinoma and other Malignant Lesions/basal-cell-carcinoma-scalp-3.jpg
1,E:\MedicalData\kagglechallenge\Dermnet\train/Actinic Keratosis Basal Cell Carcinoma and other Malignant Lesions/basal-cell-carcinoma-scalp-4.jpg
1,E:\MedicalData\kagglechallenge\Dermnet\train/Actinic Keratosis Basal Cell Carcinoma and other Malignant Lesions/basal-cell-carcinoma-scalp-6.jpg
1,E:\MedicalData\kagglechallenge\Dermnet\train/Actinic Keratosis Basal Cell Carcinoma and other Malignant Lesions/basal-cell-carcinoma-scalp-7.jpg
1,E:\MedicalData\kagglechallenge\Dermnet\train/Actinic Keratosis Basal Cell Carcinoma and other Malignant Lesions/basal-cell-carcinoma-scalp-8.jpg
1,E:\MedicalData\kagglechallenge\Dermnet\train/Actinic Keratosis Basal Cell Carcinoma and other Malignant Lesions/basal-cell-carcinoma-scalp-9.jpg
1,E:\MedicalData\kagglechallenge\Dermnet\train/Actinic Keratosis Basal Cell Carcinoma and other Malignant Lesions/basal-cell-carcinoma-sclerosing-1.jpg
1,E:\MedicalData\kagglechallenge\Dermnet\train/Actinic Keratosis Basal Cell Carcinoma and other Malignant Lesions/basal-cell-carcinoma-sclerosing-4.jpg
1,E:\MedicalData\kagglechallenge\Dermnet\train/Actinic Keratosis Basal Cell Carcinoma and other Malignant Lesions/basal-cell-carcinoma-superficial-1.jpg
1,E:\MedicalData\kagglechallenge\Dermnet\train/Actinic Keratosis Basal Cell Carcinoma and other Malignant Lesions/basal-cell-carcinoma-superficial-10.jpg
1,E:\MedicalData\kagglechallenge\Dermnet\train/Actinic Keratosis Basal Cell Carcinoma and other Malignant Lesions/basal-cell-carcinoma-superficial-12.jpg
1,E:\MedicalData\kagglechallenge\Dermnet\train/Actinic Keratosis Basal Cell Carcinoma and other Malignant Lesions/basal-cell-carcinoma-superficial-13.jpg
1,E:\MedicalData\kagglechallenge\Dermnet\train/Actinic Keratosis Basal Cell Carcinoma and other Malignant Lesions/basal-cell-carcinoma-superficial-14.jpg
1,E:\MedicalData\kagglechallenge\Dermnet\train/Actinic Keratosis Basal Cell Carcinoma and other Malignant Lesions/basal-cell-carcinoma-superficial-15.jpg
1,E:\MedicalData\kagglechallenge\Dermnet\train/Actinic Keratosis Basal Cell Carcinoma and other Malignant Lesions/basal-cell-carcinoma-superficial-17.jpg
1,E:\MedicalData\kagglechallenge\Dermnet\train/Actinic Keratosis Basal Cell Carcinoma and other Malignant Lesions/basal-cell-carcinoma-superficial-18.jpg
1,E:\MedicalData\kagglechallenge\Dermnet\train/Actinic Keratosis Basal Cell Carcinoma and other Malignant Lesions/basal-cell-carcinoma-superficial-2.jpg
1,E:\MedicalData\kagglechallenge\Dermnet\train/Actinic Keratosis Basal Cell Carcinoma and other Malignant Lesions/basal-cell-carcinoma-superficial-20.jpg
1,E:\MedicalData\kagglechallenge\Dermnet\train/Actinic Keratosis Basal Cell Carcinoma and other Malignant Lesions/basal-cell-carcinoma-superficial-22.jpg
1,E:\MedicalData\kagglechallenge\Dermnet\train/Actinic Keratosis Basal Cell Carcinoma and other Malignant Lesions/basal-cell-carcinoma-superficial-23.jpg
1,E:\MedicalData\kagglechallenge\Dermnet\train/Actinic Keratosis Basal Cell Carcinoma and other Malignant Lesions/basal-cell-carcinoma-superficial-24.jpg
1,E:\MedicalData\kagglechallenge\Dermnet\train/Actinic Keratosis Basal Cell Carcinoma and other Malignant Lesions/basal-cell-carcinoma-superficial-25.jpg
1,E:\MedicalData\kagglechallenge\Dermnet\train/Actinic Keratosis Basal Cell Carcinoma and other Malignant Lesions/basal-cell-carcinoma-superficial-26.jpg
1,E:\MedicalData\kagglechallenge\Dermnet\train/Actinic Keratosis Basal Cell Carcinoma and other Malignant Lesions/basal-cell-carcinoma-superficial-27.jpg
1,E:\MedicalData\kagglechallenge\Dermnet\train/Actinic Keratosis Basal Cell Carcinoma and other Malignant Lesions/basal-cell-carcinoma-superficial-28.jpg
1,E:\MedicalData\kagglechallenge\Dermnet\train/Actinic Keratosis Basal Cell Carcinoma and other Malignant Lesions/basal-cell-carcinoma-superficial-29.jpg
1,E:\MedicalData\kagglechallenge\Dermnet\train/Actinic Keratosis Basal Cell Carcinoma and other Malignant Lesions/basal-cell-carcinoma-superficial-3.jpg
1,E:\MedicalData\kagglechallenge\Dermnet\train/Actinic Keratosis Basal Cell Carcinoma and other Malignant Lesions/basal-cell-carcinoma-superficial-35.jpg
1,E:\MedicalData\kagglechallenge\Dermnet\train/Actinic Keratosis Basal Cell Carcinoma and other Malignant Lesions/basal-cell-carcinoma-superficial-36.jpg
1,E:\MedicalData\kagglechallenge\Dermnet\train/Actinic Keratosis Basal Cell Carcinoma and other Malignant Lesions/basal-cell-carcinoma-superficial-39.jpg
1,E:\MedicalData\kagglechallenge\Dermnet\train/Actinic Keratosis Basal Cell Carcinoma and other Malignant Lesions/basal-cell-carcinoma-superficial-4.jpg
1,E:\MedicalData\kagglechallenge\Dermnet\train/Actinic Keratosis Basal Cell Carcinoma and other Malignant Lesions/basal-cell-carcinoma-superficial-42.jpg
1,E:\MedicalData\kagglechallenge\Dermnet\train/Actinic Keratosis Basal Cell Carcinoma and other Malignant Lesions/basal-cell-carcinoma-superficial-43.jpg
1,E:\MedicalData\kagglechallenge\Dermnet\train/Actinic Keratosis Basal Cell Carcinoma and other Malignant Lesions/basal-cell-carcinoma-superficial-45.jpg
1,E:\MedicalData\kagglechallenge\Dermnet\train/Actinic Keratosis Basal Cell Carcinoma and other Malignant Lesions/basal-cell-carcinoma-superficial-46.jpg
1,E:\MedicalData\kagglechallenge\Dermnet\train/Actinic Keratosis Basal Cell Carcinoma and other Malignant Lesions/basal-cell-carcinoma-superficial-48.jpg
1,E:\MedicalData\kagglechallenge\Dermnet\train/Actinic Keratosis Basal Cell Carcinoma and other Malignant Lesions/basal-cell-carcinoma-superficial-49.jpg
1,E:\MedicalData\kagglechallenge\Dermnet\train/Actinic Keratosis Basal Cell Carcinoma and other Malignant Lesions/basal-cell-carcinoma-superficial-51.jpg
1,E:\MedicalData\kagglechallenge\Dermnet\train/Actinic Keratosis Basal Cell Carcinoma and other Malignant Lesions/basal-cell-carcinoma-superficial-52.jpg
1,E:\MedicalData\kagglechallenge\Dermnet\train/Actinic Keratosis Basal Cell Carcinoma and other Malignant Lesions/basal-cell-carcinoma-superficial-53.jpg
1,E:\MedicalData\kagglechallenge\Dermnet\train/Actinic Keratosis Basal Cell Carcinoma and other Malignant Lesions/basal-cell-carcinoma-superficial-54.jpg
1,E:\MedicalData\kagglechallenge\Dermnet\train/Actinic Keratosis Basal Cell Carcinoma and other Malignant Lesions/basal-cell-carcinoma-superficial-55.jpg
1,E:\MedicalData\kagglechallenge\Dermnet\train/Actinic Keratosis Basal Cell Carcinoma and other Malignant Lesions/basal-cell-carcinoma-superficial-56.jpg
1,E:\MedicalData\kagglechallenge\Dermnet\train/Actinic Keratosis Basal Cell Carcinoma and other Malignant Lesions/basal-cell-carcinoma-superficial-57.jpg
1,E:\MedicalData\kagglechallenge\Dermnet\train/Actinic Keratosis Basal Cell Carcinoma and other Malignant Lesions/basal-cell-carcinoma-superficial-58.jpg
1,E:\MedicalData\kagglechallenge\Dermnet\train/Actinic Keratosis Basal Cell Carcinoma and other Malignant Lesions/basal-cell-carcinoma-superficial-59.jpg
1,E:\MedicalData\kagglechallenge\Dermnet\train/Actinic Keratosis Basal Cell Carcinoma and other Malignant Lesions/basal-cell-carcinoma-superficial-6.jpg
1,E:\MedicalData\kagglechallenge\Dermnet\train/Actinic Keratosis Basal Cell Carcinoma and other Malignant Lesions/basal-cell-carcinoma-superficial-60.jpg
1,E:\MedicalData\kagglechallenge\Dermnet\train/Actinic Keratosis Basal Cell Carcinoma and other Malignant Lesions/basal-cell-carcinoma-superficial-63.jpg
1,E:\MedicalData\kagglechallenge\Dermnet\train/Actinic Keratosis Basal Cell Carcinoma and other Malignant Lesions/basal-cell-carcinoma-superficial-7.jpg
1,E:\MedicalData\kagglechallenge\Dermnet\train/Actinic Keratosis Basal Cell Carcinoma and other Malignant Lesions/basal-cell-carcinoma-superficial-8.jpg
1,E:\MedicalData\kagglechallenge\Dermnet\train/Actinic Keratosis Basal Cell Carcinoma and other Malignant Lesions/basal-cell-carcinoma-superficial-9.jpg
1,E:\MedicalData\kagglechallenge\Dermnet\train/Actinic Keratosis Basal Cell Carcinoma and other Malignant Lesions/basal-cell-carcinoma-surgery-3.jpg
1,E:\MedicalData\kagglechallenge\Dermnet\train/Actinic Keratosis Basal Cell Carcinoma and other Malignant Lesions/basal-cell-carcinoma-surgery-4.jpg
1,E:\MedicalData\kagglechallenge\Dermnet\train/Actinic Keratosis Basal Cell Carcinoma and other Malignant Lesions/basal-cell-carcinoma-trunk-ext-1.jpg
1,E:\MedicalData\kagglechallenge\Dermnet\train/Actinic Keratosis Basal Cell Carcinoma and other Malignant Lesions/basal-cell-carcinoma-trunk-ext-10.jpg
1,E:\MedicalData\kagglechallenge\Dermnet\train/Actinic Keratosis Basal Cell Carcinoma and other Malignant Lesions/basal-cell-carcinoma-trunk-ext-11.jpg
1,E:\MedicalData\kagglechallenge\Dermnet\train/Actinic Keratosis Basal Cell Carcinoma and other Malignant Lesions/basal-cell-carcinoma-trunk-ext-2.jpg
1,E:\MedicalData\kagglechallenge\Dermnet\train/Actinic Keratosis Basal Cell Carcinoma and other Malignant Lesions/basal-cell-carcinoma-trunk-ext-3.jpg
1,E:\MedicalData\kagglechallenge\Dermnet\train/Actinic Keratosis Basal Cell Carcinoma and other Malignant Lesions/basal-cell-carcinoma-trunk-ext-4.jpg
1,E:\MedicalData\kagglechallenge\Dermnet\train/Actinic Keratosis Basal Cell Carcinoma and other Malignant Lesions/basal-cell-carcinoma-trunk-ext-5.jpg
1,E:\MedicalData\kagglechallenge\Dermnet\train/Actinic Keratosis Basal Cell Carcinoma and other Malignant Lesions/basal-cell-carcinoma-trunk-ext-6.jpg
1,E:\MedicalData\kagglechallenge\Dermnet\train/Actinic Keratosis Basal Cell Carcinoma and other Malignant Lesions/basal-cell-carcinoma-trunk-ext-7.jpg
1,E:\MedicalData\kagglechallenge\Dermnet\train/Actinic Keratosis Basal Cell Carcinoma and other Malignant Lesions/basal-cell-carcinoma-vulva-1.jpg
1,E:\MedicalData\kagglechallenge\Dermnet\train/Actinic Keratosis Basal Cell Carcinoma and other Malignant Lesions/basal-cell-nevus-syndrome-1.jpg
1,E:\MedicalData\kagglechallenge\Dermnet\train/Actinic Keratosis Basal Cell Carcinoma and other Malignant Lesions/basal-cell-nevus-syndrome-10.jpg
1,E:\MedicalData\kagglechallenge\Dermnet\train/Actinic Keratosis Basal Cell Carcinoma and other Malignant Lesions/basal-cell-nevus-syndrome-12.jpg
1,E:\MedicalData\kagglechallenge\Dermnet\train/Actinic Keratosis Basal Cell Carcinoma and other Malignant Lesions/basal-cell-nevus-syndrome-13.jpg
1,E:\MedicalData\kagglechallenge\Dermnet\train/Actinic Keratosis Basal Cell Carcinoma and other Malignant Lesions/basal-cell-nevus-syndrome-14.jpg
1,E:\MedicalData\kagglechallenge\Dermnet\train/Actinic Keratosis Basal Cell Carcinoma and other Malignant Lesions/basal-cell-nevus-syndrome-17.jpg
1,E:\MedicalData\kagglechallenge\Dermnet\train/Actinic Keratosis Basal Cell Carcinoma and other Malignant Lesions/basal-cell-nevus-syndrome-18.jpg
1,E:\MedicalData\kagglechallenge\Dermnet\train/Actinic Keratosis Basal Cell Carcinoma and other Malignant Lesions/basal-cell-nevus-syndrome-19.jpg
1,E:\MedicalData\kagglechallenge\Dermnet\train/Actinic Keratosis Basal Cell Carcinoma and other Malignant Lesions/basal-cell-nevus-syndrome-2.jpg
1,E:\MedicalData\kagglechallenge\Dermnet\train/Actinic Keratosis Basal Cell Carcinoma and other Malignant Lesions/basal-cell-nevus-syndrome-20.jpg
1,E:\MedicalData\kagglechallenge\Dermnet\train/Actinic Keratosis Basal Cell Carcinoma and other Malignant Lesions/basal-cell-nevus-syndrome-22.jpg
1,E:\MedicalData\kagglechallenge\Dermnet\train/Actinic Keratosis Basal Cell Carcinoma and other Malignant Lesions/basal-cell-nevus-syndrome-24.jpg
1,E:\MedicalData\kagglechallenge\Dermnet\train/Actinic Keratosis Basal Cell Carcinoma and other Malignant Lesions/basal-cell-nevus-syndrome-3.jpg
1,E:\MedicalData\kagglechallenge\Dermnet\train/Actinic Keratosis Basal Cell Carcinoma and other Malignant Lesions/basal-cell-nevus-syndrome-4.jpg
1,E:\MedicalData\kagglechallenge\Dermnet\train/Actinic Keratosis Basal Cell Carcinoma and other Malignant Lesions/basal-cell-nevus-syndrome-8.jpg
1,E:\MedicalData\kagglechallenge\Dermnet\train/Actinic Keratosis Basal Cell Carcinoma and other Malignant Lesions/bowens-disease-1.jpg
1,E:\MedicalData\kagglechallenge\Dermnet\train/Actinic Keratosis Basal Cell Carcinoma and other Malignant Lesions/bowens-disease-13.jpg
1,E:\MedicalData\kagglechallenge\Dermnet\train/Actinic Keratosis Basal Cell Carcinoma and other Malignant Lesions/bowens-disease-14.jpg
1,E:\MedicalData\kagglechallenge\Dermnet\train/Actinic Keratosis Basal Cell Carcinoma and other Malignant Lesions/bowens-disease-15.jpg
1,E:\MedicalData\kagglechallenge\Dermnet\train/Actinic Keratosis Basal Cell Carcinoma and other Malignant Lesions/bowens-disease-18.jpg
1,E:\MedicalData\kagglechallenge\Dermnet\train/Actinic Keratosis Basal Cell Carcinoma and other Malignant Lesions/bowens-disease-2.jpg
1,E:\MedicalData\kagglechallenge\Dermnet\train/Actinic Keratosis Basal Cell Carcinoma and other Malignant Lesions/bowens-disease-20.jpg
1,E:\MedicalData\kagglechallenge\Dermnet\train/Actinic Keratosis Basal Cell Carcinoma and other Malignant Lesions/bowens-disease-21.jpg
1,E:\MedicalData\kagglechallenge\Dermnet\train/Actinic Keratosis Basal Cell Carcinoma and other Malignant Lesions/bowens-disease-24.jpg
1,E:\MedicalData\kagglechallenge\Dermnet\train/Actinic Keratosis Basal Cell Carcinoma and other Malignant Lesions/bowens-disease-25.jpg
1,E:\MedicalData\kagglechallenge\Dermnet\train/Actinic Keratosis Basal Cell Carcinoma and other Malignant Lesions/bowens-disease-27.jpg
1,E:\MedicalData\kagglechallenge\Dermnet\train/Actinic Keratosis Basal Cell Carcinoma and other Malignant Lesions/bowens-disease-28.jpg
1,E:\MedicalData\kagglechallenge\Dermnet\train/Actinic Keratosis Basal Cell Carcinoma and other Malignant Lesions/bowens-disease-29.jpg
1,E:\MedicalData\kagglechallenge\Dermnet\train/Actinic Keratosis Basal Cell Carcinoma and other Malignant Lesions/bowens-disease-30.jpg
1,E:\MedicalData\kagglechallenge\Dermnet\train/Actinic Keratosis Basal Cell Carcinoma and other Malignant Lesions/bowens-disease-31.jpg
1,E:\MedicalData\kagglechallenge\Dermnet\train/Actinic Keratosis Basal Cell Carcinoma and other Malignant Lesions/bowens-disease-33.jpg
1,E:\MedicalData\kagglechallenge\Dermnet\train/Actinic Keratosis Basal Cell Carcinoma and other Malignant Lesions/bowens-disease-34.jpg
1,E:\MedicalData\kagglechallenge\Dermnet\train/Actinic Keratosis Basal Cell Carcinoma and other Malignant Lesions/bowens-disease-35.jpg
1,E:\MedicalData\kagglechallenge\Dermnet\train/Actinic Keratosis Basal Cell Carcinoma and other Malignant Lesions/bowens-disease-38.jpg
1,E:\MedicalData\kagglechallenge\Dermnet\train/Actinic Keratosis Basal Cell Carcinoma and other Malignant Lesions/bowens-disease-39.jpg
1,E:\MedicalData\kagglechallenge\Dermnet\train/Actinic Keratosis Basal Cell Carcinoma and other Malignant Lesions/bowens-disease-40.jpg
1,E:\MedicalData\kagglechallenge\Dermnet\train/Actinic Keratosis Basal Cell Carcinoma and other Malignant Lesions/bowens-disease-41.jpg
1,E:\MedicalData\kagglechallenge\Dermnet\train/Actinic Keratosis Basal Cell Carcinoma and other Malignant Lesions/bowens-disease-42.jpg
1,E:\MedicalData\kagglechallenge\Dermnet\train/Actinic Keratosis Basal Cell Carcinoma and other Malignant Lesions/bowens-disease-43.jpg
1,E:\MedicalData\kagglechallenge\Dermnet\train/Actinic Keratosis Basal Cell Carcinoma and other Malignant Lesions/bowens-disease-44.jpg
1,E:\MedicalData\kagglechallenge\Dermnet\train/Actinic Keratosis Basal Cell Carcinoma and other Malignant Lesions/bowens-disease-46.jpg
1,E:\MedicalData\kagglechallenge\Dermnet\train/Actinic Keratosis Basal Cell Carcinoma and other Malignant Lesions/bowens-disease-47.jpg
1,E:\MedicalData\kagglechallenge\Dermnet\train/Actinic Keratosis Basal Cell Carcinoma and other Malignant Lesions/bowens-disease-49.jpg
1,E:\MedicalData\kagglechallenge\Dermnet\train/Actinic Keratosis Basal Cell Carcinoma and other Malignant Lesions/bowens-disease-5.jpg
1,E:\MedicalData\kagglechallenge\Dermnet\train/Actinic Keratosis Basal Cell Carcinoma and other Malignant Lesions/bowens-disease-50.jpg
1,E:\MedicalData\kagglechallenge\Dermnet\train/Actinic Keratosis Basal Cell Carcinoma and other Malignant Lesions/bowens-disease-52.jpg
1,E:\MedicalData\kagglechallenge\Dermnet\train/Actinic Keratosis Basal Cell Carcinoma and other Malignant Lesions/bowens-disease-53.jpg
1,E:\MedicalData\kagglechallenge\Dermnet\train/Actinic Keratosis Basal Cell Carcinoma and other Malignant Lesions/bowens-disease-55.jpg
1,E:\MedicalData\kagglechallenge\Dermnet\train/Actinic Keratosis Basal Cell Carcinoma and other Malignant Lesions/bowens-disease-56.jpg
1,E:\MedicalData\kagglechallenge\Dermnet\train/Actinic Keratosis Basal Cell Carcinoma and other Malignant Lesions/bowens-disease-58.jpg
1,E:\MedicalData\kagglechallenge\Dermnet\train/Actinic Keratosis Basal Cell Carcinoma and other Malignant Lesions/bowens-disease-59.jpg
1,E:\MedicalData\kagglechallenge\Dermnet\train/Actinic Keratosis Basal Cell Carcinoma and other Malignant Lesions/bowens-disease-6.jpg
1,E:\MedicalData\kagglechallenge\Dermnet\train/Actinic Keratosis Basal Cell Carcinoma and other Malignant Lesions/bowens-disease-63.jpg
1,E:\MedicalData\kagglechallenge\Dermnet\train/Actinic Keratosis Basal Cell Carcinoma and other Malignant Lesions/bowens-disease-64.jpg
1,E:\MedicalData\kagglechallenge\Dermnet\train/Actinic Keratosis Basal Cell Carcinoma and other Malignant Lesions/bowens-disease-65.jpg
1,E:\MedicalData\kagglechallenge\Dermnet\train/Actinic Keratosis Basal Cell Carcinoma and other Malignant Lesions/bowens-disease-66.jpg
1,E:\MedicalData\kagglechallenge\Dermnet\train/Actinic Keratosis Basal Cell Carcinoma and other Malignant Lesions/bowens-disease-68.jpg
1,E:\MedicalData\kagglechallenge\Dermnet\train/Actinic Keratosis Basal Cell Carcinoma and other Malignant Lesions/bowens-disease-7.jpg
1,E:\MedicalData\kagglechallenge\Dermnet\train/Actinic Keratosis Basal Cell Carcinoma and other Malignant Lesions/bowens-disease-70.jpg
1,E:\MedicalData\kagglechallenge\Dermnet\train/Actinic Keratosis Basal Cell Carcinoma and other Malignant Lesions/bowens-disease-71.jpg
1,E:\MedicalData\kagglechallenge\Dermnet\train/Actinic Keratosis Basal Cell Carcinoma and other Malignant Lesions/bowens-disease-72.jpg
1,E:\MedicalData\kagglechallenge\Dermnet\train/Actinic Keratosis Basal Cell Carcinoma and other Malignant Lesions/bowens-disease-74.jpg
1,E:\MedicalData\kagglechallenge\Dermnet\train/Actinic Keratosis Basal Cell Carcinoma and other Malignant Lesions/bowens-disease-75.jpg
1,E:\MedicalData\kagglechallenge\Dermnet\train/Actinic Keratosis Basal Cell Carcinoma and other Malignant Lesions/bowens-disease-77.jpg
1,E:\MedicalData\kagglechallenge\Dermnet\train/Actinic Keratosis Basal Cell Carcinoma and other Malignant Lesions/bowens-disease-78.jpg
1,E:\MedicalData\kagglechallenge\Dermnet\train/Actinic Keratosis Basal Cell Carcinoma and other Malignant Lesions/bowens-disease-79.jpg
1,E:\MedicalData\kagglechallenge\Dermnet\train/Actinic Keratosis Basal Cell Carcinoma and other Malignant Lesions/bowens-disease-8.jpg
1,E:\MedicalData\kagglechallenge\Dermnet\train/Actinic Keratosis Basal Cell Carcinoma and other Malignant Lesions/bowens-disease-81.jpg
1,E:\MedicalData\kagglechallenge\Dermnet\train/Actinic Keratosis Basal Cell Carcinoma and other Malignant Lesions/bowens-disease-85.jpg
1,E:\MedicalData\kagglechallenge\Dermnet\train/Actinic Keratosis Basal Cell Carcinoma and other Malignant Lesions/bowens-disease-86.jpg
1,E:\MedicalData\kagglechallenge\Dermnet\train/Actinic Keratosis Basal Cell Carcinoma and other Malignant Lesions/bowens-disease-88.jpg
1,E:\MedicalData\kagglechallenge\Dermnet\train/Actinic Keratosis Basal Cell Carcinoma and other Malignant Lesions/bowens-disease-89.jpg
1,E:\MedicalData\kagglechallenge\Dermnet\train/Actinic Keratosis Basal Cell Carcinoma and other Malignant Lesions/bowens-disease-9.jpg
1,E:\MedicalData\kagglechallenge\Dermnet\train/Actinic Keratosis Basal Cell Carcinoma and other Malignant Lesions/bowens-disease-91.jpg
1,E:\MedicalData\kagglechallenge\Dermnet\train/Actinic Keratosis Basal Cell Carcinoma and other Malignant Lesions/bowens-disease-92.jpg
1,E:\MedicalData\kagglechallenge\Dermnet\train/Actinic Keratosis Basal Cell Carcinoma and other Malignant Lesions/bowens-disease-93.jpg
1,E:\MedicalData\kagglechallenge\Dermnet\train/Actinic Keratosis Basal Cell Carcinoma and other Malignant Lesions/bowens-disease-94.jpg
1,E:\MedicalData\kagglechallenge\Dermnet\train/Actinic Keratosis Basal Cell Carcinoma and other Malignant Lesions/ctcl-1.jpg
1,E:\MedicalData\kagglechallenge\Dermnet\train/Actinic Keratosis Basal Cell Carcinoma and other Malignant Lesions/ctcl-10.jpg
1,E:\MedicalData\kagglechallenge\Dermnet\train/Actinic Keratosis Basal Cell Carcinoma and other Malignant Lesions/ctcl-100.jpg
1,E:\MedicalData\kagglechallenge\Dermnet\train/Actinic Keratosis Basal Cell Carcinoma and other Malignant Lesions/ctcl-102.jpg
1,E:\MedicalData\kagglechallenge\Dermnet\train/Actinic Keratosis Basal Cell Carcinoma and other Malignant Lesions/ctcl-104.jpg
1,E:\MedicalData\kagglechallenge\Dermnet\train/Actinic Keratosis Basal Cell Carcinoma and other Malignant Lesions/ctcl-105.jpg
1,E:\MedicalData\kagglechallenge\Dermnet\train/Actinic Keratosis Basal Cell Carcinoma and other Malignant Lesions/ctcl-106.jpg
1,E:\MedicalData\kagglechallenge\Dermnet\train/Actinic Keratosis Basal Cell Carcinoma and other Malignant Lesions/ctcl-107.jpg
1,E:\MedicalData\kagglechallenge\Dermnet\train/Actinic Keratosis Basal Cell Carcinoma and other Malignant Lesions/ctcl-109.jpg
1,E:\MedicalData\kagglechallenge\Dermnet\train/Actinic Keratosis Basal Cell Carcinoma and other Malignant Lesions/ctcl-11.jpg
1,E:\MedicalData\kagglechallenge\Dermnet\train/Actinic Keratosis Basal Cell Carcinoma and other Malignant Lesions/ctcl-110.jpg
1,E:\MedicalData\kagglechallenge\Dermnet\train/Actinic Keratosis Basal Cell Carcinoma and other Malignant Lesions/ctcl-111.jpg
1,E:\MedicalData\kagglechallenge\Dermnet\train/Actinic Keratosis Basal Cell Carcinoma and other Malignant Lesions/ctcl-112.jpg
1,E:\MedicalData\kagglechallenge\Dermnet\train/Actinic Keratosis Basal Cell Carcinoma and other Malignant Lesions/ctcl-116.jpg
1,E:\MedicalData\kagglechallenge\Dermnet\train/Actinic Keratosis Basal Cell Carcinoma and other Malignant Lesions/ctcl-117.jpg
1,E:\MedicalData\kagglechallenge\Dermnet\train/Actinic Keratosis Basal Cell Carcinoma and other Malignant Lesions/ctcl-118.jpg
1,E:\MedicalData\kagglechallenge\Dermnet\train/Actinic Keratosis Basal Cell Carcinoma and other Malignant Lesions/ctcl-12.jpg
1,E:\MedicalData\kagglechallenge\Dermnet\train/Actinic Keratosis Basal Cell Carcinoma and other Malignant Lesions/ctcl-13.jpg
1,E:\MedicalData\kagglechallenge\Dermnet\train/Actinic Keratosis Basal Cell Carcinoma and other Malignant Lesions/ctcl-14.jpg
1,E:\MedicalData\kagglechallenge\Dermnet\train/Actinic Keratosis Basal Cell Carcinoma and other Malignant Lesions/ctcl-15.jpg
1,E:\MedicalData\kagglechallenge\Dermnet\train/Actinic Keratosis Basal Cell Carcinoma and other Malignant Lesions/ctcl-16.jpg
1,E:\MedicalData\kagglechallenge\Dermnet\train/Actinic Keratosis Basal Cell Carcinoma and other Malignant Lesions/ctcl-17.jpg
1,E:\MedicalData\kagglechallenge\Dermnet\train/Actinic Keratosis Basal Cell Carcinoma and other Malignant Lesions/ctcl-18.jpg
1,E:\MedicalData\kagglechallenge\Dermnet\train/Actinic Keratosis Basal Cell Carcinoma and other Malignant Lesions/ctcl-19.jpg
1,E:\MedicalData\kagglechallenge\Dermnet\train/Actinic Keratosis Basal Cell Carcinoma and other Malignant Lesions/ctcl-2.jpg
1,E:\MedicalData\kagglechallenge\Dermnet\train/Actinic Keratosis Basal Cell Carcinoma and other Malignant Lesions/ctcl-20.jpg
1,E:\MedicalData\kagglechallenge\Dermnet\train/Actinic Keratosis Basal Cell Carcinoma and other Malignant Lesions/ctcl-21.jpg
1,E:\MedicalData\kagglechallenge\Dermnet\train/Actinic Keratosis Basal Cell Carcinoma and other Malignant Lesions/ctcl-25.jpg
1,E:\MedicalData\kagglechallenge\Dermnet\train/Actinic Keratosis Basal Cell Carcinoma and other Malignant Lesions/ctcl-26.jpg
1,E:\MedicalData\kagglechallenge\Dermnet\train/Actinic Keratosis Basal Cell Carcinoma and other Malignant Lesions/ctcl-28.jpg
1,E:\MedicalData\kagglechallenge\Dermnet\train/Actinic Keratosis Basal Cell Carcinoma and other Malignant Lesions/ctcl-29.jpg
1,E:\MedicalData\kagglechallenge\Dermnet\train/Actinic Keratosis Basal Cell Carcinoma and other Malignant Lesions/ctcl-3.jpg
1,E:\MedicalData\kagglechallenge\Dermnet\train/Actinic Keratosis Basal Cell Carcinoma and other Malignant Lesions/ctcl-30.jpg
1,E:\MedicalData\kagglechallenge\Dermnet\train/Actinic Keratosis Basal Cell Carcinoma and other Malignant Lesions/ctcl-31.jpg
1,E:\MedicalData\kagglechallenge\Dermnet\train/Actinic Keratosis Basal Cell Carcinoma and other Malignant Lesions/ctcl-32.jpg
1,E:\MedicalData\kagglechallenge\Dermnet\train/Actinic Keratosis Basal Cell Carcinoma and other Malignant Lesions/ctcl-33.jpg
1,E:\MedicalData\kagglechallenge\Dermnet\train/Actinic Keratosis Basal Cell Carcinoma and other Malignant Lesions/ctcl-34.jpg
1,E:\MedicalData\kagglechallenge\Dermnet\train/Actinic Keratosis Basal Cell Carcinoma and other Malignant Lesions/ctcl-35.jpg
1,E:\MedicalData\kagglechallenge\Dermnet\train/Actinic Keratosis Basal Cell Carcinoma and other Malignant Lesions/ctcl-38.jpg
1,E:\MedicalData\kagglechallenge\Dermnet\train/Actinic Keratosis Basal Cell Carcinoma and other Malignant Lesions/ctcl-39.jpg
1,E:\MedicalData\kagglechallenge\Dermnet\train/Actinic Keratosis Basal Cell Carcinoma and other Malignant Lesions/ctcl-4.jpg
1,E:\MedicalData\kagglechallenge\Dermnet\train/Actinic Keratosis Basal Cell Carcinoma and other Malignant Lesions/ctcl-40.jpg
1,E:\MedicalData\kagglechallenge\Dermnet\train/Actinic Keratosis Basal Cell Carcinoma and other Malignant Lesions/ctcl-41.jpg
1,E:\MedicalData\kagglechallenge\Dermnet\train/Actinic Keratosis Basal Cell Carcinoma and other Malignant Lesions/ctcl-42.jpg
1,E:\MedicalData\kagglechallenge\Dermnet\train/Actinic Keratosis Basal Cell Carcinoma and other Malignant Lesions/ctcl-43.jpg
1,E:\MedicalData\kagglechallenge\Dermnet\train/Actinic Keratosis Basal Cell Carcinoma and other Malignant Lesions/ctcl-45.jpg
1,E:\MedicalData\kagglechallenge\Dermnet\train/Actinic Keratosis Basal Cell Carcinoma and other Malignant Lesions/ctcl-49.jpg
1,E:\MedicalData\kagglechallenge\Dermnet\train/Actinic Keratosis Basal Cell Carcinoma and other Malignant Lesions/ctcl-51.jpg
1,E:\MedicalData\kagglechallenge\Dermnet\train/Actinic Keratosis Basal Cell Carcinoma and other Malignant Lesions/ctcl-52.jpg
1,E:\MedicalData\kagglechallenge\Dermnet\train/Actinic Keratosis Basal Cell Carcinoma and other Malignant Lesions/ctcl-55.jpg
1,E:\MedicalData\kagglechallenge\Dermnet\train/Actinic Keratosis Basal Cell Carcinoma and other Malignant Lesions/ctcl-6.jpg
1,E:\MedicalData\kagglechallenge\Dermnet\train/Actinic Keratosis Basal Cell Carcinoma and other Malignant Lesions/ctcl-60.jpg
1,E:\MedicalData\kagglechallenge\Dermnet\train/Actinic Keratosis Basal Cell Carcinoma and other Malignant Lesions/ctcl-63.jpg
1,E:\MedicalData\kagglechallenge\Dermnet\train/Actinic Keratosis Basal Cell Carcinoma and other Malignant Lesions/ctcl-66.jpg
1,E:\MedicalData\kagglechallenge\Dermnet\train/Actinic Keratosis Basal Cell Carcinoma and other Malignant Lesions/ctcl-67.jpg
1,E:\MedicalData\kagglechallenge\Dermnet\train/Actinic Keratosis Basal Cell Carcinoma and other Malignant Lesions/ctcl-68.jpg
1,E:\MedicalData\kagglechallenge\Dermnet\train/Actinic Keratosis Basal Cell Carcinoma and other Malignant Lesions/ctcl-72.jpg
1,E:\MedicalData\kagglechallenge\Dermnet\train/Actinic Keratosis Basal Cell Carcinoma and other Malignant Lesions/ctcl-73.jpg
1,E:\MedicalData\kagglechallenge\Dermnet\train/Actinic Keratosis Basal Cell Carcinoma and other Malignant Lesions/ctcl-74.jpg
1,E:\MedicalData\kagglechallenge\Dermnet\train/Actinic Keratosis Basal Cell Carcinoma and other Malignant Lesions/ctcl-75.jpg
1,E:\MedicalData\kagglechallenge\Dermnet\train/Actinic Keratosis Basal Cell Carcinoma and other Malignant Lesions/ctcl-76.jpg
1,E:\MedicalData\kagglechallenge\Dermnet\train/Actinic Keratosis Basal Cell Carcinoma and other Malignant Lesions/ctcl-77.jpg
1,E:\MedicalData\kagglechallenge\Dermnet\train/Actinic Keratosis Basal Cell Carcinoma and other Malignant Lesions/ctcl-83.jpg
1,E:\MedicalData\kagglechallenge\Dermnet\train/Actinic Keratosis Basal Cell Carcinoma and other Malignant Lesions/ctcl-84.jpg
1,E:\MedicalData\kagglechallenge\Dermnet\train/Actinic Keratosis Basal Cell Carcinoma and other Malignant Lesions/ctcl-85.jpg
1,E:\MedicalData\kagglechallenge\Dermnet\train/Actinic Keratosis Basal Cell Carcinoma and other Malignant Lesions/ctcl-86.jpg
1,E:\MedicalData\kagglechallenge\Dermnet\train/Actinic Keratosis Basal Cell Carcinoma and other Malignant Lesions/ctcl-88.jpg
1,E:\MedicalData\kagglechallenge\Dermnet\train/Actinic Keratosis Basal Cell Carcinoma and other Malignant Lesions/ctcl-9.jpg
1,E:\MedicalData\kagglechallenge\Dermnet\train/Actinic Keratosis Basal Cell Carcinoma and other Malignant Lesions/ctcl-91.jpg
1,E:\MedicalData\kagglechallenge\Dermnet\train/Actinic Keratosis Basal Cell Carcinoma and other Malignant Lesions/ctcl-98.jpg
1,E:\MedicalData\kagglechallenge\Dermnet\train/Actinic Keratosis Basal Cell Carcinoma and other Malignant Lesions/ctcl-99.jpg
1,E:\MedicalData\kagglechallenge\Dermnet\train/Actinic Keratosis Basal Cell Carcinoma and other Malignant Lesions/cutaneous-horn-1.jpg
1,E:\MedicalData\kagglechallenge\Dermnet\train/Actinic Keratosis Basal Cell Carcinoma and other Malignant Lesions/cutaneous-horn-10.jpg
1,E:\MedicalData\kagglechallenge\Dermnet\train/Actinic Keratosis Basal Cell Carcinoma and other Malignant Lesions/cutaneous-horn-11.jpg
1,E:\MedicalData\kagglechallenge\Dermnet\train/Actinic Keratosis Basal Cell Carcinoma and other Malignant Lesions/cutaneous-horn-13.jpg
1,E:\MedicalData\kagglechallenge\Dermnet\train/Actinic Keratosis Basal Cell Carcinoma and other Malignant Lesions/cutaneous-horn-14.jpg
1,E:\MedicalData\kagglechallenge\Dermnet\train/Actinic Keratosis Basal Cell Carcinoma and other Malignant Lesions/cutaneous-horn-15.jpg
1,E:\MedicalData\kagglechallenge\Dermnet\train/Actinic Keratosis Basal Cell Carcinoma and other Malignant Lesions/cutaneous-horn-16.jpg
1,E:\MedicalData\kagglechallenge\Dermnet\train/Actinic Keratosis Basal Cell Carcinoma and other Malignant Lesions/cutaneous-horn-17.jpg
1,E:\MedicalData\kagglechallenge\Dermnet\train/Actinic Keratosis Basal Cell Carcinoma and other Malignant Lesions/cutaneous-horn-18.jpg
1,E:\MedicalData\kagglechallenge\Dermnet\train/Actinic Keratosis Basal Cell Carcinoma and other Malignant Lesions/cutaneous-horn-20.jpg
1,E:\MedicalData\kagglechallenge\Dermnet\train/Actinic Keratosis Basal Cell Carcinoma and other Malignant Lesions/cutaneous-horn-22.jpg
1,E:\MedicalData\kagglechallenge\Dermnet\train/Actinic Keratosis Basal Cell Carcinoma and other Malignant Lesions/cutaneous-horn-23.jpg
1,E:\MedicalData\kagglechallenge\Dermnet\train/Actinic Keratosis Basal Cell Carcinoma and other Malignant Lesions/cutaneous-horn-24.jpg
1,E:\MedicalData\kagglechallenge\Dermnet\train/Actinic Keratosis Basal Cell Carcinoma and other Malignant Lesions/cutaneous-horn-25.jpg
1,E:\MedicalData\kagglechallenge\Dermnet\train/Actinic Keratosis Basal Cell Carcinoma and other Malignant Lesions/cutaneous-horn-26.jpg
1,E:\MedicalData\kagglechallenge\Dermnet\train/Actinic Keratosis Basal Cell Carcinoma and other Malignant Lesions/cutaneous-horn-27.jpg
1,E:\MedicalData\kagglechallenge\Dermnet\train/Actinic Keratosis Basal Cell Carcinoma and other Malignant Lesions/cutaneous-horn-28.jpg
1,E:\MedicalData\kagglechallenge\Dermnet\train/Actinic Keratosis Basal Cell Carcinoma and other Malignant Lesions/cutaneous-horn-29.jpg
1,E:\MedicalData\kagglechallenge\Dermnet\train/Actinic Keratosis Basal Cell Carcinoma and other Malignant Lesions/cutaneous-horn-3.jpg
1,E:\MedicalData\kagglechallenge\Dermnet\train/Actinic Keratosis Basal Cell Carcinoma and other Malignant Lesions/cutaneous-horn-30.jpg
1,E:\MedicalData\kagglechallenge\Dermnet\train/Actinic Keratosis Basal Cell Carcinoma and other Malignant Lesions/cutaneous-horn-4.jpg
1,E:\MedicalData\kagglechallenge\Dermnet\train/Actinic Keratosis Basal Cell Carcinoma and other Malignant Lesions/cutaneous-horn-6.jpg
1,E:\MedicalData\kagglechallenge\Dermnet\train/Actinic Keratosis Basal Cell Carcinoma and other Malignant Lesions/cutaneous-horn-7.jpg
1,E:\MedicalData\kagglechallenge\Dermnet\train/Actinic Keratosis Basal Cell Carcinoma and other Malignant Lesions/cutaneous-horn-8.jpg
1,E:\MedicalData\kagglechallenge\Dermnet\train/Actinic Keratosis Basal Cell Carcinoma and other Malignant Lesions/cutaneous-horn-9.jpg
1,E:\MedicalData\kagglechallenge\Dermnet\train/Actinic Keratosis Basal Cell Carcinoma and other Malignant Lesions/dermatofibrosarcoma-1.jpg
1,E:\MedicalData\kagglechallenge\Dermnet\train/Actinic Keratosis Basal Cell Carcinoma and other Malignant Lesions/dermatofibrosarcoma-2.jpg
1,E:\MedicalData\kagglechallenge\Dermnet\train/Actinic Keratosis Basal Cell Carcinoma and other Malignant Lesions/epidermodysplasia-verruciformis-1.jpg
1,E:\MedicalData\kagglechallenge\Dermnet\train/Actinic Keratosis Basal Cell Carcinoma and other Malignant Lesions/epidermodysplasia-verruciformis-2.jpg
1,E:\MedicalData\kagglechallenge\Dermnet\train/Actinic Keratosis Basal Cell Carcinoma and other Malignant Lesions/erythroplasia-queyrat-1.jpg
1,E:\MedicalData\kagglechallenge\Dermnet\train/Actinic Keratosis Basal Cell Carcinoma and other Malignant Lesions/erythroplasia-queyrat-2.jpg
1,E:\MedicalData\kagglechallenge\Dermnet\train/Actinic Keratosis Basal Cell Carcinoma and other Malignant Lesions/erythroplasia-queyrat-3.jpg
1,E:\MedicalData\kagglechallenge\Dermnet\train/Actinic Keratosis Basal Cell Carcinoma and other Malignant Lesions/erythroplasia-queyrat-4.jpg
1,E:\MedicalData\kagglechallenge\Dermnet\train/Actinic Keratosis Basal Cell Carcinoma and other Malignant Lesions/erythroplasia-queyrat-5.jpg
1,E:\MedicalData\kagglechallenge\Dermnet\train/Actinic Keratosis Basal Cell Carcinoma and other Malignant Lesions/erythroplasia-queyrat-6.jpg
1,E:\MedicalData\kagglechallenge\Dermnet\train/Actinic Keratosis Basal Cell Carcinoma and other Malignant Lesions/erythroplasia-queyrat-8.jpg
1,E:\MedicalData\kagglechallenge\Dermnet\train/Actinic Keratosis Basal Cell Carcinoma and other Malignant Lesions/extramammary-paget-disease-1.jpg
1,E:\MedicalData\kagglechallenge\Dermnet\train/Actinic Keratosis Basal Cell Carcinoma and other Malignant Lesions/extramammary-paget-disease-2.jpg
1,E:\MedicalData\kagglechallenge\Dermnet\train/Actinic Keratosis Basal Cell Carcinoma and other Malignant Lesions/extramammary-paget-disease-3.jpg
1,E:\MedicalData\kagglechallenge\Dermnet\train/Actinic Keratosis Basal Cell Carcinoma and other Malignant Lesions/extramammary-paget-disease-4.jpg
1,E:\MedicalData\kagglechallenge\Dermnet\train/Actinic Keratosis Basal Cell Carcinoma and other Malignant Lesions/extramammary-paget-disease-5.jpg
1,E:\MedicalData\kagglechallenge\Dermnet\train/Actinic Keratosis Basal Cell Carcinoma and other Malignant Lesions/extramammary-paget-disease-6.jpg
1,E:\MedicalData\kagglechallenge\Dermnet\train/Actinic Keratosis Basal Cell Carcinoma and other Malignant Lesions/extramammary-paget-disease-8.jpg
1,E:\MedicalData\kagglechallenge\Dermnet\train/Actinic Keratosis Basal Cell Carcinoma and other Malignant Lesions/follicular-mucinosis-1.jpg
1,E:\MedicalData\kagglechallenge\Dermnet\train/Actinic Keratosis Basal Cell Carcinoma and other Malignant Lesions/follicular-mucinosis-2.jpg
1,E:\MedicalData\kagglechallenge\Dermnet\train/Actinic Keratosis Basal Cell Carcinoma and other Malignant Lesions/follicular-mucinosis-3.jpg
1,E:\MedicalData\kagglechallenge\Dermnet\train/Actinic Keratosis Basal Cell Carcinoma and other Malignant Lesions/follicular-mucinosis-4.jpg
1,E:\MedicalData\kagglechallenge\Dermnet\train/Actinic Keratosis Basal Cell Carcinoma and other Malignant Lesions/follicular-mucinosis-5.jpg
1,E:\MedicalData\kagglechallenge\Dermnet\train/Actinic Keratosis Basal Cell Carcinoma and other Malignant Lesions/granulation-tissue-1.jpg
1,E:\MedicalData\kagglechallenge\Dermnet\train/Actinic Keratosis Basal Cell Carcinoma and other Malignant Lesions/granulation-tissue-10.jpg
1,E:\MedicalData\kagglechallenge\Dermnet\train/Actinic Keratosis Basal Cell Carcinoma and other Malignant Lesions/granulation-tissue-11.jpg
1,E:\MedicalData\kagglechallenge\Dermnet\train/Actinic Keratosis Basal Cell Carcinoma and other Malignant Lesions/granulation-tissue-13.jpg
1,E:\MedicalData\kagglechallenge\Dermnet\train/Actinic Keratosis Basal Cell Carcinoma and other Malignant Lesions/granulation-tissue-15.jpg
1,E:\MedicalData\kagglechallenge\Dermnet\train/Actinic Keratosis Basal Cell Carcinoma and other Malignant Lesions/granulation-tissue-17.jpg
1,E:\MedicalData\kagglechallenge\Dermnet\train/Actinic Keratosis Basal Cell Carcinoma and other Malignant Lesions/granulation-tissue-18.jpg
1,E:\MedicalData\kagglechallenge\Dermnet\train/Actinic Keratosis Basal Cell Carcinoma and other Malignant Lesions/granulation-tissue-2.jpg
1,E:\MedicalData\kagglechallenge\Dermnet\train/Actinic Keratosis Basal Cell Carcinoma and other Malignant Lesions/granulation-tissue-20.jpg
1,E:\MedicalData\kagglechallenge\Dermnet\train/Actinic Keratosis Basal Cell Carcinoma and other Malignant Lesions/granulation-tissue-21.jpg
1,E:\MedicalData\kagglechallenge\Dermnet\train/Actinic Keratosis Basal Cell Carcinoma and other Malignant Lesions/granulation-tissue-22.jpg
1,E:\MedicalData\kagglechallenge\Dermnet\train/Actinic Keratosis Basal Cell Carcinoma and other Malignant Lesions/granulation-tissue-24.jpg
1,E:\MedicalData\kagglechallenge\Dermnet\train/Actinic Keratosis Basal Cell Carcinoma and other Malignant Lesions/granulation-tissue-25.jpg
1,E:\MedicalData\kagglechallenge\Dermnet\train/Actinic Keratosis Basal Cell Carcinoma and other Malignant Lesions/granulation-tissue-26.jpg
1,E:\MedicalData\kagglechallenge\Dermnet\train/Actinic Keratosis Basal Cell Carcinoma and other Malignant Lesions/granulation-tissue-27.jpg
1,E:\MedicalData\kagglechallenge\Dermnet\train/Actinic Keratosis Basal Cell Carcinoma and other Malignant Lesions/granulation-tissue-29.jpg
1,E:\MedicalData\kagglechallenge\Dermnet\train/Actinic Keratosis Basal Cell Carcinoma and other Malignant Lesions/granulation-tissue-3.jpg
1,E:\MedicalData\kagglechallenge\Dermnet\train/Actinic Keratosis Basal Cell Carcinoma and other Malignant Lesions/granulation-tissue-30.jpg
1,E:\MedicalData\kagglechallenge\Dermnet\train/Actinic Keratosis Basal Cell Carcinoma and other Malignant Lesions/granulation-tissue-31.jpg
1,E:\MedicalData\kagglechallenge\Dermnet\train/Actinic Keratosis Basal Cell Carcinoma and other Malignant Lesions/granulation-tissue-32.jpg
1,E:\MedicalData\kagglechallenge\Dermnet\train/Actinic Keratosis Basal Cell Carcinoma and other Malignant Lesions/granulation-tissue-34.jpg
1,E:\MedicalData\kagglechallenge\Dermnet\train/Actinic Keratosis Basal Cell Carcinoma and other Malignant Lesions/granulation-tissue-35.jpg
1,E:\MedicalData\kagglechallenge\Dermnet\train/Actinic Keratosis Basal Cell Carcinoma and other Malignant Lesions/granulation-tissue-37.jpg
1,E:\MedicalData\kagglechallenge\Dermnet\train/Actinic Keratosis Basal Cell Carcinoma and other Malignant Lesions/granulation-tissue-38.jpg
1,E:\MedicalData\kagglechallenge\Dermnet\train/Actinic Keratosis Basal Cell Carcinoma and other Malignant Lesions/granulation-tissue-39.jpg
1,E:\MedicalData\kagglechallenge\Dermnet\train/Actinic Keratosis Basal Cell Carcinoma and other Malignant Lesions/granulation-tissue-4.jpg
1,E:\MedicalData\kagglechallenge\Dermnet\train/Actinic Keratosis Basal Cell Carcinoma and other Malignant Lesions/granulation-tissue-41.jpg
1,E:\MedicalData\kagglechallenge\Dermnet\train/Actinic Keratosis Basal Cell Carcinoma and other Malignant Lesions/granulation-tissue-42.jpg
1,E:\MedicalData\kagglechallenge\Dermnet\train/Actinic Keratosis Basal Cell Carcinoma and other Malignant Lesions/granulation-tissue-43.jpg
1,E:\MedicalData\kagglechallenge\Dermnet\train/Actinic Keratosis Basal Cell Carcinoma and other Malignant Lesions/granulation-tissue-44.jpg
1,E:\MedicalData\kagglechallenge\Dermnet\train/Actinic Keratosis Basal Cell Carcinoma and other Malignant Lesions/granulation-tissue-5.jpg
1,E:\MedicalData\kagglechallenge\Dermnet\train/Actinic Keratosis Basal Cell Carcinoma and other Malignant Lesions/granulation-tissue-6.jpg
1,E:\MedicalData\kagglechallenge\Dermnet\train/Actinic Keratosis Basal Cell Carcinoma and other Malignant Lesions/granulation-tissue-7.jpg
1,E:\MedicalData\kagglechallenge\Dermnet\train/Actinic Keratosis Basal Cell Carcinoma and other Malignant Lesions/granulation-tissue-9.jpg
1,E:\MedicalData\kagglechallenge\Dermnet\train/Actinic Keratosis Basal Cell Carcinoma and other Malignant Lesions/leukemia-2.jpg
1,E:\MedicalData\kagglechallenge\Dermnet\train/Actinic Keratosis Basal Cell Carcinoma and other Malignant Lesions/leukemia-3.jpg
1,E:\MedicalData\kagglechallenge\Dermnet\train/Actinic Keratosis Basal Cell Carcinoma and other Malignant Lesions/leukoplakia-1.jpg
1,E:\MedicalData\kagglechallenge\Dermnet\train/Actinic Keratosis Basal Cell Carcinoma and other Malignant Lesions/leukoplakia-10.jpg
1,E:\MedicalData\kagglechallenge\Dermnet\train/Actinic Keratosis Basal Cell Carcinoma and other Malignant Lesions/leukoplakia-11.jpg
1,E:\MedicalData\kagglechallenge\Dermnet\train/Actinic Keratosis Basal Cell Carcinoma and other Malignant Lesions/leukoplakia-12.jpg
1,E:\MedicalData\kagglechallenge\Dermnet\train/Actinic Keratosis Basal Cell Carcinoma and other Malignant Lesions/leukoplakia-13.jpg
1,E:\MedicalData\kagglechallenge\Dermnet\train/Actinic Keratosis Basal Cell Carcinoma and other Malignant Lesions/leukoplakia-14.jpg
1,E:\MedicalData\kagglechallenge\Dermnet\train/Actinic Keratosis Basal Cell Carcinoma and other Malignant Lesions/leukoplakia-15.jpg
1,E:\MedicalData\kagglechallenge\Dermnet\train/Actinic Keratosis Basal Cell Carcinoma and other Malignant Lesions/leukoplakia-3.jpg
1,E:\MedicalData\kagglechallenge\Dermnet\train/Actinic Keratosis Basal Cell Carcinoma and other Malignant Lesions/leukoplakia-4.jpg
1,E:\MedicalData\kagglechallenge\Dermnet\train/Actinic Keratosis Basal Cell Carcinoma and other Malignant Lesions/leukoplakia-5.jpg
1,E:\MedicalData\kagglechallenge\Dermnet\train/Actinic Keratosis Basal Cell Carcinoma and other Malignant Lesions/leukoplakia-6.jpg
1,E:\MedicalData\kagglechallenge\Dermnet\train/Actinic Keratosis Basal Cell Carcinoma and other Malignant Lesions/leukoplakia-7.jpg
1,E:\MedicalData\kagglechallenge\Dermnet\train/Actinic Keratosis Basal Cell Carcinoma and other Malignant Lesions/leukoplakia-8.jpg
1,E:\MedicalData\kagglechallenge\Dermnet\train/Actinic Keratosis Basal Cell Carcinoma and other Malignant Lesions/leukoplakia-9.jpg
1,E:\MedicalData\kagglechallenge\Dermnet\train/Actinic Keratosis Basal Cell Carcinoma and other Malignant Lesions/lymphocytoma-cutis-1.jpg
1,E:\MedicalData\kagglechallenge\Dermnet\train/Actinic Keratosis Basal Cell Carcinoma and other Malignant Lesions/lymphocytoma-cutis-2.jpg
1,E:\MedicalData\kagglechallenge\Dermnet\train/Actinic Keratosis Basal Cell Carcinoma and other Malignant Lesions/lymphocytoma-cutis-3.jpg
1,E:\MedicalData\kagglechallenge\Dermnet\train/Actinic Keratosis Basal Cell Carcinoma and other Malignant Lesions/lymphocytoma-cutis-4.jpg
1,E:\MedicalData\kagglechallenge\Dermnet\train/Actinic Keratosis Basal Cell Carcinoma and other Malignant Lesions/lymphoma-1.jpg
1,E:\MedicalData\kagglechallenge\Dermnet\train/Actinic Keratosis Basal Cell Carcinoma and other Malignant Lesions/lymphomatoid-papulosis-1.jpg
1,E:\MedicalData\kagglechallenge\Dermnet\train/Actinic Keratosis Basal Cell Carcinoma and other Malignant Lesions/lymphomatoid-papulosis-2.jpg
1,E:\MedicalData\kagglechallenge\Dermnet\train/Actinic Keratosis Basal Cell Carcinoma and other Malignant Lesions/lymphomatoid-papulosis-3.jpg
1,E:\MedicalData\kagglechallenge\Dermnet\train/Actinic Keratosis Basal Cell Carcinoma and other Malignant Lesions/lymphosarcoma-1.jpg
1,E:\MedicalData\kagglechallenge\Dermnet\train/Actinic Keratosis Basal Cell Carcinoma and other Malignant Lesions/merkel-cell-cancer-1.jpg
1,E:\MedicalData\kagglechallenge\Dermnet\train/Actinic Keratosis Basal Cell Carcinoma and other Malignant Lesions/metastasis-1.jpg
1,E:\MedicalData\kagglechallenge\Dermnet\train/Actinic Keratosis Basal Cell Carcinoma and other Malignant Lesions/metastasis-10.jpg
1,E:\MedicalData\kagglechallenge\Dermnet\train/Actinic Keratosis Basal Cell Carcinoma and other Malignant Lesions/metastasis-12.jpg
1,E:\MedicalData\kagglechallenge\Dermnet\train/Actinic Keratosis Basal Cell Carcinoma and other Malignant Lesions/metastasis-13.jpg
1,E:\MedicalData\kagglechallenge\Dermnet\train/Actinic Keratosis Basal Cell Carcinoma and other Malignant Lesions/metastasis-14.jpg
1,E:\MedicalData\kagglechallenge\Dermnet\train/Actinic Keratosis Basal Cell Carcinoma and other Malignant Lesions/metastasis-16.jpg
1,E:\MedicalData\kagglechallenge\Dermnet\train/Actinic Keratosis Basal Cell Carcinoma and other Malignant Lesions/metastasis-17.jpg
1,E:\MedicalData\kagglechallenge\Dermnet\train/Actinic Keratosis Basal Cell Carcinoma and other Malignant Lesions/metastasis-18.jpg
1,E:\MedicalData\kagglechallenge\Dermnet\train/Actinic Keratosis Basal Cell Carcinoma and other Malignant Lesions/metastasis-19.jpg
1,E:\MedicalData\kagglechallenge\Dermnet\train/Actinic Keratosis Basal Cell Carcinoma and other Malignant Lesions/metastasis-2.jpg
1,E:\MedicalData\kagglechallenge\Dermnet\train/Actinic Keratosis Basal Cell Carcinoma and other Malignant Lesions/metastasis-20.jpg
1,E:\MedicalData\kagglechallenge\Dermnet\train/Actinic Keratosis Basal Cell Carcinoma and other Malignant Lesions/metastasis-21.jpg
1,E:\MedicalData\kagglechallenge\Dermnet\train/Actinic Keratosis Basal Cell Carcinoma and other Malignant Lesions/metastasis-23.jpg
1,E:\MedicalData\kagglechallenge\Dermnet\train/Actinic Keratosis Basal Cell Carcinoma and other Malignant Lesions/metastasis-24.jpg
1,E:\MedicalData\kagglechallenge\Dermnet\train/Actinic Keratosis Basal Cell Carcinoma and other Malignant Lesions/metastasis-25.jpg
1,E:\MedicalData\kagglechallenge\Dermnet\train/Actinic Keratosis Basal Cell Carcinoma and other Malignant Lesions/metastasis-26.jpg
1,E:\MedicalData\kagglechallenge\Dermnet\train/Actinic Keratosis Basal Cell Carcinoma and other Malignant Lesions/metastasis-27.jpg
1,E:\MedicalData\kagglechallenge\Dermnet\train/Actinic Keratosis Basal Cell Carcinoma and other Malignant Lesions/metastasis-28.jpg
1,E:\MedicalData\kagglechallenge\Dermnet\train/Actinic Keratosis Basal Cell Carcinoma and other Malignant Lesions/metastasis-29.jpg
1,E:\MedicalData\kagglechallenge\Dermnet\train/Actinic Keratosis Basal Cell Carcinoma and other Malignant Lesions/metastasis-3.jpg
1,E:\MedicalData\kagglechallenge\Dermnet\train/Actinic Keratosis Basal Cell Carcinoma and other Malignant Lesions/metastasis-31.jpg
1,E:\MedicalData\kagglechallenge\Dermnet\train/Actinic Keratosis Basal Cell Carcinoma and other Malignant Lesions/metastasis-34.jpg
1,E:\MedicalData\kagglechallenge\Dermnet\train/Actinic Keratosis Basal Cell Carcinoma and other Malignant Lesions/metastasis-4.jpg
1,E:\MedicalData\kagglechallenge\Dermnet\train/Actinic Keratosis Basal Cell Carcinoma and other Malignant Lesions/metastasis-5.jpg
1,E:\MedicalData\kagglechallenge\Dermnet\train/Actinic Keratosis Basal Cell Carcinoma and other Malignant Lesions/metastasis-6.jpg
1,E:\MedicalData\kagglechallenge\Dermnet\train/Actinic Keratosis Basal Cell Carcinoma and other Malignant Lesions/metastasis-7.jpg
1,E:\MedicalData\kagglechallenge\Dermnet\train/Actinic Keratosis Basal Cell Carcinoma and other Malignant Lesions/metastasis-9.jpg
1,E:\MedicalData\kagglechallenge\Dermnet\train/Actinic Keratosis Basal Cell Carcinoma and other Malignant Lesions/paget-disease-breast-1.jpg
1,E:\MedicalData\kagglechallenge\Dermnet\train/Actinic Keratosis Basal Cell Carcinoma and other Malignant Lesions/paget-disease-breast-10.jpg
1,E:\MedicalData\kagglechallenge\Dermnet\train/Actinic Keratosis Basal Cell Carcinoma and other Malignant Lesions/paget-disease-breast-11.jpg
1,E:\MedicalData\kagglechallenge\Dermnet\train/Actinic Keratosis Basal Cell Carcinoma and other Malignant Lesions/paget-disease-breast-12.jpg
1,E:\MedicalData\kagglechallenge\Dermnet\train/Actinic Keratosis Basal Cell Carcinoma and other Malignant Lesions/paget-disease-breast-13.jpg
1,E:\MedicalData\kagglechallenge\Dermnet\train/Actinic Keratosis Basal Cell Carcinoma and other Malignant Lesions/paget-disease-breast-14.jpg
1,E:\MedicalData\kagglechallenge\Dermnet\train/Actinic Keratosis Basal Cell Carcinoma and other Malignant Lesions/paget-disease-breast-2.jpg
1,E:\MedicalData\kagglechallenge\Dermnet\train/Actinic Keratosis Basal Cell Carcinoma and other Malignant Lesions/paget-disease-breast-3.jpg
1,E:\MedicalData\kagglechallenge\Dermnet\train/Actinic Keratosis Basal Cell Carcinoma and other Malignant Lesions/paget-disease-breast-5.jpg
1,E:\MedicalData\kagglechallenge\Dermnet\train/Actinic Keratosis Basal Cell Carcinoma and other Malignant Lesions/paget-disease-breast-6.jpg
1,E:\MedicalData\kagglechallenge\Dermnet\train/Actinic Keratosis Basal Cell Carcinoma and other Malignant Lesions/paget-disease-breast-9.jpg
1,E:\MedicalData\kagglechallenge\Dermnet\train/Actinic Keratosis Basal Cell Carcinoma and other Malignant Lesions/squamous-cell-carcinoma-ear-1.jpg
1,E:\MedicalData\kagglechallenge\Dermnet\train/Actinic Keratosis Basal Cell Carcinoma and other Malignant Lesions/squamous-cell-carcinoma-ear-10.jpg
1,E:\MedicalData\kagglechallenge\Dermnet\train/Actinic Keratosis Basal Cell Carcinoma and other Malignant Lesions/squamous-cell-carcinoma-ear-11.jpg
1,E:\MedicalData\kagglechallenge\Dermnet\train/Actinic Keratosis Basal Cell Carcinoma and other Malignant Lesions/squamous-cell-carcinoma-ear-12.jpg
1,E:\MedicalData\kagglechallenge\Dermnet\train/Actinic Keratosis Basal Cell Carcinoma and other Malignant Lesions/squamous-cell-carcinoma-ear-13.jpg
1,E:\MedicalData\kagglechallenge\Dermnet\train/Actinic Keratosis Basal Cell Carcinoma and other Malignant Lesions/squamous-cell-carcinoma-ear-14.jpg
1,E:\MedicalData\kagglechallenge\Dermnet\train/Actinic Keratosis Basal Cell Carcinoma and other Malignant Lesions/squamous-cell-carcinoma-ear-15.jpg
1,E:\MedicalData\kagglechallenge\Dermnet\train/Actinic Keratosis Basal Cell Carcinoma and other Malignant Lesions/squamous-cell-carcinoma-ear-16.jpg
1,E:\MedicalData\kagglechallenge\Dermnet\train/Actinic Keratosis Basal Cell Carcinoma and other Malignant Lesions/squamous-cell-carcinoma-ear-17.jpg
1,E:\MedicalData\kagglechallenge\Dermnet\train/Actinic Keratosis Basal Cell Carcinoma and other Malignant Lesions/squamous-cell-carcinoma-ear-18.jpg
1,E:\MedicalData\kagglechallenge\Dermnet\train/Actinic Keratosis Basal Cell Carcinoma and other Malignant Lesions/squamous-cell-carcinoma-ear-19.jpg
1,E:\MedicalData\kagglechallenge\Dermnet\train/Actinic Keratosis Basal Cell Carcinoma and other Malignant Lesions/squamous-cell-carcinoma-ear-2.jpg
1,E:\MedicalData\kagglechallenge\Dermnet\train/Actinic Keratosis Basal Cell Carcinoma and other Malignant Lesions/squamous-cell-carcinoma-ear-20.jpg
1,E:\MedicalData\kagglechallenge\Dermnet\train/Actinic Keratosis Basal Cell Carcinoma and other Malignant Lesions/squamous-cell-carcinoma-ear-21.jpg
1,E:\MedicalData\kagglechallenge\Dermnet\train/Actinic Keratosis Basal Cell Carcinoma and other Malignant Lesions/squamous-cell-carcinoma-ear-23.jpg
1,E:\MedicalData\kagglechallenge\Dermnet\train/Actinic Keratosis Basal Cell Carcinoma and other Malignant Lesions/squamous-cell-carcinoma-ear-24.jpg
1,E:\MedicalData\kagglechallenge\Dermnet\train/Actinic Keratosis Basal Cell Carcinoma and other Malignant Lesions/squamous-cell-carcinoma-ear-25.jpg
1,E:\MedicalData\kagglechallenge\Dermnet\train/Actinic Keratosis Basal Cell Carcinoma and other Malignant Lesions/squamous-cell-carcinoma-ear-27.jpg
1,E:\MedicalData\kagglechallenge\Dermnet\train/Actinic Keratosis Basal Cell Carcinoma and other Malignant Lesions/squamous-cell-carcinoma-ear-28.jpg
1,E:\MedicalData\kagglechallenge\Dermnet\train/Actinic Keratosis Basal Cell Carcinoma and other Malignant Lesions/squamous-cell-carcinoma-ear-29.jpg
1,E:\MedicalData\kagglechallenge\Dermnet\train/Actinic Keratosis Basal Cell Carcinoma and other Malignant Lesions/squamous-cell-carcinoma-ear-3.jpg
1,E:\MedicalData\kagglechallenge\Dermnet\train/Actinic Keratosis Basal Cell Carcinoma and other Malignant Lesions/squamous-cell-carcinoma-ear-30.jpg
1,E:\MedicalData\kagglechallenge\Dermnet\train/Actinic Keratosis Basal Cell Carcinoma and other Malignant Lesions/squamous-cell-carcinoma-ear-31.jpg
1,E:\MedicalData\kagglechallenge\Dermnet\train/Actinic Keratosis Basal Cell Carcinoma and other Malignant Lesions/squamous-cell-carcinoma-ear-32.jpg
1,E:\MedicalData\kagglechallenge\Dermnet\train/Actinic Keratosis Basal Cell Carcinoma and other Malignant Lesions/squamous-cell-carcinoma-ear-34.jpg
1,E:\MedicalData\kagglechallenge\Dermnet\train/Actinic Keratosis Basal Cell Carcinoma and other Malignant Lesions/squamous-cell-carcinoma-ear-35.jpg
1,E:\MedicalData\kagglechallenge\Dermnet\train/Actinic Keratosis Basal Cell Carcinoma and other Malignant Lesions/squamous-cell-carcinoma-ear-37.jpg
1,E:\MedicalData\kagglechallenge\Dermnet\train/Actinic Keratosis Basal Cell Carcinoma and other Malignant Lesions/squamous-cell-carcinoma-ear-38.jpg
1,E:\MedicalData\kagglechallenge\Dermnet\train/Actinic Keratosis Basal Cell Carcinoma and other Malignant Lesions/squamous-cell-carcinoma-ear-4.jpg
1,E:\MedicalData\kagglechallenge\Dermnet\train/Actinic Keratosis Basal Cell Carcinoma and other Malignant Lesions/squamous-cell-carcinoma-ear-6.jpg
1,E:\MedicalData\kagglechallenge\Dermnet\train/Actinic Keratosis Basal Cell Carcinoma and other Malignant Lesions/squamous-cell-carcinoma-ear-7.jpg
1,E:\MedicalData\kagglechallenge\Dermnet\train/Actinic Keratosis Basal Cell Carcinoma and other Malignant Lesions/squamous-cell-carcinoma-ear-8.jpg
1,E:\MedicalData\kagglechallenge\Dermnet\train/Actinic Keratosis Basal Cell Carcinoma and other Malignant Lesions/squamous-cell-carcinoma-ear-9.jpg
1,E:\MedicalData\kagglechallenge\Dermnet\train/Actinic Keratosis Basal Cell Carcinoma and other Malignant Lesions/squamous-cell-carcinoma-face-10.jpg
1,E:\MedicalData\kagglechallenge\Dermnet\train/Actinic Keratosis Basal Cell Carcinoma and other Malignant Lesions/squamous-cell-carcinoma-face-3.jpg
1,E:\MedicalData\kagglechallenge\Dermnet\train/Actinic Keratosis Basal Cell Carcinoma and other Malignant Lesions/squamous-cell-carcinoma-face-5.jpg
1,E:\MedicalData\kagglechallenge\Dermnet\train/Actinic Keratosis Basal Cell Carcinoma and other Malignant Lesions/squamous-cell-carcinoma-face-7.jpg
1,E:\MedicalData\kagglechallenge\Dermnet\train/Actinic Keratosis Basal Cell Carcinoma and other Malignant Lesions/squamous-cell-carcinoma-face-8.jpg
1,E:\MedicalData\kagglechallenge\Dermnet\train/Actinic Keratosis Basal Cell Carcinoma and other Malignant Lesions/squamous-cell-carcinoma-hand-arm-1.jpg
1,E:\MedicalData\kagglechallenge\Dermnet\train/Actinic Keratosis Basal Cell Carcinoma and other Malignant Lesions/squamous-cell-carcinoma-hand-arm-10.jpg
1,E:\MedicalData\kagglechallenge\Dermnet\train/Actinic Keratosis Basal Cell Carcinoma and other Malignant Lesions/squamous-cell-carcinoma-hand-arm-11.jpg
1,E:\MedicalData\kagglechallenge\Dermnet\train/Actinic Keratosis Basal Cell Carcinoma and other Malignant Lesions/squamous-cell-carcinoma-hand-arm-12.jpg
1,E:\MedicalData\kagglechallenge\Dermnet\train/Actinic Keratosis Basal Cell Carcinoma and other Malignant Lesions/squamous-cell-carcinoma-hand-arm-13.jpg
1,E:\MedicalData\kagglechallenge\Dermnet\train/Actinic Keratosis Basal Cell Carcinoma and other Malignant Lesions/squamous-cell-carcinoma-hand-arm-14.jpg
1,E:\MedicalData\kagglechallenge\Dermnet\train/Actinic Keratosis Basal Cell Carcinoma and other Malignant Lesions/squamous-cell-carcinoma-hand-arm-3.jpg
1,E:\MedicalData\kagglechallenge\Dermnet\train/Actinic Keratosis Basal Cell Carcinoma and other Malignant Lesions/squamous-cell-carcinoma-hand-arm-4.jpg
1,E:\MedicalData\kagglechallenge\Dermnet\train/Actinic Keratosis Basal Cell Carcinoma and other Malignant Lesions/squamous-cell-carcinoma-hand-arm-5.jpg
1,E:\MedicalData\kagglechallenge\Dermnet\train/Actinic Keratosis Basal Cell Carcinoma and other Malignant Lesions/squamous-cell-carcinoma-hand-arm-6.jpg
1,E:\MedicalData\kagglechallenge\Dermnet\train/Actinic Keratosis Basal Cell Carcinoma and other Malignant Lesions/squamous-cell-carcinoma-hand-arm-7.jpg
1,E:\MedicalData\kagglechallenge\Dermnet\train/Actinic Keratosis Basal Cell Carcinoma and other Malignant Lesions/squamous-cell-carcinoma-hand-arm-8.jpg
1,E:\MedicalData\kagglechallenge\Dermnet\train/Actinic Keratosis Basal Cell Carcinoma and other Malignant Lesions/squamous-cell-carcinoma-histology-1.jpg
1,E:\MedicalData\kagglechallenge\Dermnet\train/Actinic Keratosis Basal Cell Carcinoma and other Malignant Lesions/squamous-cell-carcinoma-leg-1.jpg
1,E:\MedicalData\kagglechallenge\Dermnet\train/Actinic Keratosis Basal Cell Carcinoma and other Malignant Lesions/squamous-cell-carcinoma-lesion-1.jpg
1,E:\MedicalData\kagglechallenge\Dermnet\train/Actinic Keratosis Basal Cell Carcinoma and other Malignant Lesions/squamous-cell-carcinoma-lesion-10.jpg
1,E:\MedicalData\kagglechallenge\Dermnet\train/Actinic Keratosis Basal Cell Carcinoma and other Malignant Lesions/squamous-cell-carcinoma-lesion-11.jpg
1,E:\MedicalData\kagglechallenge\Dermnet\train/Actinic Keratosis Basal Cell Carcinoma and other Malignant Lesions/squamous-cell-carcinoma-lesion-12.jpg
1,E:\MedicalData\kagglechallenge\Dermnet\train/Actinic Keratosis Basal Cell Carcinoma and other Malignant Lesions/squamous-cell-carcinoma-lesion-13.jpg
1,E:\MedicalData\kagglechallenge\Dermnet\train/Actinic Keratosis Basal Cell Carcinoma and other Malignant Lesions/squamous-cell-carcinoma-lesion-14.jpg
1,E:\MedicalData\kagglechallenge\Dermnet\train/Actinic Keratosis Basal Cell Carcinoma and other Malignant Lesions/squamous-cell-carcinoma-lesion-15.jpg
1,E:\MedicalData\kagglechallenge\Dermnet\train/Actinic Keratosis Basal Cell Carcinoma and other Malignant Lesions/squamous-cell-carcinoma-lesion-17.jpg
1,E:\MedicalData\kagglechallenge\Dermnet\train/Actinic Keratosis Basal Cell Carcinoma and other Malignant Lesions/squamous-cell-carcinoma-lesion-2.jpg
1,E:\MedicalData\kagglechallenge\Dermnet\train/Actinic Keratosis Basal Cell Carcinoma and other Malignant Lesions/squamous-cell-carcinoma-lesion-20.jpg
1,E:\MedicalData\kagglechallenge\Dermnet\train/Actinic Keratosis Basal Cell Carcinoma and other Malignant Lesions/squamous-cell-carcinoma-lesion-21.jpg
1,E:\MedicalData\kagglechallenge\Dermnet\train/Actinic Keratosis Basal Cell Carcinoma and other Malignant Lesions/squamous-cell-carcinoma-lesion-22.jpg
1,E:\MedicalData\kagglechallenge\Dermnet\train/Actinic Keratosis Basal Cell Carcinoma and other Malignant Lesions/squamous-cell-carcinoma-lesion-25.jpg
1,E:\MedicalData\kagglechallenge\Dermnet\train/Actinic Keratosis Basal Cell Carcinoma and other Malignant Lesions/squamous-cell-carcinoma-lesion-26.jpg
1,E:\MedicalData\kagglechallenge\Dermnet\train/Actinic Keratosis Basal Cell Carcinoma and other Malignant Lesions/squamous-cell-carcinoma-lesion-27.jpg
1,E:\MedicalData\kagglechallenge\Dermnet\train/Actinic Keratosis Basal Cell Carcinoma and other Malignant Lesions/squamous-cell-carcinoma-lesion-29.jpg
1,E:\MedicalData\kagglechallenge\Dermnet\train/Actinic Keratosis Basal Cell Carcinoma and other Malignant Lesions/squamous-cell-carcinoma-lesion-30.jpg
1,E:\MedicalData\kagglechallenge\Dermnet\train/Actinic Keratosis Basal Cell Carcinoma and other Malignant Lesions/squamous-cell-carcinoma-lesion-31.jpg
1,E:\MedicalData\kagglechallenge\Dermnet\train/Actinic Keratosis Basal Cell Carcinoma and other Malignant Lesions/squamous-cell-carcinoma-lesion-32.jpg
1,E:\MedicalData\kagglechallenge\Dermnet\train/Actinic Keratosis Basal Cell Carcinoma and other Malignant Lesions/squamous-cell-carcinoma-lesion-5.jpg
1,E:\MedicalData\kagglechallenge\Dermnet\train/Actinic Keratosis Basal Cell Carcinoma and other Malignant Lesions/squamous-cell-carcinoma-lesion-6.jpg
1,E:\MedicalData\kagglechallenge\Dermnet\train/Actinic Keratosis Basal Cell Carcinoma and other Malignant Lesions/squamous-cell-carcinoma-lesion-9.jpg
1,E:\MedicalData\kagglechallenge\Dermnet\train/Actinic Keratosis Basal Cell Carcinoma and other Malignant Lesions/squamous-cell-carcinoma-lip-1.jpg
1,E:\MedicalData\kagglechallenge\Dermnet\train/Actinic Keratosis Basal Cell Carcinoma and other Malignant Lesions/squamous-cell-carcinoma-lip-11.jpg
1,E:\MedicalData\kagglechallenge\Dermnet\train/Actinic Keratosis Basal Cell Carcinoma and other Malignant Lesions/squamous-cell-carcinoma-lip-12.jpg
1,E:\MedicalData\kagglechallenge\Dermnet\train/Actinic Keratosis Basal Cell Carcinoma and other Malignant Lesions/squamous-cell-carcinoma-lip-14.jpg
1,E:\MedicalData\kagglechallenge\Dermnet\train/Actinic Keratosis Basal Cell Carcinoma and other Malignant Lesions/squamous-cell-carcinoma-lip-15.jpg
1,E:\MedicalData\kagglechallenge\Dermnet\train/Actinic Keratosis Basal Cell Carcinoma and other Malignant Lesions/squamous-cell-carcinoma-lip-17.jpg
1,E:\MedicalData\kagglechallenge\Dermnet\train/Actinic Keratosis Basal Cell Carcinoma and other Malignant Lesions/squamous-cell-carcinoma-lip-18.jpg
1,E:\MedicalData\kagglechallenge\Dermnet\train/Actinic Keratosis Basal Cell Carcinoma and other Malignant Lesions/squamous-cell-carcinoma-lip-2.jpg
1,E:\MedicalData\kagglechallenge\Dermnet\train/Actinic Keratosis Basal Cell Carcinoma and other Malignant Lesions/squamous-cell-carcinoma-lip-20.jpg
1,E:\MedicalData\kagglechallenge\Dermnet\train/Actinic Keratosis Basal Cell Carcinoma and other Malignant Lesions/squamous-cell-carcinoma-lip-21.jpg
1,E:\MedicalData\kagglechallenge\Dermnet\train/Actinic Keratosis Basal Cell Carcinoma and other Malignant Lesions/squamous-cell-carcinoma-lip-23.jpg
1,E:\MedicalData\kagglechallenge\Dermnet\train/Actinic Keratosis Basal Cell Carcinoma and other Malignant Lesions/squamous-cell-carcinoma-lip-24.jpg
1,E:\MedicalData\kagglechallenge\Dermnet\train/Actinic Keratosis Basal Cell Carcinoma and other Malignant Lesions/squamous-cell-carcinoma-lip-25.jpg
1,E:\MedicalData\kagglechallenge\Dermnet\train/Actinic Keratosis Basal Cell Carcinoma and other Malignant Lesions/squamous-cell-carcinoma-lip-26.jpg
1,E:\MedicalData\kagglechallenge\Dermnet\train/Actinic Keratosis Basal Cell Carcinoma and other Malignant Lesions/squamous-cell-carcinoma-lip-28.jpg
1,E:\MedicalData\kagglechallenge\Dermnet\train/Actinic Keratosis Basal Cell Carcinoma and other Malignant Lesions/squamous-cell-carcinoma-lip-4.jpg
1,E:\MedicalData\kagglechallenge\Dermnet\train/Actinic Keratosis Basal Cell Carcinoma and other Malignant Lesions/squamous-cell-carcinoma-lip-5.jpg
1,E:\MedicalData\kagglechallenge\Dermnet\train/Actinic Keratosis Basal Cell Carcinoma and other Malignant Lesions/squamous-cell-carcinoma-lip-6.jpg
1,E:\MedicalData\kagglechallenge\Dermnet\train/Actinic Keratosis Basal Cell Carcinoma and other Malignant Lesions/squamous-cell-carcinoma-lip-7.jpg
1,E:\MedicalData\kagglechallenge\Dermnet\train/Actinic Keratosis Basal Cell Carcinoma and other Malignant Lesions/squamous-cell-carcinoma-lip-8.jpg
1,E:\MedicalData\kagglechallenge\Dermnet\train/Actinic Keratosis Basal Cell Carcinoma and other Malignant Lesions/squamous-cell-carcinoma-nose-1.jpg
1,E:\MedicalData\kagglechallenge\Dermnet\train/Actinic Keratosis Basal Cell Carcinoma and other Malignant Lesions/squamous-cell-carcinoma-nose-3.jpg
1,E:\MedicalData\kagglechallenge\Dermnet\train/Actinic Keratosis Basal Cell Carcinoma and other Malignant Lesions/squamous-cell-carcinoma-nose-4.jpg
1,E:\MedicalData\kagglechallenge\Dermnet\train/Actinic Keratosis Basal Cell Carcinoma and other Malignant Lesions/squamous-cell-carcinoma-nose-7.jpg
1,E:\MedicalData\kagglechallenge\Dermnet\train/Actinic Keratosis Basal Cell Carcinoma and other Malignant Lesions/squamous-cell-carcinoma-scalp-1.jpg
1,E:\MedicalData\kagglechallenge\Dermnet\train/Actinic Keratosis Basal Cell Carcinoma and other Malignant Lesions/squamous-cell-carcinoma-trunk-1.jpg
1,E:\MedicalData\kagglechallenge\Dermnet\train/Actinic Keratosis Basal Cell Carcinoma and other Malignant Lesions/squamous-cell-carcinoma-vulva-1.jpg
1,E:\MedicalData\kagglechallenge\Dermnet\train/Actinic Keratosis Basal Cell Carcinoma and other Malignant Lesions/verrucous-carcinoma-1.jpg
1,E:\MedicalData\kagglechallenge\Dermnet\train/Actinic Keratosis Basal Cell Carcinoma and other Malignant Lesions/verrucous-carcinoma-2.jpg
1,E:\MedicalData\kagglechallenge\Dermnet\train/Actinic Keratosis Basal Cell Carcinoma and other Malignant Lesions/verrucous-carcinoma-5.jpg
2,E:\MedicalData\kagglechallenge\Dermnet\train/Atopic Dermatitis Photos/03DermatitisLids.jpg
2,E:\MedicalData\kagglechallenge\Dermnet\train/Atopic Dermatitis Photos/03Eczema0310.jpg
2,E:\MedicalData\kagglechallenge\Dermnet\train/Atopic Dermatitis Photos/03ichthyosis030127.jpg
2,E:\MedicalData\kagglechallenge\Dermnet\train/Atopic Dermatitis Photos/03ichthyosis040127.jpg
2,E:\MedicalData\kagglechallenge\Dermnet\train/Atopic Dermatitis Photos/03Icthyosis.jpg
2,E:\MedicalData\kagglechallenge\Dermnet\train/Atopic Dermatitis Photos/05Atopic.jpg
2,E:\MedicalData\kagglechallenge\Dermnet\train/Atopic Dermatitis Photos/05Atopic010203.jpg
2,E:\MedicalData\kagglechallenge\Dermnet\train/Atopic Dermatitis Photos/05Atopic010224.jpg
2,E:\MedicalData\kagglechallenge\Dermnet\train/Atopic Dermatitis Photos/05atopic011005.jpg
2,E:\MedicalData\kagglechallenge\Dermnet\train/Atopic Dermatitis Photos/05atopic0110051.jpg
2,E:\MedicalData\kagglechallenge\Dermnet\train/Atopic Dermatitis Photos/05atopic011005154.jpg
2,E:\MedicalData\kagglechallenge\Dermnet\train/Atopic Dermatitis Photos/05atopic0110052.jpg
2,E:\MedicalData\kagglechallenge\Dermnet\train/Atopic Dermatitis Photos/05atopic011005323.jpg
2,E:\MedicalData\kagglechallenge\Dermnet\train/Atopic Dermatitis Photos/05atopic0123067.jpg
2,E:\MedicalData\kagglechallenge\Dermnet\train/Atopic Dermatitis Photos/05atopic0123068.jpg
2,E:\MedicalData\kagglechallenge\Dermnet\train/Atopic Dermatitis Photos/05atopic012405.jpg
2,E:\MedicalData\kagglechallenge\Dermnet\train/Atopic Dermatitis Photos/05atopic0124052.jpg
2,E:\MedicalData\kagglechallenge\Dermnet\train/Atopic Dermatitis Photos/05Atopic020204.jpg
2,E:\MedicalData\kagglechallenge\Dermnet\train/Atopic Dermatitis Photos/05Atopic021011.jpg
2,E:\MedicalData\kagglechallenge\Dermnet\train/Atopic Dermatitis Photos/05atopic02164.jpg
2,E:\MedicalData\kagglechallenge\Dermnet\train/Atopic Dermatitis Photos/05atopic02165.jpg
2,E:\MedicalData\kagglechallenge\Dermnet\train/Atopic Dermatitis Photos/05Atopic0224.jpg
2,E:\MedicalData\kagglechallenge\Dermnet\train/Atopic Dermatitis Photos/05atopic0228051.jpg
2,E:\MedicalData\kagglechallenge\Dermnet\train/Atopic Dermatitis Photos/05Atopic030203.jpg
2,E:\MedicalData\kagglechallenge\Dermnet\train/Atopic Dermatitis Photos/05atopic031306.jpg
2,E:\MedicalData\kagglechallenge\Dermnet\train/Atopic Dermatitis Photos/05atopic0313063.jpg
2,E:\MedicalData\kagglechallenge\Dermnet\train/Atopic Dermatitis Photos/05Atopic032204.jpg
2,E:\MedicalData\kagglechallenge\Dermnet\train/Atopic Dermatitis Photos/05Atopic0322041.jpg
2,E:\MedicalData\kagglechallenge\Dermnet\train/Atopic Dermatitis Photos/05Atopic0322042.jpg
2,E:\MedicalData\kagglechallenge\Dermnet\train/Atopic Dermatitis Photos/05Atopic0322044.jpg
2,E:\MedicalData\kagglechallenge\Dermnet\train/Atopic Dermatitis Photos/05atopic0327061.jpg
2,E:\MedicalData\kagglechallenge\Dermnet\train/Atopic Dermatitis Photos/05atopic032805.jpg
2,E:\MedicalData\kagglechallenge\Dermnet\train/Atopic Dermatitis Photos/05Atopic0329041.jpg
2,E:\MedicalData\kagglechallenge\Dermnet\train/Atopic Dermatitis Photos/05Atopic03290446.jpg
2,E:\MedicalData\kagglechallenge\Dermnet\train/Atopic Dermatitis Photos/05Atopic03290447.jpg
2,E:\MedicalData\kagglechallenge\Dermnet\train/Atopic Dermatitis Photos/05Atopic0405048.jpg
2,E:\MedicalData\kagglechallenge\Dermnet\train/Atopic Dermatitis Photos/05atopic0411053.jpg
2,E:\MedicalData\kagglechallenge\Dermnet\train/Atopic Dermatitis Photos/05atopic0411054.jpg
2,E:\MedicalData\kagglechallenge\Dermnet\train/Atopic Dermatitis Photos/05atopic0411055.jpg
2,E:\MedicalData\kagglechallenge\Dermnet\train/Atopic Dermatitis Photos/05Atopic042801.jpg
2,E:\MedicalData\kagglechallenge\Dermnet\train/Atopic Dermatitis Photos/05Atopic042802.jpg
2,E:\MedicalData\kagglechallenge\Dermnet\train/Atopic Dermatitis Photos/05Atopic042803.jpg
2,E:\MedicalData\kagglechallenge\Dermnet\train/Atopic Dermatitis Photos/05Atopic0504055.jpg
2,E:\MedicalData\kagglechallenge\Dermnet\train/Atopic Dermatitis Photos/05Atopic0504058.jpg
2,E:\MedicalData\kagglechallenge\Dermnet\train/Atopic Dermatitis Photos/05atopic050806.jpg
2,E:\MedicalData\kagglechallenge\Dermnet\train/Atopic Dermatitis Photos/05atopic051704.jpg
2,E:\MedicalData\kagglechallenge\Dermnet\train/Atopic Dermatitis Photos/05atopic0517041.jpg
2,E:\MedicalData\kagglechallenge\Dermnet\train/Atopic Dermatitis Photos/05atopic0607042.jpg
2,E:\MedicalData\kagglechallenge\Dermnet\train/Atopic Dermatitis Photos/05Atopic071204.jpg
2,E:\MedicalData\kagglechallenge\Dermnet\train/Atopic Dermatitis Photos/05Atopic0712041.jpg
2,E:\MedicalData\kagglechallenge\Dermnet\train/Atopic Dermatitis Photos/05Atopic0712043.jpg
2,E:\MedicalData\kagglechallenge\Dermnet\train/Atopic Dermatitis Photos/05Atopic0712044.jpg
2,E:\MedicalData\kagglechallenge\Dermnet\train/Atopic Dermatitis Photos/05Atopic0712046.jpg
2,E:\MedicalData\kagglechallenge\Dermnet\train/Atopic Dermatitis Photos/05Atopic0712047.jpg
2,E:\MedicalData\kagglechallenge\Dermnet\train/Atopic Dermatitis Photos/05Atopic0712048.jpg
2,E:\MedicalData\kagglechallenge\Dermnet\train/Atopic Dermatitis Photos/05Atopic0712049.jpg
2,E:\MedicalData\kagglechallenge\Dermnet\train/Atopic Dermatitis Photos/05Atopic10062.jpg
2,E:\MedicalData\kagglechallenge\Dermnet\train/Atopic Dermatitis Photos/05Atopic10065.jpg
2,E:\MedicalData\kagglechallenge\Dermnet\train/Atopic Dermatitis Photos/05Atopic10066.jpg
2,E:\MedicalData\kagglechallenge\Dermnet\train/Atopic Dermatitis Photos/05Atopic10067.jpg
2,E:\MedicalData\kagglechallenge\Dermnet\train/Atopic Dermatitis Photos/05atopic1107052.jpg
2,E:\MedicalData\kagglechallenge\Dermnet\train/Atopic Dermatitis Photos/05atopic1107053.jpg
2,E:\MedicalData\kagglechallenge\Dermnet\train/Atopic Dermatitis Photos/05atopic1107054.jpg
2,E:\MedicalData\kagglechallenge\Dermnet\train/Atopic Dermatitis Photos/05atopic1107055.jpg
2,E:\MedicalData\kagglechallenge\Dermnet\train/Atopic Dermatitis Photos/05atopic1107057.jpg
2,E:\MedicalData\kagglechallenge\Dermnet\train/Atopic Dermatitis Photos/05Atopic12012.jpg
2,E:\MedicalData\kagglechallenge\Dermnet\train/Atopic Dermatitis Photos/05Atopic12014.jpg
2,E:\MedicalData\kagglechallenge\Dermnet\train/Atopic Dermatitis Photos/05Atopic120604.jpg
2,E:\MedicalData\kagglechallenge\Dermnet\train/Atopic Dermatitis Photos/05Atopic1206041.jpg
2,E:\MedicalData\kagglechallenge\Dermnet\train/Atopic Dermatitis Photos/05Atopic12060410.jpg
2,E:\MedicalData\kagglechallenge\Dermnet\train/Atopic Dermatitis Photos/05Atopic12060412.jpg
2,E:\MedicalData\kagglechallenge\Dermnet\train/Atopic Dermatitis Photos/05Atopic12060413.jpg
2,E:\MedicalData\kagglechallenge\Dermnet\train/Atopic Dermatitis Photos/05Atopic12060416.jpg
2,E:\MedicalData\kagglechallenge\Dermnet\train/Atopic Dermatitis Photos/05Atopic12060417.jpg
2,E:\MedicalData\kagglechallenge\Dermnet\train/Atopic Dermatitis Photos/05Atopic1206042.jpg
2,E:\MedicalData\kagglechallenge\Dermnet\train/Atopic Dermatitis Photos/05Atopic12060422.jpg
2,E:\MedicalData\kagglechallenge\Dermnet\train/Atopic Dermatitis Photos/05Atopic12060423.jpg
2,E:\MedicalData\kagglechallenge\Dermnet\train/Atopic Dermatitis Photos/05Atopic12060424.jpg
2,E:\MedicalData\kagglechallenge\Dermnet\train/Atopic Dermatitis Photos/05Atopic12060425.jpg
2,E:\MedicalData\kagglechallenge\Dermnet\train/Atopic Dermatitis Photos/05Atopic12060427.jpg
2,E:\MedicalData\kagglechallenge\Dermnet\train/Atopic Dermatitis Photos/05Atopic1206043.jpg
2,E:\MedicalData\kagglechallenge\Dermnet\train/Atopic Dermatitis Photos/05Atopic1206046.jpg
2,E:\MedicalData\kagglechallenge\Dermnet\train/Atopic Dermatitis Photos/05Atopic1206047.jpg
2,E:\MedicalData\kagglechallenge\Dermnet\train/Atopic Dermatitis Photos/05Atopic18.jpg
2,E:\MedicalData\kagglechallenge\Dermnet\train/Atopic Dermatitis Photos/05Atopic2.jpg
2,E:\MedicalData\kagglechallenge\Dermnet\train/Atopic Dermatitis Photos/05Atopic21.jpg
2,E:\MedicalData\kagglechallenge\Dermnet\train/Atopic Dermatitis Photos/05atopicAdult061906.jpg
2,E:\MedicalData\kagglechallenge\Dermnet\train/Atopic Dermatitis Photos/05atopicAdult111805.jpg
2,E:\MedicalData\kagglechallenge\Dermnet\train/Atopic Dermatitis Photos/05ATopicAreola.jpg
2,E:\MedicalData\kagglechallenge\Dermnet\train/Atopic Dermatitis Photos/05AtopicAreola23.jpg
2,E:\MedicalData\kagglechallenge\Dermnet\train/Atopic Dermatitis Photos/05AtopicAreola3.jpg
2,E:\MedicalData\kagglechallenge\Dermnet\train/Atopic Dermatitis Photos/05AtopicChild010120.jpg
2,E:\MedicalData\kagglechallenge\Dermnet\train/Atopic Dermatitis Photos/05atopicChild071904.jpg
2,E:\MedicalData\kagglechallenge\Dermnet\train/Atopic Dermatitis Photos/05atopicChild0719042.jpg
2,E:\MedicalData\kagglechallenge\Dermnet\train/Atopic Dermatitis Photos/05atopicChild082806.jpg
2,E:\MedicalData\kagglechallenge\Dermnet\train/Atopic Dermatitis Photos/05atopicChild0828061.jpg
2,E:\MedicalData\kagglechallenge\Dermnet\train/Atopic Dermatitis Photos/05atopicChild0828062.jpg
2,E:\MedicalData\kagglechallenge\Dermnet\train/Atopic Dermatitis Photos/05atopicChild0828063.jpg
2,E:\MedicalData\kagglechallenge\Dermnet\train/Atopic Dermatitis Photos/05AtopicChild101104.jpg
2,E:\MedicalData\kagglechallenge\Dermnet\train/Atopic Dermatitis Photos/05AtopicChild1011041.jpg
2,E:\MedicalData\kagglechallenge\Dermnet\train/Atopic Dermatitis Photos/05AtopicDerm011204.jpg
2,E:\MedicalData\kagglechallenge\Dermnet\train/Atopic Dermatitis Photos/05AtopicDerm0112042.jpg
2,E:\MedicalData\kagglechallenge\Dermnet\train/Atopic Dermatitis Photos/05AtopicDerm0112043.jpg
2,E:\MedicalData\kagglechallenge\Dermnet\train/Atopic Dermatitis Photos/05atopicDerm032805.jpg
2,E:\MedicalData\kagglechallenge\Dermnet\train/Atopic Dermatitis Photos/05atopicDerm0328051.jpg
2,E:\MedicalData\kagglechallenge\Dermnet\train/Atopic Dermatitis Photos/05atopicDerm0328052.jpg
2,E:\MedicalData\kagglechallenge\Dermnet\train/Atopic Dermatitis Photos/05atopicDerm0328053.jpg
2,E:\MedicalData\kagglechallenge\Dermnet\train/Atopic Dermatitis Photos/05atopicDerm040405ok.jpg
2,E:\MedicalData\kagglechallenge\Dermnet\train/Atopic Dermatitis Photos/05atopicDerm040405ok1.jpg
2,E:\MedicalData\kagglechallenge\Dermnet\train/Atopic Dermatitis Photos/05AtopicDerm041904.jpg
2,E:\MedicalData\kagglechallenge\Dermnet\train/Atopic Dermatitis Photos/05AtopicDerm0419041.jpg
2,E:\MedicalData\kagglechallenge\Dermnet\train/Atopic Dermatitis Photos/05AtopicDerm0419042.jpg
2,E:\MedicalData\kagglechallenge\Dermnet\train/Atopic Dermatitis Photos/05AtopicDerm0419043.jpg
2,E:\MedicalData\kagglechallenge\Dermnet\train/Atopic Dermatitis Photos/05AtopicDerm0419044.jpg
2,E:\MedicalData\kagglechallenge\Dermnet\train/Atopic Dermatitis Photos/05AtopicDerm0419046.jpg
2,E:\MedicalData\kagglechallenge\Dermnet\train/Atopic Dermatitis Photos/05AtopicDerm1103.jpg
2,E:\MedicalData\kagglechallenge\Dermnet\train/Atopic Dermatitis Photos/05AtopicDerm11031.jpg
2,E:\MedicalData\kagglechallenge\Dermnet\train/Atopic Dermatitis Photos/05AtopicDermHand.jpg
2,E:\MedicalData\kagglechallenge\Dermnet\train/Atopic Dermatitis Photos/05AtopicDermHand1.jpg
2,E:\MedicalData\kagglechallenge\Dermnet\train/Atopic Dermatitis Photos/05AtopicDermHand2.jpg
2,E:\MedicalData\kagglechallenge\Dermnet\train/Atopic Dermatitis Photos/05AtopicFace0105042ok.jpg
2,E:\MedicalData\kagglechallenge\Dermnet\train/Atopic Dermatitis Photos/05AtopicFace0105043ok.jpg
2,E:\MedicalData\kagglechallenge\Dermnet\train/Atopic Dermatitis Photos/05atopicFace040306.jpg
2,E:\MedicalData\kagglechallenge\Dermnet\train/Atopic Dermatitis Photos/05atopicFace041706.jpg
2,E:\MedicalData\kagglechallenge\Dermnet\train/Atopic Dermatitis Photos/05atopicFace100305.jpg
2,E:\MedicalData\kagglechallenge\Dermnet\train/Atopic Dermatitis Photos/05atopicFace1003051.jpg
2,E:\MedicalData\kagglechallenge\Dermnet\train/Atopic Dermatitis Photos/05atopicFace1003052.jpg
2,E:\MedicalData\kagglechallenge\Dermnet\train/Atopic Dermatitis Photos/05atopicFace1003053.jpg
2,E:\MedicalData\kagglechallenge\Dermnet\train/Atopic Dermatitis Photos/05AtopicFace14.jpg
2,E:\MedicalData\kagglechallenge\Dermnet\train/Atopic Dermatitis Photos/05AtopicFace2.jpg
2,E:\MedicalData\kagglechallenge\Dermnet\train/Atopic Dermatitis Photos/05AtopicFace28.jpg
2,E:\MedicalData\kagglechallenge\Dermnet\train/Atopic Dermatitis Photos/05AtopicFaceBaby.jpg
2,E:\MedicalData\kagglechallenge\Dermnet\train/Atopic Dermatitis Photos/05AtopicFaceBaby1.jpg
2,E:\MedicalData\kagglechallenge\Dermnet\train/Atopic Dermatitis Photos/05AtopicFeet.jpg
2,E:\MedicalData\kagglechallenge\Dermnet\train/Atopic Dermatitis Photos/05atopicFeet0709051.jpg
2,E:\MedicalData\kagglechallenge\Dermnet\train/Atopic Dermatitis Photos/05atopicFeet0709052.jpg
2,E:\MedicalData\kagglechallenge\Dermnet\train/Atopic Dermatitis Photos/05atopicFeet0801051.jpg
2,E:\MedicalData\kagglechallenge\Dermnet\train/Atopic Dermatitis Photos/05atopicFeet0801052.jpg
2,E:\MedicalData\kagglechallenge\Dermnet\train/Atopic Dermatitis Photos/05atopicFeet0801054.jpg
2,E:\MedicalData\kagglechallenge\Dermnet\train/Atopic Dermatitis Photos/05atopicFeet0823041.jpg
2,E:\MedicalData\kagglechallenge\Dermnet\train/Atopic Dermatitis Photos/05atopicFeet0823042.jpg
2,E:\MedicalData\kagglechallenge\Dermnet\train/Atopic Dermatitis Photos/05atopicFeet0823043.jpg
2,E:\MedicalData\kagglechallenge\Dermnet\train/Atopic Dermatitis Photos/05atopicFeet0823049.jpg
2,E:\MedicalData\kagglechallenge\Dermnet\train/Atopic Dermatitis Photos/05atopicFeet082304933.jpg
2,E:\MedicalData\kagglechallenge\Dermnet\train/Atopic Dermatitis Photos/05AtopicFeet1q.jpg
2,E:\MedicalData\kagglechallenge\Dermnet\train/Atopic Dermatitis Photos/05AtopicFeet67.jpg
2,E:\MedicalData\kagglechallenge\Dermnet\train/Atopic Dermatitis Photos/05atopicFoot050806.jpg
2,E:\MedicalData\kagglechallenge\Dermnet\train/Atopic Dermatitis Photos/05atopicFoot080105.jpg
2,E:\MedicalData\kagglechallenge\Dermnet\train/Atopic Dermatitis Photos/05atopicFoot0801051.jpg
2,E:\MedicalData\kagglechallenge\Dermnet\train/Atopic Dermatitis Photos/05atopicFoot0801052.jpg
2,E:\MedicalData\kagglechallenge\Dermnet\train/Atopic Dermatitis Photos/05AtopicFossa.jpg
2,E:\MedicalData\kagglechallenge\Dermnet\train/Atopic Dermatitis Photos/05AtopicFossa1.jpg
2,E:\MedicalData\kagglechallenge\Dermnet\train/Atopic Dermatitis Photos/05AtopicFossa2q.jpg
2,E:\MedicalData\kagglechallenge\Dermnet\train/Atopic Dermatitis Photos/05AtopicHand.jpg
2,E:\MedicalData\kagglechallenge\Dermnet\train/Atopic Dermatitis Photos/05AtopicHand1.jpg
2,E:\MedicalData\kagglechallenge\Dermnet\train/Atopic Dermatitis Photos/05AtopicHand1q.jpg
2,E:\MedicalData\kagglechallenge\Dermnet\train/Atopic Dermatitis Photos/05AtopicHand2.jpg
2,E:\MedicalData\kagglechallenge\Dermnet\train/Atopic Dermatitis Photos/05AtopicHand3.jpg
2,E:\MedicalData\kagglechallenge\Dermnet\train/Atopic Dermatitis Photos/05AtopicHand4.jpg
2,E:\MedicalData\kagglechallenge\Dermnet\train/Atopic Dermatitis Photos/05AtopicHandq.jpg
2,E:\MedicalData\kagglechallenge\Dermnet\train/Atopic Dermatitis Photos/05atopicInfection671-GP3.jpg
2,E:\MedicalData\kagglechallenge\Dermnet\train/Atopic Dermatitis Photos/05atopicInfection672-GP3.jpg
2,E:\MedicalData\kagglechallenge\Dermnet\train/Atopic Dermatitis Photos/05atopicKnee080105.jpg
2,E:\MedicalData\kagglechallenge\Dermnet\train/Atopic Dermatitis Photos/05atopicKnee0801051.jpg
2,E:\MedicalData\kagglechallenge\Dermnet\train/Atopic Dermatitis Photos/05atopicKnee0801052.jpg
2,E:\MedicalData\kagglechallenge\Dermnet\train/Atopic Dermatitis Photos/05atopicMouth012306.jpg
2,E:\MedicalData\kagglechallenge\Dermnet\train/Atopic Dermatitis Photos/05AtopicMouth54.jpg
2,E:\MedicalData\kagglechallenge\Dermnet\train/Atopic Dermatitis Photos/05AtopicPapules.jpg
2,E:\MedicalData\kagglechallenge\Dermnet\train/Atopic Dermatitis Photos/05AtopicPop.jpg
2,E:\MedicalData\kagglechallenge\Dermnet\train/Atopic Dermatitis Photos/05AtopicPop1.jpg
2,E:\MedicalData\kagglechallenge\Dermnet\train/Atopic Dermatitis Photos/05AtopicWrist.jpg
2,E:\MedicalData\kagglechallenge\Dermnet\train/Atopic Dermatitis Photos/05atopicWrist0828064.jpg
2,E:\MedicalData\kagglechallenge\Dermnet\train/Atopic Dermatitis Photos/05AtopicWrist54.jpg
2,E:\MedicalData\kagglechallenge\Dermnet\train/Atopic Dermatitis Photos/05AtopicWristq.jpg
2,E:\MedicalData\kagglechallenge\Dermnet\train/Atopic Dermatitis Photos/05child061205.jpg
2,E:\MedicalData\kagglechallenge\Dermnet\train/Atopic Dermatitis Photos/05child0612052.jpg
2,E:\MedicalData\kagglechallenge\Dermnet\train/Atopic Dermatitis Photos/05DennieMorganFolds.jpg
2,E:\MedicalData\kagglechallenge\Dermnet\train/Atopic Dermatitis Photos/05DryCrackedHeels090803.jpg
2,E:\MedicalData\kagglechallenge\Dermnet\train/Atopic Dermatitis Photos/05DryFeet060204.jpg
2,E:\MedicalData\kagglechallenge\Dermnet\train/Atopic Dermatitis Photos/05Eczema1006.jpg
2,E:\MedicalData\kagglechallenge\Dermnet\train/Atopic Dermatitis Photos/05Eczema10061.jpg
2,E:\MedicalData\kagglechallenge\Dermnet\train/Atopic Dermatitis Photos/05Eczema10062.jpg
2,E:\MedicalData\kagglechallenge\Dermnet\train/Atopic Dermatitis Photos/05hyperkeratosis02010.jpg
2,E:\MedicalData\kagglechallenge\Dermnet\train/Atopic Dermatitis Photos/05hyperlinear070905.jpg
2,E:\MedicalData\kagglechallenge\Dermnet\train/Atopic Dermatitis Photos/05hyperLinearCrease042802.jpg
2,E:\MedicalData\kagglechallenge\Dermnet\train/Atopic Dermatitis Photos/05HyperlinearCreases.jpg
2,E:\MedicalData\kagglechallenge\Dermnet\train/Atopic Dermatitis Photos/05HyperlinearCreases0126.jpg
2,E:\MedicalData\kagglechallenge\Dermnet\train/Atopic Dermatitis Photos/05hyperlinearCreases1.jpg
2,E:\MedicalData\kagglechallenge\Dermnet\train/Atopic Dermatitis Photos/05hyperLinearCreases2.jpg
2,E:\MedicalData\kagglechallenge\Dermnet\train/Atopic Dermatitis Photos/05ichthosis020705.jpg
2,E:\MedicalData\kagglechallenge\Dermnet\train/Atopic Dermatitis Photos/05ichthosis0207051.jpg
2,E:\MedicalData\kagglechallenge\Dermnet\train/Atopic Dermatitis Photos/05ichthyosis080105.jpg
2,E:\MedicalData\kagglechallenge\Dermnet\train/Atopic Dermatitis Photos/05IchthyosisSexLinked030804.jpg
2,E:\MedicalData\kagglechallenge\Dermnet\train/Atopic Dermatitis Photos/05IchthyosisSexLinked0308042.jpg
2,E:\MedicalData\kagglechallenge\Dermnet\train/Atopic Dermatitis Photos/05IchthyosisSexLinked0308043.jpg
2,E:\MedicalData\kagglechallenge\Dermnet\train/Atopic Dermatitis Photos/05IchthyosisSexLinked0308044.jpg
2,E:\MedicalData\kagglechallenge\Dermnet\train/Atopic Dermatitis Photos/05IchthyosisVulgaris0216.jpg
2,E:\MedicalData\kagglechallenge\Dermnet\train/Atopic Dermatitis Photos/05icththyosis100404.jpg
2,E:\MedicalData\kagglechallenge\Dermnet\train/Atopic Dermatitis Photos/05icthyosis012405.jpg
2,E:\MedicalData\kagglechallenge\Dermnet\train/Atopic Dermatitis Photos/05icthyosis0124051.jpg
2,E:\MedicalData\kagglechallenge\Dermnet\train/Atopic Dermatitis Photos/05icthyosis0124053.jpg
2,E:\MedicalData\kagglechallenge\Dermnet\train/Atopic Dermatitis Photos/05KeratosisPilar1.jpg
2,E:\MedicalData\kagglechallenge\Dermnet\train/Atopic Dermatitis Photos/05KeratosisPilaris.jpg
2,E:\MedicalData\kagglechallenge\Dermnet\train/Atopic Dermatitis Photos/05keratosisPilaris010120.jpg
2,E:\MedicalData\kagglechallenge\Dermnet\train/Atopic Dermatitis Photos/05keratosisPilaris020120.jpg
2,E:\MedicalData\kagglechallenge\Dermnet\train/Atopic Dermatitis Photos/05keratosisPilaris020705.jpg
2,E:\MedicalData\kagglechallenge\Dermnet\train/Atopic Dermatitis Photos/05keratosisPilaris032105.jpg
2,E:\MedicalData\kagglechallenge\Dermnet\train/Atopic Dermatitis Photos/05keratosisPilaris0321051.jpg
2,E:\MedicalData\kagglechallenge\Dermnet\train/Atopic Dermatitis Photos/05keratosisPilaris041904.jpg
2,E:\MedicalData\kagglechallenge\Dermnet\train/Atopic Dermatitis Photos/05keratosisPilaris0508061.jpg
2,E:\MedicalData\kagglechallenge\Dermnet\train/Atopic Dermatitis Photos/05keratosisPilaris0508062.jpg
2,E:\MedicalData\kagglechallenge\Dermnet\train/Atopic Dermatitis Photos/05keratosisPilaris0508063.jpg
2,E:\MedicalData\kagglechallenge\Dermnet\train/Atopic Dermatitis Photos/05KeratosisPilaris051004.jpg
2,E:\MedicalData\kagglechallenge\Dermnet\train/Atopic Dermatitis Photos/05KeratosisPilaris0510042.jpg
2,E:\MedicalData\kagglechallenge\Dermnet\train/Atopic Dermatitis Photos/05KeratosisPilaris0510043.jpg
2,E:\MedicalData\kagglechallenge\Dermnet\train/Atopic Dermatitis Photos/05KeratosisPilaris0510047.jpg
2,E:\MedicalData\kagglechallenge\Dermnet\train/Atopic Dermatitis Photos/05KeratosisPilaris0510048.jpg
2,E:\MedicalData\kagglechallenge\Dermnet\train/Atopic Dermatitis Photos/05keratosisPilaris0609.jpg
2,E:\MedicalData\kagglechallenge\Dermnet\train/Atopic Dermatitis Photos/05keratosisPilaris080706.jpg
2,E:\MedicalData\kagglechallenge\Dermnet\train/Atopic Dermatitis Photos/05keratosisPilaris0807061.jpg
2,E:\MedicalData\kagglechallenge\Dermnet\train/Atopic Dermatitis Photos/05keratosisPilaris0807062.jpg
2,E:\MedicalData\kagglechallenge\Dermnet\train/Atopic Dermatitis Photos/05keratosisPilaris0807063.jpg
2,E:\MedicalData\kagglechallenge\Dermnet\train/Atopic Dermatitis Photos/05keratosisPilaris0830041.jpg
2,E:\MedicalData\kagglechallenge\Dermnet\train/Atopic Dermatitis Photos/05keratosisPilaris08300430000.jpg
2,E:\MedicalData\kagglechallenge\Dermnet\train/Atopic Dermatitis Photos/05KeratosisPilaris10131.jpg
2,E:\MedicalData\kagglechallenge\Dermnet\train/Atopic Dermatitis Photos/05keratosisPilaris121304.jpg
2,E:\MedicalData\kagglechallenge\Dermnet\train/Atopic Dermatitis Photos/05keratosisPilaris1213041.jpg
2,E:\MedicalData\kagglechallenge\Dermnet\train/Atopic Dermatitis Photos/05KeratosisPilaris14.jpg
2,E:\MedicalData\kagglechallenge\Dermnet\train/Atopic Dermatitis Photos/05keratosisPilaris23.jpg
2,E:\MedicalData\kagglechallenge\Dermnet\train/Atopic Dermatitis Photos/05KeratosisPilaris32.jpg
2,E:\MedicalData\kagglechallenge\Dermnet\train/Atopic Dermatitis Photos/05KeratosisPilaris5.jpg
2,E:\MedicalData\kagglechallenge\Dermnet\train/Atopic Dermatitis Photos/05KeratosisPilaris68.jpg
2,E:\MedicalData\kagglechallenge\Dermnet\train/Atopic Dermatitis Photos/05papules061205.jpg
2,E:\MedicalData\kagglechallenge\Dermnet\train/Atopic Dermatitis Photos/05pitAlba012306.jpg
2,E:\MedicalData\kagglechallenge\Dermnet\train/Atopic Dermatitis Photos/05PityriasisAlba0105041.jpg
2,E:\MedicalData\kagglechallenge\Dermnet\train/Atopic Dermatitis Photos/05PityriasisAlba041204.jpg
2,E:\MedicalData\kagglechallenge\Dermnet\train/Atopic Dermatitis Photos/05pityriasisAlba94-GP3.jpg
2,E:\MedicalData\kagglechallenge\Dermnet\train/Atopic Dermatitis Photos/05pityriasisAlba94.jpg
2,E:\MedicalData\kagglechallenge\Dermnet\train/Atopic Dermatitis Photos/05PityriasisAlbal042604.jpg
2,E:\MedicalData\kagglechallenge\Dermnet\train/Atopic Dermatitis Photos/05PityriasisAlbaq.jpg
2,E:\MedicalData\kagglechallenge\Dermnet\train/Atopic Dermatitis Photos/05SexLinkedEchthyosis0223.jpg
2,E:\MedicalData\kagglechallenge\Dermnet\train/Atopic Dermatitis Photos/05SexLinkedEchthyosis02231.jpg
2,E:\MedicalData\kagglechallenge\Dermnet\train/Atopic Dermatitis Photos/05SexLinkedEchthyosis02232.jpg
2,E:\MedicalData\kagglechallenge\Dermnet\train/Atopic Dermatitis Photos/05SexLinkedEchthyosis02234.jpg
2,E:\MedicalData\kagglechallenge\Dermnet\train/Atopic Dermatitis Photos/05SexLinkedIcthyosis2.jpg
2,E:\MedicalData\kagglechallenge\Dermnet\train/Atopic Dermatitis Photos/05SexLinkedIcthyosis3.jpg
2,E:\MedicalData\kagglechallenge\Dermnet\train/Atopic Dermatitis Photos/05SexLinkedIcthyosis4.jpg
2,E:\MedicalData\kagglechallenge\Dermnet\train/Atopic Dermatitis Photos/05SexLinkIchthosis032805.jpg
2,E:\MedicalData\kagglechallenge\Dermnet\train/Atopic Dermatitis Photos/05SexLinkIchthosis0328051.jpg
2,E:\MedicalData\kagglechallenge\Dermnet\train/Atopic Dermatitis Photos/05SexLinkIchthy.jpg
2,E:\MedicalData\kagglechallenge\Dermnet\train/Atopic Dermatitis Photos/05wrist0612051.jpg
2,E:\MedicalData\kagglechallenge\Dermnet\train/Atopic Dermatitis Photos/05xlinkedIcthyosis082304.jpg
2,E:\MedicalData\kagglechallenge\Dermnet\train/Atopic Dermatitis Photos/05xlinkedIcthyosis0823042.jpg
2,E:\MedicalData\kagglechallenge\Dermnet\train/Atopic Dermatitis Photos/05xlinkedIcthyosis0823043.jpg
2,E:\MedicalData\kagglechallenge\Dermnet\train/Atopic Dermatitis Photos/05xlinkedIcthyosis0823045.jpg
2,E:\MedicalData\kagglechallenge\Dermnet\train/Atopic Dermatitis Photos/10IMG001.jpg
2,E:\MedicalData\kagglechallenge\Dermnet\train/Atopic Dermatitis Photos/10IMG002.jpg
2,E:\MedicalData\kagglechallenge\Dermnet\train/Atopic Dermatitis Photos/10IMG004.jpg
2,E:\MedicalData\kagglechallenge\Dermnet\train/Atopic Dermatitis Photos/10IMG005.jpg
2,E:\MedicalData\kagglechallenge\Dermnet\train/Atopic Dermatitis Photos/10IMG007.jpg
2,E:\MedicalData\kagglechallenge\Dermnet\train/Atopic Dermatitis Photos/10IMG008.jpg
2,E:\MedicalData\kagglechallenge\Dermnet\train/Atopic Dermatitis Photos/11IMG002.jpg
2,E:\MedicalData\kagglechallenge\Dermnet\train/Atopic Dermatitis Photos/11IMG003.jpg
2,E:\MedicalData\kagglechallenge\Dermnet\train/Atopic Dermatitis Photos/11IMG005.jpg
2,E:\MedicalData\kagglechallenge\Dermnet\train/Atopic Dermatitis Photos/11IMG007.jpg
2,E:\MedicalData\kagglechallenge\Dermnet\train/Atopic Dermatitis Photos/11IMG008.jpg
2,E:\MedicalData\kagglechallenge\Dermnet\train/Atopic Dermatitis Photos/11IMG009.jpg
2,E:\MedicalData\kagglechallenge\Dermnet\train/Atopic Dermatitis Photos/11IMG010.jpg
2,E:\MedicalData\kagglechallenge\Dermnet\train/Atopic Dermatitis Photos/11IMG012.jpg
2,E:\MedicalData\kagglechallenge\Dermnet\train/Atopic Dermatitis Photos/11IMG013.jpg
2,E:\MedicalData\kagglechallenge\Dermnet\train/Atopic Dermatitis Photos/11IMG014.jpg
2,E:\MedicalData\kagglechallenge\Dermnet\train/Atopic Dermatitis Photos/11IMG015.jpg
2,E:\MedicalData\kagglechallenge\Dermnet\train/Atopic Dermatitis Photos/11IMG016.jpg
2,E:\MedicalData\kagglechallenge\Dermnet\train/Atopic Dermatitis Photos/12IMG001.jpg
2,E:\MedicalData\kagglechallenge\Dermnet\train/Atopic Dermatitis Photos/12IMG004.jpg
2,E:\MedicalData\kagglechallenge\Dermnet\train/Atopic Dermatitis Photos/12IMG005.jpg
2,E:\MedicalData\kagglechallenge\Dermnet\train/Atopic Dermatitis Photos/12IMG010.jpg
2,E:\MedicalData\kagglechallenge\Dermnet\train/Atopic Dermatitis Photos/12IMG011.jpg
2,E:\MedicalData\kagglechallenge\Dermnet\train/Atopic Dermatitis Photos/13IMG008.jpg
2,E:\MedicalData\kagglechallenge\Dermnet\train/Atopic Dermatitis Photos/13IMG012.jpg
2,E:\MedicalData\kagglechallenge\Dermnet\train/Atopic Dermatitis Photos/14IMG001.jpg
2,E:\MedicalData\kagglechallenge\Dermnet\train/Atopic Dermatitis Photos/14IMG002.jpg
2,E:\MedicalData\kagglechallenge\Dermnet\train/Atopic Dermatitis Photos/14IMG012.jpg
2,E:\MedicalData\kagglechallenge\Dermnet\train/Atopic Dermatitis Photos/14IMG014.jpg
2,E:\MedicalData\kagglechallenge\Dermnet\train/Atopic Dermatitis Photos/14IMG015.jpg
2,E:\MedicalData\kagglechallenge\Dermnet\train/Atopic Dermatitis Photos/15IMG003.jpg
2,E:\MedicalData\kagglechallenge\Dermnet\train/Atopic Dermatitis Photos/15IMG013.jpg
2,E:\MedicalData\kagglechallenge\Dermnet\train/Atopic Dermatitis Photos/16IMG003.jpg
2,E:\MedicalData\kagglechallenge\Dermnet\train/Atopic Dermatitis Photos/16IMG004.jpg
2,E:\MedicalData\kagglechallenge\Dermnet\train/Atopic Dermatitis Photos/16IMG005.jpg
2,E:\MedicalData\kagglechallenge\Dermnet\train/Atopic Dermatitis Photos/16IMG009.jpg
2,E:\MedicalData\kagglechallenge\Dermnet\train/Atopic Dermatitis Photos/16IMG010.jpg
2,E:\MedicalData\kagglechallenge\Dermnet\train/Atopic Dermatitis Photos/1IMG001.jpg
2,E:\MedicalData\kagglechallenge\Dermnet\train/Atopic Dermatitis Photos/1IMG002.jpg
2,E:\MedicalData\kagglechallenge\Dermnet\train/Atopic Dermatitis Photos/1IMG004.jpg
2,E:\MedicalData\kagglechallenge\Dermnet\train/Atopic Dermatitis Photos/1IMG007.jpg
2,E:\MedicalData\kagglechallenge\Dermnet\train/Atopic Dermatitis Photos/1IMG008.jpg
2,E:\MedicalData\kagglechallenge\Dermnet\train/Atopic Dermatitis Photos/1IMG012.jpg
2,E:\MedicalData\kagglechallenge\Dermnet\train/Atopic Dermatitis Photos/1IMG013.jpg
2,E:\MedicalData\kagglechallenge\Dermnet\train/Atopic Dermatitis Photos/1IMG014.jpg
2,E:\MedicalData\kagglechallenge\Dermnet\train/Atopic Dermatitis Photos/1IMG016.jpg
2,E:\MedicalData\kagglechallenge\Dermnet\train/Atopic Dermatitis Photos/1IMG017.jpg
2,E:\MedicalData\kagglechallenge\Dermnet\train/Atopic Dermatitis Photos/1IMG018.jpg
2,E:\MedicalData\kagglechallenge\Dermnet\train/Atopic Dermatitis Photos/20Hyperkeratosis0331.jpg
2,E:\MedicalData\kagglechallenge\Dermnet\train/Atopic Dermatitis Photos/26-0002.jpg
2,E:\MedicalData\kagglechallenge\Dermnet\train/Atopic Dermatitis Photos/26-0004.jpg
2,E:\MedicalData\kagglechallenge\Dermnet\train/Atopic Dermatitis Photos/26-0005.jpg
2,E:\MedicalData\kagglechallenge\Dermnet\train/Atopic Dermatitis Photos/26-0006.jpg
2,E:\MedicalData\kagglechallenge\Dermnet\train/Atopic Dermatitis Photos/2IMG003.jpg
2,E:\MedicalData\kagglechallenge\Dermnet\train/Atopic Dermatitis Photos/2IMG008.jpg
2,E:\MedicalData\kagglechallenge\Dermnet\train/Atopic Dermatitis Photos/36IMG007.jpg
2,E:\MedicalData\kagglechallenge\Dermnet\train/Atopic Dermatitis Photos/36IMG008.jpg
2,E:\MedicalData\kagglechallenge\Dermnet\train/Atopic Dermatitis Photos/36IMG009.jpg
2,E:\MedicalData\kagglechallenge\Dermnet\train/Atopic Dermatitis Photos/36IMG010.jpg
2,E:\MedicalData\kagglechallenge\Dermnet\train/Atopic Dermatitis Photos/3Eczema1-057.jpg
2,E:\MedicalData\kagglechallenge\Dermnet\train/Atopic Dermatitis Photos/3Eczema1-082.jpg
2,E:\MedicalData\kagglechallenge\Dermnet\train/Atopic Dermatitis Photos/3Eczema2-061.jpg
2,E:\MedicalData\kagglechallenge\Dermnet\train/Atopic Dermatitis Photos/3Eczema2-206.jpg
2,E:\MedicalData\kagglechallenge\Dermnet\train/Atopic Dermatitis Photos/3Eczema2-219.jpg
2,E:\MedicalData\kagglechallenge\Dermnet\train/Atopic Dermatitis Photos/3Eczema3-020.jpg
2,E:\MedicalData\kagglechallenge\Dermnet\train/Atopic Dermatitis Photos/3Eczema3-021.jpg
2,E:\MedicalData\kagglechallenge\Dermnet\train/Atopic Dermatitis Photos/3Eczema3-022.jpg
2,E:\MedicalData\kagglechallenge\Dermnet\train/Atopic Dermatitis Photos/3Eczema3-023.jpg
2,E:\MedicalData\kagglechallenge\Dermnet\train/Atopic Dermatitis Photos/3Eczema3-290.jpg
2,E:\MedicalData\kagglechallenge\Dermnet\train/Atopic Dermatitis Photos/3Eczema3-291.jpg
2,E:\MedicalData\kagglechallenge\Dermnet\train/Atopic Dermatitis Photos/3Eczema3-300.jpg
2,E:\MedicalData\kagglechallenge\Dermnet\train/Atopic Dermatitis Photos/3IMG005.jpg
2,E:\MedicalData\kagglechallenge\Dermnet\train/Atopic Dermatitis Photos/3IMG007.jpg
2,E:\MedicalData\kagglechallenge\Dermnet\train/Atopic Dermatitis Photos/3IMG009.jpg
2,E:\MedicalData\kagglechallenge\Dermnet\train/Atopic Dermatitis Photos/3IMG012.jpg
2,E:\MedicalData\kagglechallenge\Dermnet\train/Atopic Dermatitis Photos/3IMG014.jpg
2,E:\MedicalData\kagglechallenge\Dermnet\train/Atopic Dermatitis Photos/3IMG016.jpg
2,E:\MedicalData\kagglechallenge\Dermnet\train/Atopic Dermatitis Photos/3IMG017.jpg
2,E:\MedicalData\kagglechallenge\Dermnet\train/Atopic Dermatitis Photos/4IMG001.jpg
2,E:\MedicalData\kagglechallenge\Dermnet\train/Atopic Dermatitis Photos/4IMG004.jpg
2,E:\MedicalData\kagglechallenge\Dermnet\train/Atopic Dermatitis Photos/4IMG007.jpg
2,E:\MedicalData\kagglechallenge\Dermnet\train/Atopic Dermatitis Photos/4IMG008.jpg
2,E:\MedicalData\kagglechallenge\Dermnet\train/Atopic Dermatitis Photos/4IMG011.jpg
2,E:\MedicalData\kagglechallenge\Dermnet\train/Atopic Dermatitis Photos/4th1IMG006.jpg
2,E:\MedicalData\kagglechallenge\Dermnet\train/Atopic Dermatitis Photos/4th1IMG009.jpg
2,E:\MedicalData\kagglechallenge\Dermnet\train/Atopic Dermatitis Photos/4th1IMG014.jpg
2,E:\MedicalData\kagglechallenge\Dermnet\train/Atopic Dermatitis Photos/4th1IMG016.jpg
2,E:\MedicalData\kagglechallenge\Dermnet\train/Atopic Dermatitis Photos/4th1IMG021.jpg
2,E:\MedicalData\kagglechallenge\Dermnet\train/Atopic Dermatitis Photos/5IMG001.jpg
2,E:\MedicalData\kagglechallenge\Dermnet\train/Atopic Dermatitis Photos/5IMG005.jpg
2,E:\MedicalData\kagglechallenge\Dermnet\train/Atopic Dermatitis Photos/5IMG006.jpg
2,E:\MedicalData\kagglechallenge\Dermnet\train/Atopic Dermatitis Photos/5IMG008.jpg
2,E:\MedicalData\kagglechallenge\Dermnet\train/Atopic Dermatitis Photos/5IMG009.jpg
2,E:\MedicalData\kagglechallenge\Dermnet\train/Atopic Dermatitis Photos/5T-0001.jpg
2,E:\MedicalData\kagglechallenge\Dermnet\train/Atopic Dermatitis Photos/5T-0004.jpg
2,E:\MedicalData\kagglechallenge\Dermnet\train/Atopic Dermatitis Photos/5T-0005.jpg
2,E:\MedicalData\kagglechallenge\Dermnet\train/Atopic Dermatitis Photos/5T-0006.jpg
2,E:\MedicalData\kagglechallenge\Dermnet\train/Atopic Dermatitis Photos/5T-0007.jpg
2,E:\MedicalData\kagglechallenge\Dermnet\train/Atopic Dermatitis Photos/5T-0008.jpg
2,E:\MedicalData\kagglechallenge\Dermnet\train/Atopic Dermatitis Photos/5T-0018.jpg
2,E:\MedicalData\kagglechallenge\Dermnet\train/Atopic Dermatitis Photos/5T-0019.jpg
2,E:\MedicalData\kagglechallenge\Dermnet\train/Atopic Dermatitis Photos/5T-0020.jpg
2,E:\MedicalData\kagglechallenge\Dermnet\train/Atopic Dermatitis Photos/5T-0021.jpg
2,E:\MedicalData\kagglechallenge\Dermnet\train/Atopic Dermatitis Photos/5T-0022.jpg
2,E:\MedicalData\kagglechallenge\Dermnet\train/Atopic Dermatitis Photos/5T-0024.jpg
2,E:\MedicalData\kagglechallenge\Dermnet\train/Atopic Dermatitis Photos/5T-0025.jpg
2,E:\MedicalData\kagglechallenge\Dermnet\train/Atopic Dermatitis Photos/6IMG003.jpg
2,E:\MedicalData\kagglechallenge\Dermnet\train/Atopic Dermatitis Photos/6IMG005.jpg
2,E:\MedicalData\kagglechallenge\Dermnet\train/Atopic Dermatitis Photos/6IMG006.jpg
2,E:\MedicalData\kagglechallenge\Dermnet\train/Atopic Dermatitis Photos/6IMG009.jpg
2,E:\MedicalData\kagglechallenge\Dermnet\train/Atopic Dermatitis Photos/6IMG010.jpg
2,E:\MedicalData\kagglechallenge\Dermnet\train/Atopic Dermatitis Photos/6IMG013.jpg
2,E:\MedicalData\kagglechallenge\Dermnet\train/Atopic Dermatitis Photos/6IMG015.jpg
2,E:\MedicalData\kagglechallenge\Dermnet\train/Atopic Dermatitis Photos/6IMG016.jpg
2,E:\MedicalData\kagglechallenge\Dermnet\train/Atopic Dermatitis Photos/6IMG017.jpg
2,E:\MedicalData\kagglechallenge\Dermnet\train/Atopic Dermatitis Photos/6IMG019.jpg
2,E:\MedicalData\kagglechallenge\Dermnet\train/Atopic Dermatitis Photos/7IMG001.jpg
2,E:\MedicalData\kagglechallenge\Dermnet\train/Atopic Dermatitis Photos/7IMG003.jpg
2,E:\MedicalData\kagglechallenge\Dermnet\train/Atopic Dermatitis Photos/7IMG007.jpg
2,E:\MedicalData\kagglechallenge\Dermnet\train/Atopic Dermatitis Photos/7IMG011.jpg
2,E:\MedicalData\kagglechallenge\Dermnet\train/Atopic Dermatitis Photos/7IMG018.jpg
2,E:\MedicalData\kagglechallenge\Dermnet\train/Atopic Dermatitis Photos/8IMG005.jpg
2,E:\MedicalData\kagglechallenge\Dermnet\train/Atopic Dermatitis Photos/8IMG006.jpg
2,E:\MedicalData\kagglechallenge\Dermnet\train/Atopic Dermatitis Photos/8IMG008.jpg
2,E:\MedicalData\kagglechallenge\Dermnet\train/Atopic Dermatitis Photos/8IMG009.jpg
2,E:\MedicalData\kagglechallenge\Dermnet\train/Atopic Dermatitis Photos/8IMG010.jpg
2,E:\MedicalData\kagglechallenge\Dermnet\train/Atopic Dermatitis Photos/8IMG011.jpg
2,E:\MedicalData\kagglechallenge\Dermnet\train/Atopic Dermatitis Photos/8IMG012.jpg
2,E:\MedicalData\kagglechallenge\Dermnet\train/Atopic Dermatitis Photos/8IMG013.jpg
2,E:\MedicalData\kagglechallenge\Dermnet\train/Atopic Dermatitis Photos/8IMG014.jpg
2,E:\MedicalData\kagglechallenge\Dermnet\train/Atopic Dermatitis Photos/8IMG015.jpg
2,E:\MedicalData\kagglechallenge\Dermnet\train/Atopic Dermatitis Photos/8IMG016.jpg
2,E:\MedicalData\kagglechallenge\Dermnet\train/Atopic Dermatitis Photos/9IMG001.jpg
2,E:\MedicalData\kagglechallenge\Dermnet\train/Atopic Dermatitis Photos/9IMG002.jpg
2,E:\MedicalData\kagglechallenge\Dermnet\train/Atopic Dermatitis Photos/9IMG006.jpg
2,E:\MedicalData\kagglechallenge\Dermnet\train/Atopic Dermatitis Photos/9IMG007.jpg
2,E:\MedicalData\kagglechallenge\Dermnet\train/Atopic Dermatitis Photos/9IMG011.jpg
2,E:\MedicalData\kagglechallenge\Dermnet\train/Atopic Dermatitis Photos/9IMG012.jpg
2,E:\MedicalData\kagglechallenge\Dermnet\train/Atopic Dermatitis Photos/9IMG014.jpg
2,E:\MedicalData\kagglechallenge\Dermnet\train/Atopic Dermatitis Photos/9IMG015.jpg
2,E:\MedicalData\kagglechallenge\Dermnet\train/Atopic Dermatitis Photos/9IMG016.jpg
2,E:\MedicalData\kagglechallenge\Dermnet\train/Atopic Dermatitis Photos/9IMG017.jpg
2,E:\MedicalData\kagglechallenge\Dermnet\train/Atopic Dermatitis Photos/9IMG018.jpg
2,E:\MedicalData\kagglechallenge\Dermnet\train/Atopic Dermatitis Photos/9IMG020.jpg
2,E:\MedicalData\kagglechallenge\Dermnet\train/Atopic Dermatitis Photos/AtopicIMG001-GP3.jpg
2,E:\MedicalData\kagglechallenge\Dermnet\train/Atopic Dermatitis Photos/AtopicIMG003-GP3.jpg
2,E:\MedicalData\kagglechallenge\Dermnet\train/Atopic Dermatitis Photos/AtopicIMG004-GP3.jpg
2,E:\MedicalData\kagglechallenge\Dermnet\train/Atopic Dermatitis Photos/AtopicIMG010-GP3.jpg
2,E:\MedicalData\kagglechallenge\Dermnet\train/Atopic Dermatitis Photos/AtopicIMG011-GP3.jpg
2,E:\MedicalData\kagglechallenge\Dermnet\train/Atopic Dermatitis Photos/AtopicIMG012-GP3.jpg
2,E:\MedicalData\kagglechallenge\Dermnet\train/Atopic Dermatitis Photos/IchthosisIMG001-GP3.jpg
2,E:\MedicalData\kagglechallenge\Dermnet\train/Atopic Dermatitis Photos/IchthosisIMG002-GP3.jpg
2,E:\MedicalData\kagglechallenge\Dermnet\train/Atopic Dermatitis Photos/IchthosisIMG003-GP3.jpg
2,E:\MedicalData\kagglechallenge\Dermnet\train/Atopic Dermatitis Photos/IchthosisIMG004-GP3.jpg
2,E:\MedicalData\kagglechallenge\Dermnet\train/Atopic Dermatitis Photos/IchthosisIMG007-GP3.jpg
2,E:\MedicalData\kagglechallenge\Dermnet\train/Atopic Dermatitis Photos/IchthosisIMG009-GP3.jpg
2,E:\MedicalData\kagglechallenge\Dermnet\train/Atopic Dermatitis Photos/IchthosisIMG010-GP3.jpg
2,E:\MedicalData\kagglechallenge\Dermnet\train/Atopic Dermatitis Photos/IchthosisIMG011-GP3.jpg
2,E:\MedicalData\kagglechallenge\Dermnet\train/Atopic Dermatitis Photos/IchthosisIMG013-GP3.jpg
2,E:\MedicalData\kagglechallenge\Dermnet\train/Atopic Dermatitis Photos/IchthosisIMG014-GP3.jpg
2,E:\MedicalData\kagglechallenge\Dermnet\train/Atopic Dermatitis Photos/IchthosisIMG015-GP3.jpg
2,E:\MedicalData\kagglechallenge\Dermnet\train/Atopic Dermatitis Photos/IchthosisIMG016-GP3.jpg
2,E:\MedicalData\kagglechallenge\Dermnet\train/Atopic Dermatitis Photos/IchthosisIMG017-GP3.jpg
2,E:\MedicalData\kagglechallenge\Dermnet\train/Atopic Dermatitis Photos/IchthosisIMG019-GP3.jpg
2,E:\MedicalData\kagglechallenge\Dermnet\train/Atopic Dermatitis Photos/IchthosisIMG020-GP3.jpg
2,E:\MedicalData\kagglechallenge\Dermnet\train/Atopic Dermatitis Photos/IchthosisIMG021-GP3.jpg
2,E:\MedicalData\kagglechallenge\Dermnet\train/Atopic Dermatitis Photos/IchthosisIMG025-GP3.jpg
2,E:\MedicalData\kagglechallenge\Dermnet\train/Atopic Dermatitis Photos/IchthosisIMG027-GP3.jpg
2,E:\MedicalData\kagglechallenge\Dermnet\train/Atopic Dermatitis Photos/IchthosisIMG028-GP3.jpg
2,E:\MedicalData\kagglechallenge\Dermnet\train/Atopic Dermatitis Photos/IchthosisIMG029-GP3.jpg
2,E:\MedicalData\kagglechallenge\Dermnet\train/Atopic Dermatitis Photos/IchthosisIMG031-GP3.jpg
2,E:\MedicalData\kagglechallenge\Dermnet\train/Atopic Dermatitis Photos/IchthosisIMG032-GP3.jpg
2,E:\MedicalData\kagglechallenge\Dermnet\train/Atopic Dermatitis Photos/IchthosisIMG033-GP3.jpg
2,E:\MedicalData\kagglechallenge\Dermnet\train/Atopic Dermatitis Photos/IchthosisIMG034-GP3.jpg
2,E:\MedicalData\kagglechallenge\Dermnet\train/Atopic Dermatitis Photos/Img0052.jpg
2,E:\MedicalData\kagglechallenge\Dermnet\train/Atopic Dermatitis Photos/Img0053.jpg
2,E:\MedicalData\kagglechallenge\Dermnet\train/Atopic Dermatitis Photos/Img0054.jpg
2,E:\MedicalData\kagglechallenge\Dermnet\train/Atopic Dermatitis Photos/Img0055.jpg
2,E:\MedicalData\kagglechallenge\Dermnet\train/Atopic Dermatitis Photos/Img0056.jpg
2,E:\MedicalData\kagglechallenge\Dermnet\train/Atopic Dermatitis Photos/Img0057.jpg
2,E:\MedicalData\kagglechallenge\Dermnet\train/Atopic Dermatitis Photos/KeratosisIMG001-GP3.jpg
2,E:\MedicalData\kagglechallenge\Dermnet\train/Atopic Dermatitis Photos/KeratosisIMG002-GP3.jpg
2,E:\MedicalData\kagglechallenge\Dermnet\train/Atopic Dermatitis Photos/KeratosisIMG003-GP3.jpg
2,E:\MedicalData\kagglechallenge\Dermnet\train/Atopic Dermatitis Photos/KeratosisIMG005-GP3.jpg
2,E:\MedicalData\kagglechallenge\Dermnet\train/Atopic Dermatitis Photos/KeratosisIMG006-GP3.jpg
2,E:\MedicalData\kagglechallenge\Dermnet\train/Atopic Dermatitis Photos/KeratosisIMG007-GP3.jpg
3,E:\MedicalData\kagglechallenge\Dermnet\train/Bullous Disease Photos/benign-familial-chronic-pemphigus-10.jpg
3,E:\MedicalData\kagglechallenge\Dermnet\train/Bullous Disease Photos/benign-familial-chronic-pemphigus-12.jpg
3,E:\MedicalData\kagglechallenge\Dermnet\train/Bullous Disease Photos/benign-familial-chronic-pemphigus-14.jpg
3,E:\MedicalData\kagglechallenge\Dermnet\train/Bullous Disease Photos/benign-familial-chronic-pemphigus-15.jpg
3,E:\MedicalData\kagglechallenge\Dermnet\train/Bullous Disease Photos/benign-familial-chronic-pemphigus-16.jpg
3,E:\MedicalData\kagglechallenge\Dermnet\train/Bullous Disease Photos/benign-familial-chronic-pemphigus-17.jpg
3,E:\MedicalData\kagglechallenge\Dermnet\train/Bullous Disease Photos/benign-familial-chronic-pemphigus-18.jpg
3,E:\MedicalData\kagglechallenge\Dermnet\train/Bullous Disease Photos/benign-familial-chronic-pemphigus-19.jpg
3,E:\MedicalData\kagglechallenge\Dermnet\train/Bullous Disease Photos/benign-familial-chronic-pemphigus-2.jpg
3,E:\MedicalData\kagglechallenge\Dermnet\train/Bullous Disease Photos/benign-familial-chronic-pemphigus-20.jpg
3,E:\MedicalData\kagglechallenge\Dermnet\train/Bullous Disease Photos/benign-familial-chronic-pemphigus-21.jpg
3,E:\MedicalData\kagglechallenge\Dermnet\train/Bullous Disease Photos/benign-familial-chronic-pemphigus-22.jpg
3,E:\MedicalData\kagglechallenge\Dermnet\train/Bullous Disease Photos/benign-familial-chronic-pemphigus-23.jpg
3,E:\MedicalData\kagglechallenge\Dermnet\train/Bullous Disease Photos/benign-familial-chronic-pemphigus-25.jpg
3,E:\MedicalData\kagglechallenge\Dermnet\train/Bullous Disease Photos/benign-familial-chronic-pemphigus-26.jpg
3,E:\MedicalData\kagglechallenge\Dermnet\train/Bullous Disease Photos/benign-familial-chronic-pemphigus-27.jpg
3,E:\MedicalData\kagglechallenge\Dermnet\train/Bullous Disease Photos/benign-familial-chronic-pemphigus-3.jpg
3,E:\MedicalData\kagglechallenge\Dermnet\train/Bullous Disease Photos/benign-familial-chronic-pemphigus-30.jpg
3,E:\MedicalData\kagglechallenge\Dermnet\train/Bullous Disease Photos/benign-familial-chronic-pemphigus-4.jpg
3,E:\MedicalData\kagglechallenge\Dermnet\train/Bullous Disease Photos/benign-familial-chronic-pemphigus-5.jpg
3,E:\MedicalData\kagglechallenge\Dermnet\train/Bullous Disease Photos/benign-familial-chronic-pemphigus-6.jpg
3,E:\MedicalData\kagglechallenge\Dermnet\train/Bullous Disease Photos/benign-familial-chronic-pemphigus-7.jpg
3,E:\MedicalData\kagglechallenge\Dermnet\train/Bullous Disease Photos/benign-familial-chronic-pemphigus-8.jpg
3,E:\MedicalData\kagglechallenge\Dermnet\train/Bullous Disease Photos/bullous-pemphigoid-1.jpg
3,E:\MedicalData\kagglechallenge\Dermnet\train/Bullous Disease Photos/bullous-pemphigoid-10.jpg
3,E:\MedicalData\kagglechallenge\Dermnet\train/Bullous Disease Photos/bullous-pemphigoid-100.jpg
3,E:\MedicalData\kagglechallenge\Dermnet\train/Bullous Disease Photos/bullous-pemphigoid-102.jpg
3,E:\MedicalData\kagglechallenge\Dermnet\train/Bullous Disease Photos/bullous-pemphigoid-103.jpg
3,E:\MedicalData\kagglechallenge\Dermnet\train/Bullous Disease Photos/bullous-pemphigoid-104.jpg
3,E:\MedicalData\kagglechallenge\Dermnet\train/Bullous Disease Photos/bullous-pemphigoid-105.jpg
3,E:\MedicalData\kagglechallenge\Dermnet\train/Bullous Disease Photos/bullous-pemphigoid-106.jpg
3,E:\MedicalData\kagglechallenge\Dermnet\train/Bullous Disease Photos/bullous-pemphigoid-107.jpg
3,E:\MedicalData\kagglechallenge\Dermnet\train/Bullous Disease Photos/bullous-pemphigoid-108.jpg
3,E:\MedicalData\kagglechallenge\Dermnet\train/Bullous Disease Photos/bullous-pemphigoid-11.jpg
3,E:\MedicalData\kagglechallenge\Dermnet\train/Bullous Disease Photos/bullous-pemphigoid-110.jpg
3,E:\MedicalData\kagglechallenge\Dermnet\train/Bullous Disease Photos/bullous-pemphigoid-12.jpg
3,E:\MedicalData\kagglechallenge\Dermnet\train/Bullous Disease Photos/bullous-pemphigoid-13.jpg
3,E:\MedicalData\kagglechallenge\Dermnet\train/Bullous Disease Photos/bullous-pemphigoid-14.jpg
3,E:\MedicalData\kagglechallenge\Dermnet\train/Bullous Disease Photos/bullous-pemphigoid-15.jpg
3,E:\MedicalData\kagglechallenge\Dermnet\train/Bullous Disease Photos/bullous-pemphigoid-16.jpg
3,E:\MedicalData\kagglechallenge\Dermnet\train/Bullous Disease Photos/bullous-pemphigoid-17.jpg
3,E:\MedicalData\kagglechallenge\Dermnet\train/Bullous Disease Photos/bullous-pemphigoid-18.jpg
3,E:\MedicalData\kagglechallenge\Dermnet\train/Bullous Disease Photos/bullous-pemphigoid-19.jpg
3,E:\MedicalData\kagglechallenge\Dermnet\train/Bullous Disease Photos/bullous-pemphigoid-2.jpg
3,E:\MedicalData\kagglechallenge\Dermnet\train/Bullous Disease Photos/bullous-pemphigoid-20.jpg
3,E:\MedicalData\kagglechallenge\Dermnet\train/Bullous Disease Photos/bullous-pemphigoid-21.jpg
3,E:\MedicalData\kagglechallenge\Dermnet\train/Bullous Disease Photos/bullous-pemphigoid-22.jpg
3,E:\MedicalData\kagglechallenge\Dermnet\train/Bullous Disease Photos/bullous-pemphigoid-24.jpg
3,E:\MedicalData\kagglechallenge\Dermnet\train/Bullous Disease Photos/bullous-pemphigoid-25.jpg
3,E:\MedicalData\kagglechallenge\Dermnet\train/Bullous Disease Photos/bullous-pemphigoid-26.jpg
3,E:\MedicalData\kagglechallenge\Dermnet\train/Bullous Disease Photos/bullous-pemphigoid-27.jpg
3,E:\MedicalData\kagglechallenge\Dermnet\train/Bullous Disease Photos/bullous-pemphigoid-28.jpg
3,E:\MedicalData\kagglechallenge\Dermnet\train/Bullous Disease Photos/bullous-pemphigoid-29.jpg
3,E:\MedicalData\kagglechallenge\Dermnet\train/Bullous Disease Photos/bullous-pemphigoid-3.jpg
3,E:\MedicalData\kagglechallenge\Dermnet\train/Bullous Disease Photos/bullous-pemphigoid-30.jpg
3,E:\MedicalData\kagglechallenge\Dermnet\train/Bullous Disease Photos/bullous-pemphigoid-32.jpg
3,E:\MedicalData\kagglechallenge\Dermnet\train/Bullous Disease Photos/bullous-pemphigoid-33.jpg
3,E:\MedicalData\kagglechallenge\Dermnet\train/Bullous Disease Photos/bullous-pemphigoid-34.jpg
3,E:\MedicalData\kagglechallenge\Dermnet\train/Bullous Disease Photos/bullous-pemphigoid-35.jpg
3,E:\MedicalData\kagglechallenge\Dermnet\train/Bullous Disease Photos/bullous-pemphigoid-37.jpg
3,E:\MedicalData\kagglechallenge\Dermnet\train/Bullous Disease Photos/bullous-pemphigoid-38.jpg
3,E:\MedicalData\kagglechallenge\Dermnet\train/Bullous Disease Photos/bullous-pemphigoid-4.jpg
3,E:\MedicalData\kagglechallenge\Dermnet\train/Bullous Disease Photos/bullous-pemphigoid-40.jpg
3,E:\MedicalData\kagglechallenge\Dermnet\train/Bullous Disease Photos/bullous-pemphigoid-41.jpg
3,E:\MedicalData\kagglechallenge\Dermnet\train/Bullous Disease Photos/bullous-pemphigoid-44.jpg
3,E:\MedicalData\kagglechallenge\Dermnet\train/Bullous Disease Photos/bullous-pemphigoid-46.jpg
3,E:\MedicalData\kagglechallenge\Dermnet\train/Bullous Disease Photos/bullous-pemphigoid-48.jpg
3,E:\MedicalData\kagglechallenge\Dermnet\train/Bullous Disease Photos/bullous-pemphigoid-49.jpg
3,E:\MedicalData\kagglechallenge\Dermnet\train/Bullous Disease Photos/bullous-pemphigoid-54.jpg
3,E:\MedicalData\kagglechallenge\Dermnet\train/Bullous Disease Photos/bullous-pemphigoid-55.jpg
3,E:\MedicalData\kagglechallenge\Dermnet\train/Bullous Disease Photos/bullous-pemphigoid-56.jpg
3,E:\MedicalData\kagglechallenge\Dermnet\train/Bullous Disease Photos/bullous-pemphigoid-58.jpg
3,E:\MedicalData\kagglechallenge\Dermnet\train/Bullous Disease Photos/bullous-pemphigoid-59.jpg
3,E:\MedicalData\kagglechallenge\Dermnet\train/Bullous Disease Photos/bullous-pemphigoid-60.jpg
3,E:\MedicalData\kagglechallenge\Dermnet\train/Bullous Disease Photos/bullous-pemphigoid-61.jpg
3,E:\MedicalData\kagglechallenge\Dermnet\train/Bullous Disease Photos/bullous-pemphigoid-62.jpg
3,E:\MedicalData\kagglechallenge\Dermnet\train/Bullous Disease Photos/bullous-pemphigoid-64.jpg
3,E:\MedicalData\kagglechallenge\Dermnet\train/Bullous Disease Photos/bullous-pemphigoid-67.jpg
3,E:\MedicalData\kagglechallenge\Dermnet\train/Bullous Disease Photos/bullous-pemphigoid-69.jpg
3,E:\MedicalData\kagglechallenge\Dermnet\train/Bullous Disease Photos/bullous-pemphigoid-70.jpg
3,E:\MedicalData\kagglechallenge\Dermnet\train/Bullous Disease Photos/bullous-pemphigoid-71.jpg
3,E:\MedicalData\kagglechallenge\Dermnet\train/Bullous Disease Photos/bullous-pemphigoid-74.jpg
3,E:\MedicalData\kagglechallenge\Dermnet\train/Bullous Disease Photos/bullous-pemphigoid-76.jpg
3,E:\MedicalData\kagglechallenge\Dermnet\train/Bullous Disease Photos/bullous-pemphigoid-78.jpg
3,E:\MedicalData\kagglechallenge\Dermnet\train/Bullous Disease Photos/bullous-pemphigoid-79.jpg
3,E:\MedicalData\kagglechallenge\Dermnet\train/Bullous Disease Photos/bullous-pemphigoid-80.jpg
3,E:\MedicalData\kagglechallenge\Dermnet\train/Bullous Disease Photos/bullous-pemphigoid-81.jpg
3,E:\MedicalData\kagglechallenge\Dermnet\train/Bullous Disease Photos/bullous-pemphigoid-82.jpg
3,E:\MedicalData\kagglechallenge\Dermnet\train/Bullous Disease Photos/bullous-pemphigoid-83.jpg
3,E:\MedicalData\kagglechallenge\Dermnet\train/Bullous Disease Photos/bullous-pemphigoid-84.jpg
3,E:\MedicalData\kagglechallenge\Dermnet\train/Bullous Disease Photos/bullous-pemphigoid-86.jpg
3,E:\MedicalData\kagglechallenge\Dermnet\train/Bullous Disease Photos/bullous-pemphigoid-87.jpg
3,E:\MedicalData\kagglechallenge\Dermnet\train/Bullous Disease Photos/bullous-pemphigoid-89.jpg
3,E:\MedicalData\kagglechallenge\Dermnet\train/Bullous Disease Photos/bullous-pemphigoid-9.jpg
3,E:\MedicalData\kagglechallenge\Dermnet\train/Bullous Disease Photos/bullous-pemphigoid-91.jpg
3,E:\MedicalData\kagglechallenge\Dermnet\train/Bullous Disease Photos/bullous-pemphigoid-93.jpg
3,E:\MedicalData\kagglechallenge\Dermnet\train/Bullous Disease Photos/bullous-pemphigoid-95.jpg
3,E:\MedicalData\kagglechallenge\Dermnet\train/Bullous Disease Photos/bullous-pemphigoid-97.jpg
3,E:\MedicalData\kagglechallenge\Dermnet\train/Bullous Disease Photos/dariers-disease-1.jpg
3,E:\MedicalData\kagglechallenge\Dermnet\train/Bullous Disease Photos/dariers-disease-10.jpg
3,E:\MedicalData\kagglechallenge\Dermnet\train/Bullous Disease Photos/dariers-disease-12.jpg
3,E:\MedicalData\kagglechallenge\Dermnet\train/Bullous Disease Photos/dariers-disease-13.jpg
3,E:\MedicalData\kagglechallenge\Dermnet\train/Bullous Disease Photos/dariers-disease-14.jpg
3,E:\MedicalData\kagglechallenge\Dermnet\train/Bullous Disease Photos/dariers-disease-15.jpg
3,E:\MedicalData\kagglechallenge\Dermnet\train/Bullous Disease Photos/dariers-disease-16.jpg
3,E:\MedicalData\kagglechallenge\Dermnet\train/Bullous Disease Photos/dariers-disease-18.jpg
3,E:\MedicalData\kagglechallenge\Dermnet\train/Bullous Disease Photos/dariers-disease-19.jpg
3,E:\MedicalData\kagglechallenge\Dermnet\train/Bullous Disease Photos/dariers-disease-2.jpg
3,E:\MedicalData\kagglechallenge\Dermnet\train/Bullous Disease Photos/dariers-disease-21.jpg
3,E:\MedicalData\kagglechallenge\Dermnet\train/Bullous Disease Photos/dariers-disease-23.jpg
3,E:\MedicalData\kagglechallenge\Dermnet\train/Bullous Disease Photos/dariers-disease-24.jpg
3,E:\MedicalData\kagglechallenge\Dermnet\train/Bullous Disease Photos/dariers-disease-25.jpg
3,E:\MedicalData\kagglechallenge\Dermnet\train/Bullous Disease Photos/dariers-disease-26.jpg
3,E:\MedicalData\kagglechallenge\Dermnet\train/Bullous Disease Photos/dariers-disease-27.jpg
3,E:\MedicalData\kagglechallenge\Dermnet\train/Bullous Disease Photos/dariers-disease-28.jpg
3,E:\MedicalData\kagglechallenge\Dermnet\train/Bullous Disease Photos/dariers-disease-29.jpg
3,E:\MedicalData\kagglechallenge\Dermnet\train/Bullous Disease Photos/dariers-disease-30.jpg
3,E:\MedicalData\kagglechallenge\Dermnet\train/Bullous Disease Photos/dariers-disease-31.jpg
3,E:\MedicalData\kagglechallenge\Dermnet\train/Bullous Disease Photos/dariers-disease-33.jpg
3,E:\MedicalData\kagglechallenge\Dermnet\train/Bullous Disease Photos/dariers-disease-34.jpg
3,E:\MedicalData\kagglechallenge\Dermnet\train/Bullous Disease Photos/dariers-disease-35.jpg
3,E:\MedicalData\kagglechallenge\Dermnet\train/Bullous Disease Photos/dariers-disease-36.jpg
3,E:\MedicalData\kagglechallenge\Dermnet\train/Bullous Disease Photos/dariers-disease-37.jpg
3,E:\MedicalData\kagglechallenge\Dermnet\train/Bullous Disease Photos/dariers-disease-39.jpg
3,E:\MedicalData\kagglechallenge\Dermnet\train/Bullous Disease Photos/dariers-disease-4.jpg
3,E:\MedicalData\kagglechallenge\Dermnet\train/Bullous Disease Photos/dariers-disease-40.jpg
3,E:\MedicalData\kagglechallenge\Dermnet\train/Bullous Disease Photos/dariers-disease-42.jpg
3,E:\MedicalData\kagglechallenge\Dermnet\train/Bullous Disease Photos/dariers-disease-43.jpg
3,E:\MedicalData\kagglechallenge\Dermnet\train/Bullous Disease Photos/dariers-disease-47.jpg
3,E:\MedicalData\kagglechallenge\Dermnet\train/Bullous Disease Photos/dariers-disease-48.jpg
3,E:\MedicalData\kagglechallenge\Dermnet\train/Bullous Disease Photos/dariers-disease-49.jpg
3,E:\MedicalData\kagglechallenge\Dermnet\train/Bullous Disease Photos/dariers-disease-50.jpg
3,E:\MedicalData\kagglechallenge\Dermnet\train/Bullous Disease Photos/dariers-disease-52.jpg
3,E:\MedicalData\kagglechallenge\Dermnet\train/Bullous Disease Photos/dariers-disease-53.jpg
3,E:\MedicalData\kagglechallenge\Dermnet\train/Bullous Disease Photos/dariers-disease-54.jpg
3,E:\MedicalData\kagglechallenge\Dermnet\train/Bullous Disease Photos/dariers-disease-57.jpg
3,E:\MedicalData\kagglechallenge\Dermnet\train/Bullous Disease Photos/dariers-disease-58.jpg
3,E:\MedicalData\kagglechallenge\Dermnet\train/Bullous Disease Photos/dariers-disease-6.jpg
3,E:\MedicalData\kagglechallenge\Dermnet\train/Bullous Disease Photos/dariers-disease-60.jpg
3,E:\MedicalData\kagglechallenge\Dermnet\train/Bullous Disease Photos/dariers-disease-61.jpg
3,E:\MedicalData\kagglechallenge\Dermnet\train/Bullous Disease Photos/dariers-disease-63.jpg
3,E:\MedicalData\kagglechallenge\Dermnet\train/Bullous Disease Photos/dariers-disease-64.jpg
3,E:\MedicalData\kagglechallenge\Dermnet\train/Bullous Disease Photos/dariers-disease-7.jpg
3,E:\MedicalData\kagglechallenge\Dermnet\train/Bullous Disease Photos/dariers-disease-8.jpg
3,E:\MedicalData\kagglechallenge\Dermnet\train/Bullous Disease Photos/dariers-disease-9.jpg
3,E:\MedicalData\kagglechallenge\Dermnet\train/Bullous Disease Photos/dermatitis-herpetiformis-1.jpg
3,E:\MedicalData\kagglechallenge\Dermnet\train/Bullous Disease Photos/dermatitis-herpetiformis-10.jpg
3,E:\MedicalData\kagglechallenge\Dermnet\train/Bullous Disease Photos/dermatitis-herpetiformis-100.jpg
3,E:\MedicalData\kagglechallenge\Dermnet\train/Bullous Disease Photos/dermatitis-herpetiformis-11.jpg
3,E:\MedicalData\kagglechallenge\Dermnet\train/Bullous Disease Photos/dermatitis-herpetiformis-12.jpg
3,E:\MedicalData\kagglechallenge\Dermnet\train/Bullous Disease Photos/dermatitis-herpetiformis-13.jpg
3,E:\MedicalData\kagglechallenge\Dermnet\train/Bullous Disease Photos/dermatitis-herpetiformis-16.jpg
3,E:\MedicalData\kagglechallenge\Dermnet\train/Bullous Disease Photos/dermatitis-herpetiformis-17.jpg
3,E:\MedicalData\kagglechallenge\Dermnet\train/Bullous Disease Photos/dermatitis-herpetiformis-18.jpg
3,E:\MedicalData\kagglechallenge\Dermnet\train/Bullous Disease Photos/dermatitis-herpetiformis-21.jpg
3,E:\MedicalData\kagglechallenge\Dermnet\train/Bullous Disease Photos/dermatitis-herpetiformis-22.jpg
3,E:\MedicalData\kagglechallenge\Dermnet\train/Bullous Disease Photos/dermatitis-herpetiformis-23.jpg
3,E:\MedicalData\kagglechallenge\Dermnet\train/Bullous Disease Photos/dermatitis-herpetiformis-24.jpg
3,E:\MedicalData\kagglechallenge\Dermnet\train/Bullous Disease Photos/dermatitis-herpetiformis-25.jpg
3,E:\MedicalData\kagglechallenge\Dermnet\train/Bullous Disease Photos/dermatitis-herpetiformis-26.jpg
3,E:\MedicalData\kagglechallenge\Dermnet\train/Bullous Disease Photos/dermatitis-herpetiformis-27.jpg
3,E:\MedicalData\kagglechallenge\Dermnet\train/Bullous Disease Photos/dermatitis-herpetiformis-28.jpg
3,E:\MedicalData\kagglechallenge\Dermnet\train/Bullous Disease Photos/dermatitis-herpetiformis-3.jpg
3,E:\MedicalData\kagglechallenge\Dermnet\train/Bullous Disease Photos/dermatitis-herpetiformis-30.jpg
3,E:\MedicalData\kagglechallenge\Dermnet\train/Bullous Disease Photos/dermatitis-herpetiformis-31.jpg
3,E:\MedicalData\kagglechallenge\Dermnet\train/Bullous Disease Photos/dermatitis-herpetiformis-32.jpg
3,E:\MedicalData\kagglechallenge\Dermnet\train/Bullous Disease Photos/dermatitis-herpetiformis-33.jpg
3,E:\MedicalData\kagglechallenge\Dermnet\train/Bullous Disease Photos/dermatitis-herpetiformis-34.jpg
3,E:\MedicalData\kagglechallenge\Dermnet\train/Bullous Disease Photos/dermatitis-herpetiformis-35.jpg
3,E:\MedicalData\kagglechallenge\Dermnet\train/Bullous Disease Photos/dermatitis-herpetiformis-36.jpg
3,E:\MedicalData\kagglechallenge\Dermnet\train/Bullous Disease Photos/dermatitis-herpetiformis-37.jpg
3,E:\MedicalData\kagglechallenge\Dermnet\train/Bullous Disease Photos/dermatitis-herpetiformis-40.jpg
3,E:\MedicalData\kagglechallenge\Dermnet\train/Bullous Disease Photos/dermatitis-herpetiformis-42.jpg
3,E:\MedicalData\kagglechallenge\Dermnet\train/Bullous Disease Photos/dermatitis-herpetiformis-44.jpg
3,E:\MedicalData\kagglechallenge\Dermnet\train/Bullous Disease Photos/dermatitis-herpetiformis-45.jpg
3,E:\MedicalData\kagglechallenge\Dermnet\train/Bullous Disease Photos/dermatitis-herpetiformis-46.jpg
3,E:\MedicalData\kagglechallenge\Dermnet\train/Bullous Disease Photos/dermatitis-herpetiformis-48.jpg
3,E:\MedicalData\kagglechallenge\Dermnet\train/Bullous Disease Photos/dermatitis-herpetiformis-49.jpg
3,E:\MedicalData\kagglechallenge\Dermnet\train/Bullous Disease Photos/dermatitis-herpetiformis-5.jpg
3,E:\MedicalData\kagglechallenge\Dermnet\train/Bullous Disease Photos/dermatitis-herpetiformis-50.jpg
3,E:\MedicalData\kagglechallenge\Dermnet\train/Bullous Disease Photos/dermatitis-herpetiformis-51.jpg
3,E:\MedicalData\kagglechallenge\Dermnet\train/Bullous Disease Photos/dermatitis-herpetiformis-53.jpg
3,E:\MedicalData\kagglechallenge\Dermnet\train/Bullous Disease Photos/dermatitis-herpetiformis-54.jpg
3,E:\MedicalData\kagglechallenge\Dermnet\train/Bullous Disease Photos/dermatitis-herpetiformis-56.jpg
3,E:\MedicalData\kagglechallenge\Dermnet\train/Bullous Disease Photos/dermatitis-herpetiformis-58.jpg
3,E:\MedicalData\kagglechallenge\Dermnet\train/Bullous Disease Photos/dermatitis-herpetiformis-59.jpg
3,E:\MedicalData\kagglechallenge\Dermnet\train/Bullous Disease Photos/dermatitis-herpetiformis-6.jpg
3,E:\MedicalData\kagglechallenge\Dermnet\train/Bullous Disease Photos/dermatitis-herpetiformis-60.jpg
3,E:\MedicalData\kagglechallenge\Dermnet\train/Bullous Disease Photos/dermatitis-herpetiformis-61.jpg
3,E:\MedicalData\kagglechallenge\Dermnet\train/Bullous Disease Photos/dermatitis-herpetiformis-64.jpg
3,E:\MedicalData\kagglechallenge\Dermnet\train/Bullous Disease Photos/dermatitis-herpetiformis-65.jpg
3,E:\MedicalData\kagglechallenge\Dermnet\train/Bullous Disease Photos/dermatitis-herpetiformis-66.jpg
3,E:\MedicalData\kagglechallenge\Dermnet\train/Bullous Disease Photos/dermatitis-herpetiformis-67.jpg
3,E:\MedicalData\kagglechallenge\Dermnet\train/Bullous Disease Photos/dermatitis-herpetiformis-68.jpg
3,E:\MedicalData\kagglechallenge\Dermnet\train/Bullous Disease Photos/dermatitis-herpetiformis-69.jpg
3,E:\MedicalData\kagglechallenge\Dermnet\train/Bullous Disease Photos/dermatitis-herpetiformis-7.jpg
3,E:\MedicalData\kagglechallenge\Dermnet\train/Bullous Disease Photos/dermatitis-herpetiformis-74.jpg
3,E:\MedicalData\kagglechallenge\Dermnet\train/Bullous Disease Photos/dermatitis-herpetiformis-75.jpg
3,E:\MedicalData\kagglechallenge\Dermnet\train/Bullous Disease Photos/dermatitis-herpetiformis-76.jpg
3,E:\MedicalData\kagglechallenge\Dermnet\train/Bullous Disease Photos/dermatitis-herpetiformis-77.jpg
3,E:\MedicalData\kagglechallenge\Dermnet\train/Bullous Disease Photos/dermatitis-herpetiformis-79.jpg
3,E:\MedicalData\kagglechallenge\Dermnet\train/Bullous Disease Photos/dermatitis-herpetiformis-8.jpg
3,E:\MedicalData\kagglechallenge\Dermnet\train/Bullous Disease Photos/dermatitis-herpetiformis-81.jpg
3,E:\MedicalData\kagglechallenge\Dermnet\train/Bullous Disease Photos/dermatitis-herpetiformis-82.jpg
3,E:\MedicalData\kagglechallenge\Dermnet\train/Bullous Disease Photos/dermatitis-herpetiformis-83.jpg
3,E:\MedicalData\kagglechallenge\Dermnet\train/Bullous Disease Photos/dermatitis-herpetiformis-84.jpg
3,E:\MedicalData\kagglechallenge\Dermnet\train/Bullous Disease Photos/dermatitis-herpetiformis-85.jpg
3,E:\MedicalData\kagglechallenge\Dermnet\train/Bullous Disease Photos/dermatitis-herpetiformis-86.jpg
3,E:\MedicalData\kagglechallenge\Dermnet\train/Bullous Disease Photos/dermatitis-herpetiformis-87.jpg
3,E:\MedicalData\kagglechallenge\Dermnet\train/Bullous Disease Photos/dermatitis-herpetiformis-88.jpg
3,E:\MedicalData\kagglechallenge\Dermnet\train/Bullous Disease Photos/dermatitis-herpetiformis-9.jpg
3,E:\MedicalData\kagglechallenge\Dermnet\train/Bullous Disease Photos/dermatitis-herpetiformis-90.jpg
3,E:\MedicalData\kagglechallenge\Dermnet\train/Bullous Disease Photos/dermatitis-herpetiformis-91.jpg
3,E:\MedicalData\kagglechallenge\Dermnet\train/Bullous Disease Photos/dermatitis-herpetiformis-92.jpg
3,E:\MedicalData\kagglechallenge\Dermnet\train/Bullous Disease Photos/dermatitis-herpetiformis-97.jpg
3,E:\MedicalData\kagglechallenge\Dermnet\train/Bullous Disease Photos/dermatitis-herpetiformis-99.jpg
3,E:\MedicalData\kagglechallenge\Dermnet\train/Bullous Disease Photos/diabetic-bullae-1.jpg
3,E:\MedicalData\kagglechallenge\Dermnet\train/Bullous Disease Photos/diabetic-bullae-10.jpg
3,E:\MedicalData\kagglechallenge\Dermnet\train/Bullous Disease Photos/diabetic-bullae-11.jpg
3,E:\MedicalData\kagglechallenge\Dermnet\train/Bullous Disease Photos/diabetic-bullae-14.jpg
3,E:\MedicalData\kagglechallenge\Dermnet\train/Bullous Disease Photos/diabetic-bullae-16.jpg
3,E:\MedicalData\kagglechallenge\Dermnet\train/Bullous Disease Photos/diabetic-bullae-19.jpg
3,E:\MedicalData\kagglechallenge\Dermnet\train/Bullous Disease Photos/diabetic-bullae-21.jpg
3,E:\MedicalData\kagglechallenge\Dermnet\train/Bullous Disease Photos/diabetic-bullae-23.jpg
3,E:\MedicalData\kagglechallenge\Dermnet\train/Bullous Disease Photos/diabetic-bullae-27.jpg
3,E:\MedicalData\kagglechallenge\Dermnet\train/Bullous Disease Photos/diabetic-bullae-28.jpg
3,E:\MedicalData\kagglechallenge\Dermnet\train/Bullous Disease Photos/diabetic-bullae-29.jpg
3,E:\MedicalData\kagglechallenge\Dermnet\train/Bullous Disease Photos/diabetic-bullae-4.jpg
3,E:\MedicalData\kagglechallenge\Dermnet\train/Bullous Disease Photos/diabetic-bullae-6.jpg
3,E:\MedicalData\kagglechallenge\Dermnet\train/Bullous Disease Photos/diabetic-bullae-7.jpg
3,E:\MedicalData\kagglechallenge\Dermnet\train/Bullous Disease Photos/diabetic-bullae-9.jpg
3,E:\MedicalData\kagglechallenge\Dermnet\train/Bullous Disease Photos/epidermolysis-bullosa-1.jpg
3,E:\MedicalData\kagglechallenge\Dermnet\train/Bullous Disease Photos/epidermolysis-bullosa-10.jpg
3,E:\MedicalData\kagglechallenge\Dermnet\train/Bullous Disease Photos/epidermolysis-bullosa-11.jpg
3,E:\MedicalData\kagglechallenge\Dermnet\train/Bullous Disease Photos/epidermolysis-bullosa-14.jpg
3,E:\MedicalData\kagglechallenge\Dermnet\train/Bullous Disease Photos/epidermolysis-bullosa-15.jpg
3,E:\MedicalData\kagglechallenge\Dermnet\train/Bullous Disease Photos/epidermolysis-bullosa-16.jpg
3,E:\MedicalData\kagglechallenge\Dermnet\train/Bullous Disease Photos/epidermolysis-bullosa-18.jpg
3,E:\MedicalData\kagglechallenge\Dermnet\train/Bullous Disease Photos/epidermolysis-bullosa-2.jpg
3,E:\MedicalData\kagglechallenge\Dermnet\train/Bullous Disease Photos/epidermolysis-bullosa-20.jpg
3,E:\MedicalData\kagglechallenge\Dermnet\train/Bullous Disease Photos/epidermolysis-bullosa-21.jpg
3,E:\MedicalData\kagglechallenge\Dermnet\train/Bullous Disease Photos/epidermolysis-bullosa-23.jpg
3,E:\MedicalData\kagglechallenge\Dermnet\train/Bullous Disease Photos/epidermolysis-bullosa-24.jpg
3,E:\MedicalData\kagglechallenge\Dermnet\train/Bullous Disease Photos/epidermolysis-bullosa-25.jpg
3,E:\MedicalData\kagglechallenge\Dermnet\train/Bullous Disease Photos/epidermolysis-bullosa-26.jpg
3,E:\MedicalData\kagglechallenge\Dermnet\train/Bullous Disease Photos/epidermolysis-bullosa-27.jpg
3,E:\MedicalData\kagglechallenge\Dermnet\train/Bullous Disease Photos/epidermolysis-bullosa-28.jpg
3,E:\MedicalData\kagglechallenge\Dermnet\train/Bullous Disease Photos/epidermolysis-bullosa-29.jpg
3,E:\MedicalData\kagglechallenge\Dermnet\train/Bullous Disease Photos/epidermolysis-bullosa-3.jpg
3,E:\MedicalData\kagglechallenge\Dermnet\train/Bullous Disease Photos/epidermolysis-bullosa-30.jpg
3,E:\MedicalData\kagglechallenge\Dermnet\train/Bullous Disease Photos/epidermolysis-bullosa-31.jpg
3,E:\MedicalData\kagglechallenge\Dermnet\train/Bullous Disease Photos/epidermolysis-bullosa-32.jpg
3,E:\MedicalData\kagglechallenge\Dermnet\train/Bullous Disease Photos/epidermolysis-bullosa-34.jpg
3,E:\MedicalData\kagglechallenge\Dermnet\train/Bullous Disease Photos/epidermolysis-bullosa-36.jpg
3,E:\MedicalData\kagglechallenge\Dermnet\train/Bullous Disease Photos/epidermolysis-bullosa-38.jpg
3,E:\MedicalData\kagglechallenge\Dermnet\train/Bullous Disease Photos/epidermolysis-bullosa-39.jpg
3,E:\MedicalData\kagglechallenge\Dermnet\train/Bullous Disease Photos/epidermolysis-bullosa-40.jpg
3,E:\MedicalData\kagglechallenge\Dermnet\train/Bullous Disease Photos/epidermolysis-bullosa-41.jpg
3,E:\MedicalData\kagglechallenge\Dermnet\train/Bullous Disease Photos/epidermolysis-bullosa-42.jpg
3,E:\MedicalData\kagglechallenge\Dermnet\train/Bullous Disease Photos/epidermolysis-bullosa-43.jpg
3,E:\MedicalData\kagglechallenge\Dermnet\train/Bullous Disease Photos/epidermolysis-bullosa-44.jpg
3,E:\MedicalData\kagglechallenge\Dermnet\train/Bullous Disease Photos/epidermolysis-bullosa-46.jpg
3,E:\MedicalData\kagglechallenge\Dermnet\train/Bullous Disease Photos/epidermolysis-bullosa-47.jpg
3,E:\MedicalData\kagglechallenge\Dermnet\train/Bullous Disease Photos/epidermolysis-bullosa-48.jpg
3,E:\MedicalData\kagglechallenge\Dermnet\train/Bullous Disease Photos/epidermolysis-bullosa-49.jpg
3,E:\MedicalData\kagglechallenge\Dermnet\train/Bullous Disease Photos/epidermolysis-bullosa-5.jpg
3,E:\MedicalData\kagglechallenge\Dermnet\train/Bullous Disease Photos/epidermolysis-bullosa-52.jpg
3,E:\MedicalData\kagglechallenge\Dermnet\train/Bullous Disease Photos/epidermolysis-bullosa-54.jpg
3,E:\MedicalData\kagglechallenge\Dermnet\train/Bullous Disease Photos/epidermolysis-bullosa-55.jpg
3,E:\MedicalData\kagglechallenge\Dermnet\train/Bullous Disease Photos/epidermolysis-bullosa-56.jpg
3,E:\MedicalData\kagglechallenge\Dermnet\train/Bullous Disease Photos/epidermolysis-bullosa-57.jpg
3,E:\MedicalData\kagglechallenge\Dermnet\train/Bullous Disease Photos/epidermolysis-bullosa-58.jpg
3,E:\MedicalData\kagglechallenge\Dermnet\train/Bullous Disease Photos/epidermolysis-bullosa-59.jpg
3,E:\MedicalData\kagglechallenge\Dermnet\train/Bullous Disease Photos/epidermolysis-bullosa-8.jpg
3,E:\MedicalData\kagglechallenge\Dermnet\train/Bullous Disease Photos/grovers-disease-1.jpg
3,E:\MedicalData\kagglechallenge\Dermnet\train/Bullous Disease Photos/grovers-disease-10.jpg
3,E:\MedicalData\kagglechallenge\Dermnet\train/Bullous Disease Photos/grovers-disease-11.jpg
3,E:\MedicalData\kagglechallenge\Dermnet\train/Bullous Disease Photos/grovers-disease-12.jpg
3,E:\MedicalData\kagglechallenge\Dermnet\train/Bullous Disease Photos/grovers-disease-13.jpg
3,E:\MedicalData\kagglechallenge\Dermnet\train/Bullous Disease Photos/grovers-disease-14.jpg
3,E:\MedicalData\kagglechallenge\Dermnet\train/Bullous Disease Photos/grovers-disease-15.jpg
3,E:\MedicalData\kagglechallenge\Dermnet\train/Bullous Disease Photos/grovers-disease-16.jpg
3,E:\MedicalData\kagglechallenge\Dermnet\train/Bullous Disease Photos/grovers-disease-17.jpg
3,E:\MedicalData\kagglechallenge\Dermnet\train/Bullous Disease Photos/grovers-disease-18.jpg
3,E:\MedicalData\kagglechallenge\Dermnet\train/Bullous Disease Photos/grovers-disease-19.jpg
3,E:\MedicalData\kagglechallenge\Dermnet\train/Bullous Disease Photos/grovers-disease-20.jpg
3,E:\MedicalData\kagglechallenge\Dermnet\train/Bullous Disease Photos/grovers-disease-21.jpg
3,E:\MedicalData\kagglechallenge\Dermnet\train/Bullous Disease Photos/grovers-disease-22.jpg
3,E:\MedicalData\kagglechallenge\Dermnet\train/Bullous Disease Photos/grovers-disease-23.jpg
3,E:\MedicalData\kagglechallenge\Dermnet\train/Bullous Disease Photos/grovers-disease-24.jpg
3,E:\MedicalData\kagglechallenge\Dermnet\train/Bullous Disease Photos/grovers-disease-25.jpg
3,E:\MedicalData\kagglechallenge\Dermnet\train/Bullous Disease Photos/grovers-disease-26.jpg
3,E:\MedicalData\kagglechallenge\Dermnet\train/Bullous Disease Photos/grovers-disease-27.jpg
3,E:\MedicalData\kagglechallenge\Dermnet\train/Bullous Disease Photos/grovers-disease-28.jpg
3,E:\MedicalData\kagglechallenge\Dermnet\train/Bullous Disease Photos/grovers-disease-29.jpg
3,E:\MedicalData\kagglechallenge\Dermnet\train/Bullous Disease Photos/grovers-disease-3.jpg
3,E:\MedicalData\kagglechallenge\Dermnet\train/Bullous Disease Photos/grovers-disease-30.jpg
3,E:\MedicalData\kagglechallenge\Dermnet\train/Bullous Disease Photos/grovers-disease-31.jpg
3,E:\MedicalData\kagglechallenge\Dermnet\train/Bullous Disease Photos/grovers-disease-33.jpg
3,E:\MedicalData\kagglechallenge\Dermnet\train/Bullous Disease Photos/grovers-disease-35.jpg
3,E:\MedicalData\kagglechallenge\Dermnet\train/Bullous Disease Photos/grovers-disease-36.jpg
3,E:\MedicalData\kagglechallenge\Dermnet\train/Bullous Disease Photos/grovers-disease-37.jpg
3,E:\MedicalData\kagglechallenge\Dermnet\train/Bullous Disease Photos/grovers-disease-38.jpg
3,E:\MedicalData\kagglechallenge\Dermnet\train/Bullous Disease Photos/grovers-disease-39.jpg
3,E:\MedicalData\kagglechallenge\Dermnet\train/Bullous Disease Photos/grovers-disease-4.jpg
3,E:\MedicalData\kagglechallenge\Dermnet\train/Bullous Disease Photos/grovers-disease-40.jpg
3,E:\MedicalData\kagglechallenge\Dermnet\train/Bullous Disease Photos/grovers-disease-41.jpg
3,E:\MedicalData\kagglechallenge\Dermnet\train/Bullous Disease Photos/grovers-disease-42.jpg
3,E:\MedicalData\kagglechallenge\Dermnet\train/Bullous Disease Photos/grovers-disease-43.jpg
3,E:\MedicalData\kagglechallenge\Dermnet\train/Bullous Disease Photos/grovers-disease-44.jpg
3,E:\MedicalData\kagglechallenge\Dermnet\train/Bullous Disease Photos/grovers-disease-46.jpg
3,E:\MedicalData\kagglechallenge\Dermnet\train/Bullous Disease Photos/grovers-disease-47.jpg
3,E:\MedicalData\kagglechallenge\Dermnet\train/Bullous Disease Photos/grovers-disease-48.jpg
3,E:\MedicalData\kagglechallenge\Dermnet\train/Bullous Disease Photos/grovers-disease-5.jpg
3,E:\MedicalData\kagglechallenge\Dermnet\train/Bullous Disease Photos/grovers-disease-50.jpg
3,E:\MedicalData\kagglechallenge\Dermnet\train/Bullous Disease Photos/grovers-disease-51.jpg
3,E:\MedicalData\kagglechallenge\Dermnet\train/Bullous Disease Photos/grovers-disease-53.jpg
3,E:\MedicalData\kagglechallenge\Dermnet\train/Bullous Disease Photos/grovers-disease-54.jpg
3,E:\MedicalData\kagglechallenge\Dermnet\train/Bullous Disease Photos/grovers-disease-56.jpg
3,E:\MedicalData\kagglechallenge\Dermnet\train/Bullous Disease Photos/grovers-disease-57.jpg
3,E:\MedicalData\kagglechallenge\Dermnet\train/Bullous Disease Photos/grovers-disease-58.jpg
3,E:\MedicalData\kagglechallenge\Dermnet\train/Bullous Disease Photos/grovers-disease-6.jpg
3,E:\MedicalData\kagglechallenge\Dermnet\train/Bullous Disease Photos/grovers-disease-60.jpg
3,E:\MedicalData\kagglechallenge\Dermnet\train/Bullous Disease Photos/grovers-disease-9.jpg
3,E:\MedicalData\kagglechallenge\Dermnet\train/Bullous Disease Photos/herpes-gestationis-1.jpg
3,E:\MedicalData\kagglechallenge\Dermnet\train/Bullous Disease Photos/herpes-gestationis-10.jpg
3,E:\MedicalData\kagglechallenge\Dermnet\train/Bullous Disease Photos/herpes-gestationis-11.jpg
3,E:\MedicalData\kagglechallenge\Dermnet\train/Bullous Disease Photos/herpes-gestationis-13.jpg
3,E:\MedicalData\kagglechallenge\Dermnet\train/Bullous Disease Photos/herpes-gestationis-14.jpg
3,E:\MedicalData\kagglechallenge\Dermnet\train/Bullous Disease Photos/herpes-gestationis-15.jpg
3,E:\MedicalData\kagglechallenge\Dermnet\train/Bullous Disease Photos/herpes-gestationis-2.jpg
3,E:\MedicalData\kagglechallenge\Dermnet\train/Bullous Disease Photos/herpes-gestationis-3.jpg
3,E:\MedicalData\kagglechallenge\Dermnet\train/Bullous Disease Photos/herpes-gestationis-4.jpg
3,E:\MedicalData\kagglechallenge\Dermnet\train/Bullous Disease Photos/herpes-gestationis-5.jpg
3,E:\MedicalData\kagglechallenge\Dermnet\train/Bullous Disease Photos/herpes-gestationis-7.jpg
3,E:\MedicalData\kagglechallenge\Dermnet\train/Bullous Disease Photos/herpes-gestationis-9.jpg
3,E:\MedicalData\kagglechallenge\Dermnet\train/Bullous Disease Photos/localized-pemphigoid-10.jpg
3,E:\MedicalData\kagglechallenge\Dermnet\train/Bullous Disease Photos/localized-pemphigoid-4.jpg
3,E:\MedicalData\kagglechallenge\Dermnet\train/Bullous Disease Photos/localized-pemphigoid-5.jpg
3,E:\MedicalData\kagglechallenge\Dermnet\train/Bullous Disease Photos/localized-pemphigoid-6.jpg
3,E:\MedicalData\kagglechallenge\Dermnet\train/Bullous Disease Photos/localized-pemphigoid-7.jpg
3,E:\MedicalData\kagglechallenge\Dermnet\train/Bullous Disease Photos/localized-pemphigoid-8.jpg
3,E:\MedicalData\kagglechallenge\Dermnet\train/Bullous Disease Photos/localized-pemphigoid-9.jpg
3,E:\MedicalData\kagglechallenge\Dermnet\train/Bullous Disease Photos/pemphigus-1.jpg
3,E:\MedicalData\kagglechallenge\Dermnet\train/Bullous Disease Photos/pemphigus-10.jpg
3,E:\MedicalData\kagglechallenge\Dermnet\train/Bullous Disease Photos/pemphigus-11.jpg
3,E:\MedicalData\kagglechallenge\Dermnet\train/Bullous Disease Photos/pemphigus-13.jpg
3,E:\MedicalData\kagglechallenge\Dermnet\train/Bullous Disease Photos/pemphigus-14.jpg
3,E:\MedicalData\kagglechallenge\Dermnet\train/Bullous Disease Photos/pemphigus-15.jpg
3,E:\MedicalData\kagglechallenge\Dermnet\train/Bullous Disease Photos/pemphigus-16.jpg
3,E:\MedicalData\kagglechallenge\Dermnet\train/Bullous Disease Photos/pemphigus-17.jpg
3,E:\MedicalData\kagglechallenge\Dermnet\train/Bullous Disease Photos/pemphigus-18.jpg
3,E:\MedicalData\kagglechallenge\Dermnet\train/Bullous Disease Photos/pemphigus-2.jpg
3,E:\MedicalData\kagglechallenge\Dermnet\train/Bullous Disease Photos/pemphigus-20.jpg
3,E:\MedicalData\kagglechallenge\Dermnet\train/Bullous Disease Photos/pemphigus-21.jpg
3,E:\MedicalData\kagglechallenge\Dermnet\train/Bullous Disease Photos/pemphigus-22.jpg
3,E:\MedicalData\kagglechallenge\Dermnet\train/Bullous Disease Photos/pemphigus-23.jpg
3,E:\MedicalData\kagglechallenge\Dermnet\train/Bullous Disease Photos/pemphigus-24.jpg
3,E:\MedicalData\kagglechallenge\Dermnet\train/Bullous Disease Photos/pemphigus-27.jpg
3,E:\MedicalData\kagglechallenge\Dermnet\train/Bullous Disease Photos/pemphigus-28.jpg
3,E:\MedicalData\kagglechallenge\Dermnet\train/Bullous Disease Photos/pemphigus-29.jpg
3,E:\MedicalData\kagglechallenge\Dermnet\train/Bullous Disease Photos/pemphigus-31.jpg
3,E:\MedicalData\kagglechallenge\Dermnet\train/Bullous Disease Photos/pemphigus-32.jpg
3,E:\MedicalData\kagglechallenge\Dermnet\train/Bullous Disease Photos/pemphigus-33.jpg
3,E:\MedicalData\kagglechallenge\Dermnet\train/Bullous Disease Photos/pemphigus-34.jpg
3,E:\MedicalData\kagglechallenge\Dermnet\train/Bullous Disease Photos/pemphigus-35.jpg
3,E:\MedicalData\kagglechallenge\Dermnet\train/Bullous Disease Photos/pemphigus-36.jpg
3,E:\MedicalData\kagglechallenge\Dermnet\train/Bullous Disease Photos/pemphigus-37.jpg
3,E:\MedicalData\kagglechallenge\Dermnet\train/Bullous Disease Photos/pemphigus-38.jpg
3,E:\MedicalData\kagglechallenge\Dermnet\train/Bullous Disease Photos/pemphigus-39.jpg
3,E:\MedicalData\kagglechallenge\Dermnet\train/Bullous Disease Photos/pemphigus-41.jpg
3,E:\MedicalData\kagglechallenge\Dermnet\train/Bullous Disease Photos/pemphigus-42.jpg
3,E:\MedicalData\kagglechallenge\Dermnet\train/Bullous Disease Photos/pemphigus-43.jpg
3,E:\MedicalData\kagglechallenge\Dermnet\train/Bullous Disease Photos/pemphigus-44.jpg
3,E:\MedicalData\kagglechallenge\Dermnet\train/Bullous Disease Photos/pemphigus-46.jpg
3,E:\MedicalData\kagglechallenge\Dermnet\train/Bullous Disease Photos/pemphigus-48.jpg
3,E:\MedicalData\kagglechallenge\Dermnet\train/Bullous Disease Photos/pemphigus-49.jpg
3,E:\MedicalData\kagglechallenge\Dermnet\train/Bullous Disease Photos/pemphigus-5.jpg
3,E:\MedicalData\kagglechallenge\Dermnet\train/Bullous Disease Photos/pemphigus-50.jpg
3,E:\MedicalData\kagglechallenge\Dermnet\train/Bullous Disease Photos/pemphigus-52.jpg
3,E:\MedicalData\kagglechallenge\Dermnet\train/Bullous Disease Photos/pemphigus-6.jpg
3,E:\MedicalData\kagglechallenge\Dermnet\train/Bullous Disease Photos/pemphigus-7.jpg
3,E:\MedicalData\kagglechallenge\Dermnet\train/Bullous Disease Photos/pemphigus-9.jpg
3,E:\MedicalData\kagglechallenge\Dermnet\train/Bullous Disease Photos/pemphigus-90.jpg
3,E:\MedicalData\kagglechallenge\Dermnet\train/Bullous Disease Photos/pemphigus-91.jpg
3,E:\MedicalData\kagglechallenge\Dermnet\train/Bullous Disease Photos/pemphigus-93.jpg
3,E:\MedicalData\kagglechallenge\Dermnet\train/Bullous Disease Photos/pemphigus-96.jpg
3,E:\MedicalData\kagglechallenge\Dermnet\train/Bullous Disease Photos/pemphigus-97.jpg
3,E:\MedicalData\kagglechallenge\Dermnet\train/Bullous Disease Photos/pemphigus-99.jpg
3,E:\MedicalData\kagglechallenge\Dermnet\train/Bullous Disease Photos/pemphigus-foliaceous-13.jpg
3,E:\MedicalData\kagglechallenge\Dermnet\train/Bullous Disease Photos/pemphigus-foliaceous-14.jpg
3,E:\MedicalData\kagglechallenge\Dermnet\train/Bullous Disease Photos/pemphigus-foliaceous-16.jpg
3,E:\MedicalData\kagglechallenge\Dermnet\train/Bullous Disease Photos/pemphigus-foliaceous-17.jpg
3,E:\MedicalData\kagglechallenge\Dermnet\train/Bullous Disease Photos/pemphigus-foliaceous-19.jpg
3,E:\MedicalData\kagglechallenge\Dermnet\train/Bullous Disease Photos/pemphigus-foliaceous-2.jpg
3,E:\MedicalData\kagglechallenge\Dermnet\train/Bullous Disease Photos/pemphigus-foliaceous-20.jpg
3,E:\MedicalData\kagglechallenge\Dermnet\train/Bullous Disease Photos/pemphigus-foliaceous-21.jpg
3,E:\MedicalData\kagglechallenge\Dermnet\train/Bullous Disease Photos/pemphigus-foliaceous-22.jpg
3,E:\MedicalData\kagglechallenge\Dermnet\train/Bullous Disease Photos/pemphigus-foliaceous-23.jpg
3,E:\MedicalData\kagglechallenge\Dermnet\train/Bullous Disease Photos/pemphigus-foliaceous-24.jpg
3,E:\MedicalData\kagglechallenge\Dermnet\train/Bullous Disease Photos/pemphigus-foliaceous-25.jpg
3,E:\MedicalData\kagglechallenge\Dermnet\train/Bullous Disease Photos/pemphigus-foliaceous-27.jpg
3,E:\MedicalData\kagglechallenge\Dermnet\train/Bullous Disease Photos/pemphigus-foliaceous-28.jpg
3,E:\MedicalData\kagglechallenge\Dermnet\train/Bullous Disease Photos/pemphigus-foliaceous-29.jpg
3,E:\MedicalData\kagglechallenge\Dermnet\train/Bullous Disease Photos/pemphigus-foliaceous-3.jpg
3,E:\MedicalData\kagglechallenge\Dermnet\train/Bullous Disease Photos/pemphigus-foliaceous-30.jpg
3,E:\MedicalData\kagglechallenge\Dermnet\train/Bullous Disease Photos/pemphigus-foliaceous-31.jpg
3,E:\MedicalData\kagglechallenge\Dermnet\train/Bullous Disease Photos/pemphigus-foliaceous-32.jpg
3,E:\MedicalData\kagglechallenge\Dermnet\train/Bullous Disease Photos/pemphigus-foliaceous-34.jpg
3,E:\MedicalData\kagglechallenge\Dermnet\train/Bullous Disease Photos/pemphigus-foliaceous-4.jpg
3,E:\MedicalData\kagglechallenge\Dermnet\train/Bullous Disease Photos/pemphigus-foliaceous-7.jpg
3,E:\MedicalData\kagglechallenge\Dermnet\train/Bullous Disease Photos/pemphigus-foliaceous-8.jpg
4,E:\MedicalData\kagglechallenge\Dermnet\train/Cellulitis Impetigo and other Bacterial Infections/09cellulitis032706.jpg
4,E:\MedicalData\kagglechallenge\Dermnet\train/Cellulitis Impetigo and other Bacterial Infections/09EczemaInfected062804.jpg
4,E:\MedicalData\kagglechallenge\Dermnet\train/Cellulitis Impetigo and other Bacterial Infections/09EczemaInfected0628041.jpg
4,E:\MedicalData\kagglechallenge\Dermnet\train/Cellulitis Impetigo and other Bacterial Infections/09EczemaStaph010217.jpg
4,E:\MedicalData\kagglechallenge\Dermnet\train/Cellulitis Impetigo and other Bacterial Infections/09PseudomonasFoll.jpg
4,E:\MedicalData\kagglechallenge\Dermnet\train/Cellulitis Impetigo and other Bacterial Infections/9sporotrichoidMarinum87-GP3.jpg
4,E:\MedicalData\kagglechallenge\Dermnet\train/Cellulitis Impetigo and other Bacterial Infections/9sporotrichoidMarinum871-GP3.jpg
4,E:\MedicalData\kagglechallenge\Dermnet\train/Cellulitis Impetigo and other Bacterial Infections/atypical-mycobacterium-10.jpg
4,E:\MedicalData\kagglechallenge\Dermnet\train/Cellulitis Impetigo and other Bacterial Infections/atypical-mycobacterium-12.jpg
4,E:\MedicalData\kagglechallenge\Dermnet\train/Cellulitis Impetigo and other Bacterial Infections/atypical-mycobacterium-14.jpg
4,E:\MedicalData\kagglechallenge\Dermnet\train/Cellulitis Impetigo and other Bacterial Infections/atypical-mycobacterium-15.jpg
4,E:\MedicalData\kagglechallenge\Dermnet\train/Cellulitis Impetigo and other Bacterial Infections/atypical-mycobacterium-2.jpg
4,E:\MedicalData\kagglechallenge\Dermnet\train/Cellulitis Impetigo and other Bacterial Infections/atypical-mycobacterium-3.jpg
4,E:\MedicalData\kagglechallenge\Dermnet\train/Cellulitis Impetigo and other Bacterial Infections/atypical-mycobacterium-4.jpg
4,E:\MedicalData\kagglechallenge\Dermnet\train/Cellulitis Impetigo and other Bacterial Infections/atypical-mycobacterium-5.jpg
4,E:\MedicalData\kagglechallenge\Dermnet\train/Cellulitis Impetigo and other Bacterial Infections/atypical-mycobacterium-6.jpg
4,E:\MedicalData\kagglechallenge\Dermnet\train/Cellulitis Impetigo and other Bacterial Infections/atypical-mycobacterium-7.jpg
4,E:\MedicalData\kagglechallenge\Dermnet\train/Cellulitis Impetigo and other Bacterial Infections/atypical-mycobacterium-8.jpg
4,E:\MedicalData\kagglechallenge\Dermnet\train/Cellulitis Impetigo and other Bacterial Infections/atypical-mycobacterium-9.jpg
4,E:\MedicalData\kagglechallenge\Dermnet\train/Cellulitis Impetigo and other Bacterial Infections/Balanitis-Bacterial-1.jpg
4,E:\MedicalData\kagglechallenge\Dermnet\train/Cellulitis Impetigo and other Bacterial Infections/Balanitis-Bacterial-3.jpg
4,E:\MedicalData\kagglechallenge\Dermnet\train/Cellulitis Impetigo and other Bacterial Infections/Botryomycosis-Staph-2.jpg
4,E:\MedicalData\kagglechallenge\Dermnet\train/Cellulitis Impetigo and other Bacterial Infections/Cellulitis-13.jpg
4,E:\MedicalData\kagglechallenge\Dermnet\train/Cellulitis Impetigo and other Bacterial Infections/Cellulitis-15.jpg
4,E:\MedicalData\kagglechallenge\Dermnet\train/Cellulitis Impetigo and other Bacterial Infections/Cellulitis-16.jpg
4,E:\MedicalData\kagglechallenge\Dermnet\train/Cellulitis Impetigo and other Bacterial Infections/Cellulitis-2.jpg
4,E:\MedicalData\kagglechallenge\Dermnet\train/Cellulitis Impetigo and other Bacterial Infections/Cellulitis-5.jpg
4,E:\MedicalData\kagglechallenge\Dermnet\train/Cellulitis Impetigo and other Bacterial Infections/Cellulitis-6.jpg
4,E:\MedicalData\kagglechallenge\Dermnet\train/Cellulitis Impetigo and other Bacterial Infections/Cellulitis-7.jpg
4,E:\MedicalData\kagglechallenge\Dermnet\train/Cellulitis Impetigo and other Bacterial Infections/Cellulitis-8.jpg
4,E:\MedicalData\kagglechallenge\Dermnet\train/Cellulitis Impetigo and other Bacterial Infections/Cellulitis-9.jpg
4,E:\MedicalData\kagglechallenge\Dermnet\train/Cellulitis Impetigo and other Bacterial Infections/Ecthyma-1.jpg
4,E:\MedicalData\kagglechallenge\Dermnet\train/Cellulitis Impetigo and other Bacterial Infections/Ecthyma-Gangrenosum-1.jpg
4,E:\MedicalData\kagglechallenge\Dermnet\train/Cellulitis Impetigo and other Bacterial Infections/Erysipelas-1.jpg
4,E:\MedicalData\kagglechallenge\Dermnet\train/Cellulitis Impetigo and other Bacterial Infections/Erysipelas-10.jpg
4,E:\MedicalData\kagglechallenge\Dermnet\train/Cellulitis Impetigo and other Bacterial Infections/Erysipelas-11.jpg
4,E:\MedicalData\kagglechallenge\Dermnet\train/Cellulitis Impetigo and other Bacterial Infections/Erysipelas-2.jpg
4,E:\MedicalData\kagglechallenge\Dermnet\train/Cellulitis Impetigo and other Bacterial Infections/Erysipelas-5.jpg
4,E:\MedicalData\kagglechallenge\Dermnet\train/Cellulitis Impetigo and other Bacterial Infections/Erysipelas-8.jpg
4,E:\MedicalData\kagglechallenge\Dermnet\train/Cellulitis Impetigo and other Bacterial Infections/Erysipelas-9.jpg
4,E:\MedicalData\kagglechallenge\Dermnet\train/Cellulitis Impetigo and other Bacterial Infections/Erysipeloid-1.jpg
4,E:\MedicalData\kagglechallenge\Dermnet\train/Cellulitis Impetigo and other Bacterial Infections/Erysipeloid-3.jpg
4,E:\MedicalData\kagglechallenge\Dermnet\train/Cellulitis Impetigo and other Bacterial Infections/Erysipeloid-5.jpg
4,E:\MedicalData\kagglechallenge\Dermnet\train/Cellulitis Impetigo and other Bacterial Infections/Folliculitis-10.jpg
4,E:\MedicalData\kagglechallenge\Dermnet\train/Cellulitis Impetigo and other Bacterial Infections/Folliculitis-11.jpg
4,E:\MedicalData\kagglechallenge\Dermnet\train/Cellulitis Impetigo and other Bacterial Infections/Folliculitis-12.jpg
4,E:\MedicalData\kagglechallenge\Dermnet\train/Cellulitis Impetigo and other Bacterial Infections/Folliculitis-13.jpg
4,E:\MedicalData\kagglechallenge\Dermnet\train/Cellulitis Impetigo and other Bacterial Infections/Folliculitis-14.jpg
4,E:\MedicalData\kagglechallenge\Dermnet\train/Cellulitis Impetigo and other Bacterial Infections/Folliculitis-16.jpg
4,E:\MedicalData\kagglechallenge\Dermnet\train/Cellulitis Impetigo and other Bacterial Infections/Folliculitis-17.jpg
4,E:\MedicalData\kagglechallenge\Dermnet\train/Cellulitis Impetigo and other Bacterial Infections/Folliculitis-18.jpg
4,E:\MedicalData\kagglechallenge\Dermnet\train/Cellulitis Impetigo and other Bacterial Infections/Folliculitis-2.jpg
4,E:\MedicalData\kagglechallenge\Dermnet\train/Cellulitis Impetigo and other Bacterial Infections/Folliculitis-22.jpg
4,E:\MedicalData\kagglechallenge\Dermnet\train/Cellulitis Impetigo and other Bacterial Infections/Folliculitis-23.jpg
4,E:\MedicalData\kagglechallenge\Dermnet\train/Cellulitis Impetigo and other Bacterial Infections/Folliculitis-25.jpg
4,E:\MedicalData\kagglechallenge\Dermnet\train/Cellulitis Impetigo and other Bacterial Infections/Folliculitis-26.jpg
4,E:\MedicalData\kagglechallenge\Dermnet\train/Cellulitis Impetigo and other Bacterial Infections/Folliculitis-3.jpg
4,E:\MedicalData\kagglechallenge\Dermnet\train/Cellulitis Impetigo and other Bacterial Infections/Folliculitis-4.jpg
4,E:\MedicalData\kagglechallenge\Dermnet\train/Cellulitis Impetigo and other Bacterial Infections/Folliculitis-5.jpg
4,E:\MedicalData\kagglechallenge\Dermnet\train/Cellulitis Impetigo and other Bacterial Infections/Folliculitis-6.jpg
4,E:\MedicalData\kagglechallenge\Dermnet\train/Cellulitis Impetigo and other Bacterial Infections/Folliculitis-8.jpg
4,E:\MedicalData\kagglechallenge\Dermnet\train/Cellulitis Impetigo and other Bacterial Infections/Folliculitis-9.jpg
4,E:\MedicalData\kagglechallenge\Dermnet\train/Cellulitis Impetigo and other Bacterial Infections/Folliculitis-Gram-Negative-1.jpg
4,E:\MedicalData\kagglechallenge\Dermnet\train/Cellulitis Impetigo and other Bacterial Infections/Furuncles-Carbuncles-11.jpg
4,E:\MedicalData\kagglechallenge\Dermnet\train/Cellulitis Impetigo and other Bacterial Infections/Furuncles-Carbuncles-12.jpg
4,E:\MedicalData\kagglechallenge\Dermnet\train/Cellulitis Impetigo and other Bacterial Infections/Furuncles-Carbuncles-13.jpg
4,E:\MedicalData\kagglechallenge\Dermnet\train/Cellulitis Impetigo and other Bacterial Infections/Furuncles-Carbuncles-14.jpg
4,E:\MedicalData\kagglechallenge\Dermnet\train/Cellulitis Impetigo and other Bacterial Infections/Furuncles-Carbuncles-15.jpg
4,E:\MedicalData\kagglechallenge\Dermnet\train/Cellulitis Impetigo and other Bacterial Infections/Furuncles-Carbuncles-17.jpg
4,E:\MedicalData\kagglechallenge\Dermnet\train/Cellulitis Impetigo and other Bacterial Infections/Furuncles-Carbuncles-19.jpg
4,E:\MedicalData\kagglechallenge\Dermnet\train/Cellulitis Impetigo and other Bacterial Infections/Furuncles-Carbuncles-2.jpg
4,E:\MedicalData\kagglechallenge\Dermnet\train/Cellulitis Impetigo and other Bacterial Infections/Furuncles-Carbuncles-20.jpg
4,E:\MedicalData\kagglechallenge\Dermnet\train/Cellulitis Impetigo and other Bacterial Infections/Furuncles-Carbuncles-22.jpg
4,E:\MedicalData\kagglechallenge\Dermnet\train/Cellulitis Impetigo and other Bacterial Infections/Furuncles-Carbuncles-23.jpg
4,E:\MedicalData\kagglechallenge\Dermnet\train/Cellulitis Impetigo and other Bacterial Infections/Furuncles-Carbuncles-24.jpg
4,E:\MedicalData\kagglechallenge\Dermnet\train/Cellulitis Impetigo and other Bacterial Infections/Furuncles-Carbuncles-25.jpg
4,E:\MedicalData\kagglechallenge\Dermnet\train/Cellulitis Impetigo and other Bacterial Infections/Furuncles-Carbuncles-26.jpg
4,E:\MedicalData\kagglechallenge\Dermnet\train/Cellulitis Impetigo and other Bacterial Infections/Furuncles-Carbuncles-27.jpg
4,E:\MedicalData\kagglechallenge\Dermnet\train/Cellulitis Impetigo and other Bacterial Infections/Furuncles-Carbuncles-3.jpg
4,E:\MedicalData\kagglechallenge\Dermnet\train/Cellulitis Impetigo and other Bacterial Infections/Furuncles-Carbuncles-5.jpg
4,E:\MedicalData\kagglechallenge\Dermnet\train/Cellulitis Impetigo and other Bacterial Infections/Furuncles-Carbuncles-6.jpg
4,E:\MedicalData\kagglechallenge\Dermnet\train/Cellulitis Impetigo and other Bacterial Infections/Furuncles-Carbuncles-7.jpg
4,E:\MedicalData\kagglechallenge\Dermnet\train/Cellulitis Impetigo and other Bacterial Infections/HotTubIMG003-GP3.jpg
4,E:\MedicalData\kagglechallenge\Dermnet\train/Cellulitis Impetigo and other Bacterial Infections/HotTubIMG004-GP3.jpg
4,E:\MedicalData\kagglechallenge\Dermnet\train/Cellulitis Impetigo and other Bacterial Infections/HotTubIMG006-GP3.jpg
4,E:\MedicalData\kagglechallenge\Dermnet\train/Cellulitis Impetigo and other Bacterial Infections/impetigo-10.jpg
4,E:\MedicalData\kagglechallenge\Dermnet\train/Cellulitis Impetigo and other Bacterial Infections/impetigo-11.jpg
4,E:\MedicalData\kagglechallenge\Dermnet\train/Cellulitis Impetigo and other Bacterial Infections/impetigo-12.jpg
4,E:\MedicalData\kagglechallenge\Dermnet\train/Cellulitis Impetigo and other Bacterial Infections/impetigo-13.jpg
4,E:\MedicalData\kagglechallenge\Dermnet\train/Cellulitis Impetigo and other Bacterial Infections/impetigo-14.jpg
4,E:\MedicalData\kagglechallenge\Dermnet\train/Cellulitis Impetigo and other Bacterial Infections/impetigo-15.jpg
4,E:\MedicalData\kagglechallenge\Dermnet\train/Cellulitis Impetigo and other Bacterial Infections/impetigo-16.jpg
4,E:\MedicalData\kagglechallenge\Dermnet\train/Cellulitis Impetigo and other Bacterial Infections/impetigo-17.jpg
4,E:\MedicalData\kagglechallenge\Dermnet\train/Cellulitis Impetigo and other Bacterial Infections/impetigo-19.jpg
4,E:\MedicalData\kagglechallenge\Dermnet\train/Cellulitis Impetigo and other Bacterial Infections/impetigo-2.jpg
4,E:\MedicalData\kagglechallenge\Dermnet\train/Cellulitis Impetigo and other Bacterial Infections/impetigo-20.jpg
4,E:\MedicalData\kagglechallenge\Dermnet\train/Cellulitis Impetigo and other Bacterial Infections/impetigo-23.jpg
4,E:\MedicalData\kagglechallenge\Dermnet\train/Cellulitis Impetigo and other Bacterial Infections/impetigo-24.jpg
4,E:\MedicalData\kagglechallenge\Dermnet\train/Cellulitis Impetigo and other Bacterial Infections/impetigo-25.jpg
4,E:\MedicalData\kagglechallenge\Dermnet\train/Cellulitis Impetigo and other Bacterial Infections/impetigo-26.jpg
4,E:\MedicalData\kagglechallenge\Dermnet\train/Cellulitis Impetigo and other Bacterial Infections/impetigo-27.jpg
4,E:\MedicalData\kagglechallenge\Dermnet\train/Cellulitis Impetigo and other Bacterial Infections/impetigo-28.jpg
4,E:\MedicalData\kagglechallenge\Dermnet\train/Cellulitis Impetigo and other Bacterial Infections/impetigo-29.jpg
4,E:\MedicalData\kagglechallenge\Dermnet\train/Cellulitis Impetigo and other Bacterial Infections/impetigo-3.jpg
4,E:\MedicalData\kagglechallenge\Dermnet\train/Cellulitis Impetigo and other Bacterial Infections/impetigo-30.jpg
4,E:\MedicalData\kagglechallenge\Dermnet\train/Cellulitis Impetigo and other Bacterial Infections/impetigo-34.jpg
4,E:\MedicalData\kagglechallenge\Dermnet\train/Cellulitis Impetigo and other Bacterial Infections/impetigo-35.jpg
4,E:\MedicalData\kagglechallenge\Dermnet\train/Cellulitis Impetigo and other Bacterial Infections/impetigo-36.jpg
4,E:\MedicalData\kagglechallenge\Dermnet\train/Cellulitis Impetigo and other Bacterial Infections/impetigo-37.jpg
4,E:\MedicalData\kagglechallenge\Dermnet\train/Cellulitis Impetigo and other Bacterial Infections/impetigo-38.jpg
4,E:\MedicalData\kagglechallenge\Dermnet\train/Cellulitis Impetigo and other Bacterial Infections/impetigo-39.jpg
4,E:\MedicalData\kagglechallenge\Dermnet\train/Cellulitis Impetigo and other Bacterial Infections/impetigo-41.jpg
4,E:\MedicalData\kagglechallenge\Dermnet\train/Cellulitis Impetigo and other Bacterial Infections/impetigo-42.jpg
4,E:\MedicalData\kagglechallenge\Dermnet\train/Cellulitis Impetigo and other Bacterial Infections/impetigo-46.jpg
4,E:\MedicalData\kagglechallenge\Dermnet\train/Cellulitis Impetigo and other Bacterial Infections/impetigo-47.jpg
4,E:\MedicalData\kagglechallenge\Dermnet\train/Cellulitis Impetigo and other Bacterial Infections/impetigo-48.jpg
4,E:\MedicalData\kagglechallenge\Dermnet\train/Cellulitis Impetigo and other Bacterial Infections/impetigo-49.jpg
4,E:\MedicalData\kagglechallenge\Dermnet\train/Cellulitis Impetigo and other Bacterial Infections/impetigo-5.jpg
4,E:\MedicalData\kagglechallenge\Dermnet\train/Cellulitis Impetigo and other Bacterial Infections/impetigo-51.jpg
4,E:\MedicalData\kagglechallenge\Dermnet\train/Cellulitis Impetigo and other Bacterial Infections/impetigo-53.jpg
4,E:\MedicalData\kagglechallenge\Dermnet\train/Cellulitis Impetigo and other Bacterial Infections/impetigo-54.jpg
4,E:\MedicalData\kagglechallenge\Dermnet\train/Cellulitis Impetigo and other Bacterial Infections/impetigo-56.jpg
4,E:\MedicalData\kagglechallenge\Dermnet\train/Cellulitis Impetigo and other Bacterial Infections/impetigo-57.jpg
4,E:\MedicalData\kagglechallenge\Dermnet\train/Cellulitis Impetigo and other Bacterial Infections/impetigo-6.jpg
4,E:\MedicalData\kagglechallenge\Dermnet\train/Cellulitis Impetigo and other Bacterial Infections/impetigo-60.jpg
4,E:\MedicalData\kagglechallenge\Dermnet\train/Cellulitis Impetigo and other Bacterial Infections/impetigo-62.jpg
4,E:\MedicalData\kagglechallenge\Dermnet\train/Cellulitis Impetigo and other Bacterial Infections/impetigo-63.jpg
4,E:\MedicalData\kagglechallenge\Dermnet\train/Cellulitis Impetigo and other Bacterial Infections/impetigo-66.jpg
4,E:\MedicalData\kagglechallenge\Dermnet\train/Cellulitis Impetigo and other Bacterial Infections/impetigo-67.jpg
4,E:\MedicalData\kagglechallenge\Dermnet\train/Cellulitis Impetigo and other Bacterial Infections/impetigo-68.jpg
4,E:\MedicalData\kagglechallenge\Dermnet\train/Cellulitis Impetigo and other Bacterial Infections/impetigo-69.jpg
4,E:\MedicalData\kagglechallenge\Dermnet\train/Cellulitis Impetigo and other Bacterial Infections/impetigo-70.jpg
4,E:\MedicalData\kagglechallenge\Dermnet\train/Cellulitis Impetigo and other Bacterial Infections/impetigo-71.jpg
4,E:\MedicalData\kagglechallenge\Dermnet\train/Cellulitis Impetigo and other Bacterial Infections/impetigo-72.jpg
4,E:\MedicalData\kagglechallenge\Dermnet\train/Cellulitis Impetigo and other Bacterial Infections/impetigo-74.jpg
4,E:\MedicalData\kagglechallenge\Dermnet\train/Cellulitis Impetigo and other Bacterial Infections/impetigo-9.jpg
4,E:\MedicalData\kagglechallenge\Dermnet\train/Cellulitis Impetigo and other Bacterial Infections/Leprosy-1.jpg
4,E:\MedicalData\kagglechallenge\Dermnet\train/Cellulitis Impetigo and other Bacterial Infections/Leprosy-10.jpg
4,E:\MedicalData\kagglechallenge\Dermnet\train/Cellulitis Impetigo and other Bacterial Infections/Leprosy-11.jpg
4,E:\MedicalData\kagglechallenge\Dermnet\train/Cellulitis Impetigo and other Bacterial Infections/Leprosy-12.jpg
4,E:\MedicalData\kagglechallenge\Dermnet\train/Cellulitis Impetigo and other Bacterial Infections/Leprosy-14.jpg
4,E:\MedicalData\kagglechallenge\Dermnet\train/Cellulitis Impetigo and other Bacterial Infections/Leprosy-16.jpg
4,E:\MedicalData\kagglechallenge\Dermnet\train/Cellulitis Impetigo and other Bacterial Infections/Leprosy-17.jpg
4,E:\MedicalData\kagglechallenge\Dermnet\train/Cellulitis Impetigo and other Bacterial Infections/Leprosy-18.jpg
4,E:\MedicalData\kagglechallenge\Dermnet\train/Cellulitis Impetigo and other Bacterial Infections/Leprosy-20.jpg
4,E:\MedicalData\kagglechallenge\Dermnet\train/Cellulitis Impetigo and other Bacterial Infections/Leprosy-3.jpg
4,E:\MedicalData\kagglechallenge\Dermnet\train/Cellulitis Impetigo and other Bacterial Infections/Leprosy-6.jpg
4,E:\MedicalData\kagglechallenge\Dermnet\train/Cellulitis Impetigo and other Bacterial Infections/Leprosy-7.jpg
4,E:\MedicalData\kagglechallenge\Dermnet\train/Cellulitis Impetigo and other Bacterial Infections/Lupus-vulgaris-1.jpg
4,E:\MedicalData\kagglechallenge\Dermnet\train/Cellulitis Impetigo and other Bacterial Infections/Lupus-vulgaris-2.jpg
4,E:\MedicalData\kagglechallenge\Dermnet\train/Cellulitis Impetigo and other Bacterial Infections/lymphangitis-2.jpg
4,E:\MedicalData\kagglechallenge\Dermnet\train/Cellulitis Impetigo and other Bacterial Infections/meningococcemia-2.jpg
4,E:\MedicalData\kagglechallenge\Dermnet\train/Cellulitis Impetigo and other Bacterial Infections/meningococcemia-3.jpg
4,E:\MedicalData\kagglechallenge\Dermnet\train/Cellulitis Impetigo and other Bacterial Infections/meningococcemia-4.jpg
4,E:\MedicalData\kagglechallenge\Dermnet\train/Cellulitis Impetigo and other Bacterial Infections/meningococcemia-6.jpg
4,E:\MedicalData\kagglechallenge\Dermnet\train/Cellulitis Impetigo and other Bacterial Infections/meningococcemia-7.jpg
4,E:\MedicalData\kagglechallenge\Dermnet\train/Cellulitis Impetigo and other Bacterial Infections/meningococcemia-8.jpg
4,E:\MedicalData\kagglechallenge\Dermnet\train/Cellulitis Impetigo and other Bacterial Infections/meningococcemia-9.jpg
4,E:\MedicalData\kagglechallenge\Dermnet\train/Cellulitis Impetigo and other Bacterial Infections/otitis-externa-1.jpg
4,E:\MedicalData\kagglechallenge\Dermnet\train/Cellulitis Impetigo and other Bacterial Infections/otitis-externa-10.jpg
4,E:\MedicalData\kagglechallenge\Dermnet\train/Cellulitis Impetigo and other Bacterial Infections/otitis-externa-11.jpg
4,E:\MedicalData\kagglechallenge\Dermnet\train/Cellulitis Impetigo and other Bacterial Infections/otitis-externa-12.jpg
4,E:\MedicalData\kagglechallenge\Dermnet\train/Cellulitis Impetigo and other Bacterial Infections/otitis-externa-2.jpg
4,E:\MedicalData\kagglechallenge\Dermnet\train/Cellulitis Impetigo and other Bacterial Infections/otitis-externa-3.jpg
4,E:\MedicalData\kagglechallenge\Dermnet\train/Cellulitis Impetigo and other Bacterial Infections/otitis-externa-4.jpg
4,E:\MedicalData\kagglechallenge\Dermnet\train/Cellulitis Impetigo and other Bacterial Infections/otitis-externa-7.jpg
4,E:\MedicalData\kagglechallenge\Dermnet\train/Cellulitis Impetigo and other Bacterial Infections/otitis-externa-8.jpg
4,E:\MedicalData\kagglechallenge\Dermnet\train/Cellulitis Impetigo and other Bacterial Infections/otitis-externa-9.jpg
4,E:\MedicalData\kagglechallenge\Dermnet\train/Cellulitis Impetigo and other Bacterial Infections/pitted-keratolysis-1.jpg
4,E:\MedicalData\kagglechallenge\Dermnet\train/Cellulitis Impetigo and other Bacterial Infections/pitted-keratolysis-2.jpg
4,E:\MedicalData\kagglechallenge\Dermnet\train/Cellulitis Impetigo and other Bacterial Infections/pitted-keratolysis-3.jpg
4,E:\MedicalData\kagglechallenge\Dermnet\train/Cellulitis Impetigo and other Bacterial Infections/pitted-keratolysis-6.jpg
4,E:\MedicalData\kagglechallenge\Dermnet\train/Cellulitis Impetigo and other Bacterial Infections/Pseudomonas-Cellulitis-1.jpg
4,E:\MedicalData\kagglechallenge\Dermnet\train/Cellulitis Impetigo and other Bacterial Infections/Pseudomonas-Cellulitis-10.jpg
4,E:\MedicalData\kagglechallenge\Dermnet\train/Cellulitis Impetigo and other Bacterial Infections/Pseudomonas-Cellulitis-11.jpg
4,E:\MedicalData\kagglechallenge\Dermnet\train/Cellulitis Impetigo and other Bacterial Infections/Pseudomonas-Cellulitis-12.jpg
4,E:\MedicalData\kagglechallenge\Dermnet\train/Cellulitis Impetigo and other Bacterial Infections/Pseudomonas-Cellulitis-13.jpg
4,E:\MedicalData\kagglechallenge\Dermnet\train/Cellulitis Impetigo and other Bacterial Infections/Pseudomonas-Cellulitis-14.jpg
4,E:\MedicalData\kagglechallenge\Dermnet\train/Cellulitis Impetigo and other Bacterial Infections/Pseudomonas-Cellulitis-17.jpg
4,E:\MedicalData\kagglechallenge\Dermnet\train/Cellulitis Impetigo and other Bacterial Infections/Pseudomonas-Cellulitis-18.jpg
4,E:\MedicalData\kagglechallenge\Dermnet\train/Cellulitis Impetigo and other Bacterial Infections/Pseudomonas-Cellulitis-20.jpg
4,E:\MedicalData\kagglechallenge\Dermnet\train/Cellulitis Impetigo and other Bacterial Infections/Pseudomonas-Cellulitis-22.jpg
4,E:\MedicalData\kagglechallenge\Dermnet\train/Cellulitis Impetigo and other Bacterial Infections/Pseudomonas-Cellulitis-23.jpg
4,E:\MedicalData\kagglechallenge\Dermnet\train/Cellulitis Impetigo and other Bacterial Infections/Pseudomonas-Cellulitis-25.jpg
4,E:\MedicalData\kagglechallenge\Dermnet\train/Cellulitis Impetigo and other Bacterial Infections/Pseudomonas-Cellulitis-26.jpg
4,E:\MedicalData\kagglechallenge\Dermnet\train/Cellulitis Impetigo and other Bacterial Infections/Pseudomonas-Cellulitis-27.jpg
4,E:\MedicalData\kagglechallenge\Dermnet\train/Cellulitis Impetigo and other Bacterial Infections/Pseudomonas-Cellulitis-28.jpg
4,E:\MedicalData\kagglechallenge\Dermnet\train/Cellulitis Impetigo and other Bacterial Infections/Pseudomonas-Cellulitis-3.jpg
4,E:\MedicalData\kagglechallenge\Dermnet\train/Cellulitis Impetigo and other Bacterial Infections/Pseudomonas-Cellulitis-31.jpg
4,E:\MedicalData\kagglechallenge\Dermnet\train/Cellulitis Impetigo and other Bacterial Infections/Pseudomonas-Cellulitis-32.jpg
4,E:\MedicalData\kagglechallenge\Dermnet\train/Cellulitis Impetigo and other Bacterial Infections/Pseudomonas-Cellulitis-33.jpg
4,E:\MedicalData\kagglechallenge\Dermnet\train/Cellulitis Impetigo and other Bacterial Infections/Pseudomonas-Cellulitis-4.jpg
4,E:\MedicalData\kagglechallenge\Dermnet\train/Cellulitis Impetigo and other Bacterial Infections/Pseudomonas-Cellulitis-6.jpg
4,E:\MedicalData\kagglechallenge\Dermnet\train/Cellulitis Impetigo and other Bacterial Infections/Pseudomonas-Cellulitis-7.jpg
4,E:\MedicalData\kagglechallenge\Dermnet\train/Cellulitis Impetigo and other Bacterial Infections/Pseudomonas-Cellulitis-8.jpg
4,E:\MedicalData\kagglechallenge\Dermnet\train/Cellulitis Impetigo and other Bacterial Infections/Pseudomonas-Folliculitis-0015.jpg
4,E:\MedicalData\kagglechallenge\Dermnet\train/Cellulitis Impetigo and other Bacterial Infections/Pseudomonas-Folliculitis-0017.jpg
4,E:\MedicalData\kagglechallenge\Dermnet\train/Cellulitis Impetigo and other Bacterial Infections/Pseudomonas-Folliculitis-0019.jpg
4,E:\MedicalData\kagglechallenge\Dermnet\train/Cellulitis Impetigo and other Bacterial Infections/Pseudomonas-Folliculitis-0020.jpg
4,E:\MedicalData\kagglechallenge\Dermnet\train/Cellulitis Impetigo and other Bacterial Infections/Pseudomonas-Folliculitis-1.jpg
4,E:\MedicalData\kagglechallenge\Dermnet\train/Cellulitis Impetigo and other Bacterial Infections/Pseudomonas-Folliculitis-10.jpg
4,E:\MedicalData\kagglechallenge\Dermnet\train/Cellulitis Impetigo and other Bacterial Infections/Pseudomonas-Folliculitis-12.jpg
4,E:\MedicalData\kagglechallenge\Dermnet\train/Cellulitis Impetigo and other Bacterial Infections/Pseudomonas-Folliculitis-14.jpg
4,E:\MedicalData\kagglechallenge\Dermnet\train/Cellulitis Impetigo and other Bacterial Infections/Pseudomonas-Folliculitis-4.jpg
4,E:\MedicalData\kagglechallenge\Dermnet\train/Cellulitis Impetigo and other Bacterial Infections/Pseudomonas-Folliculitis-5.jpg
4,E:\MedicalData\kagglechallenge\Dermnet\train/Cellulitis Impetigo and other Bacterial Infections/Pseudomonas-Folliculitis-8.jpg
4,E:\MedicalData\kagglechallenge\Dermnet\train/Cellulitis Impetigo and other Bacterial Infections/Pseudomonas-Folliculitis-9.jpg
4,E:\MedicalData\kagglechallenge\Dermnet\train/Cellulitis Impetigo and other Bacterial Infections/Staphylococal-Diaper-Dermatitis-1.jpg
4,E:\MedicalData\kagglechallenge\Dermnet\train/Cellulitis Impetigo and other Bacterial Infections/Staphylococal-Diaper-Dermatitis-2.jpg
4,E:\MedicalData\kagglechallenge\Dermnet\train/Cellulitis Impetigo and other Bacterial Infections/Staphylococcal-Folliculitis-1.jpg
4,E:\MedicalData\kagglechallenge\Dermnet\train/Cellulitis Impetigo and other Bacterial Infections/Staphylococcal-Folliculitis-10.jpg
4,E:\MedicalData\kagglechallenge\Dermnet\train/Cellulitis Impetigo and other Bacterial Infections/Staphylococcal-Folliculitis-11.jpg
4,E:\MedicalData\kagglechallenge\Dermnet\train/Cellulitis Impetigo and other Bacterial Infections/Staphylococcal-Folliculitis-12.jpg
4,E:\MedicalData\kagglechallenge\Dermnet\train/Cellulitis Impetigo and other Bacterial Infections/Staphylococcal-Folliculitis-13.jpg
4,E:\MedicalData\kagglechallenge\Dermnet\train/Cellulitis Impetigo and other Bacterial Infections/Staphylococcal-Folliculitis-15.jpg
4,E:\MedicalData\kagglechallenge\Dermnet\train/Cellulitis Impetigo and other Bacterial Infections/Staphylococcal-Folliculitis-17.jpg
4,E:\MedicalData\kagglechallenge\Dermnet\train/Cellulitis Impetigo and other Bacterial Infections/Staphylococcal-Folliculitis-19.jpg
4,E:\MedicalData\kagglechallenge\Dermnet\train/Cellulitis Impetigo and other Bacterial Infections/Staphylococcal-Folliculitis-2.jpg
4,E:\MedicalData\kagglechallenge\Dermnet\train/Cellulitis Impetigo and other Bacterial Infections/Staphylococcal-Folliculitis-21.jpg
4,E:\MedicalData\kagglechallenge\Dermnet\train/Cellulitis Impetigo and other Bacterial Infections/Staphylococcal-Folliculitis-22.jpg
4,E:\MedicalData\kagglechallenge\Dermnet\train/Cellulitis Impetigo and other Bacterial Infections/Staphylococcal-Folliculitis-23.jpg
4,E:\MedicalData\kagglechallenge\Dermnet\train/Cellulitis Impetigo and other Bacterial Infections/Staphylococcal-Folliculitis-26.jpg
4,E:\MedicalData\kagglechallenge\Dermnet\train/Cellulitis Impetigo and other Bacterial Infections/Staphylococcal-Folliculitis-27.jpg
4,E:\MedicalData\kagglechallenge\Dermnet\train/Cellulitis Impetigo and other Bacterial Infections/Staphylococcal-Folliculitis-29.jpg
4,E:\MedicalData\kagglechallenge\Dermnet\train/Cellulitis Impetigo and other Bacterial Infections/Staphylococcal-Folliculitis-3.jpg
4,E:\MedicalData\kagglechallenge\Dermnet\train/Cellulitis Impetigo and other Bacterial Infections/Staphylococcal-Folliculitis-33.jpg
4,E:\MedicalData\kagglechallenge\Dermnet\train/Cellulitis Impetigo and other Bacterial Infections/Staphylococcal-Folliculitis-34.jpg
4,E:\MedicalData\kagglechallenge\Dermnet\train/Cellulitis Impetigo and other Bacterial Infections/Staphylococcal-Folliculitis-35.jpg
4,E:\MedicalData\kagglechallenge\Dermnet\train/Cellulitis Impetigo and other Bacterial Infections/Staphylococcal-Folliculitis-36.jpg
4,E:\MedicalData\kagglechallenge\Dermnet\train/Cellulitis Impetigo and other Bacterial Infections/Staphylococcal-Folliculitis-37.jpg
4,E:\MedicalData\kagglechallenge\Dermnet\train/Cellulitis Impetigo and other Bacterial Infections/Staphylococcal-Folliculitis-5.jpg
4,E:\MedicalData\kagglechallenge\Dermnet\train/Cellulitis Impetigo and other Bacterial Infections/Staphylococcal-Folliculitis-8.jpg
4,E:\MedicalData\kagglechallenge\Dermnet\train/Cellulitis Impetigo and other Bacterial Infections/Staphylococcal-Scalded-Skin-Syndrome-1.jpg
4,E:\MedicalData\kagglechallenge\Dermnet\train/Cellulitis Impetigo and other Bacterial Infections/Staphylococcal-Scalded-Skin-Syndrome-2.jpg
4,E:\MedicalData\kagglechallenge\Dermnet\train/Cellulitis Impetigo and other Bacterial Infections/Staphylococcal-Scalded-Skin-Syndrome-3.jpg
4,E:\MedicalData\kagglechallenge\Dermnet\train/Cellulitis Impetigo and other Bacterial Infections/Staphylococcal-Scalded-Skin-Syndrome-5.jpg
4,E:\MedicalData\kagglechallenge\Dermnet\train/Cellulitis Impetigo and other Bacterial Infections/Streptococci-Anal-Penis-2.jpg
4,E:\MedicalData\kagglechallenge\Dermnet\train/Cellulitis Impetigo and other Bacterial Infections/Sycosis-Barbae-1.jpg
4,E:\MedicalData\kagglechallenge\Dermnet\train/Cellulitis Impetigo and other Bacterial Infections/Sycosis-Barbae-13.jpg
4,E:\MedicalData\kagglechallenge\Dermnet\train/Cellulitis Impetigo and other Bacterial Infections/Sycosis-Barbae-15.jpg
4,E:\MedicalData\kagglechallenge\Dermnet\train/Cellulitis Impetigo and other Bacterial Infections/Sycosis-Barbae-16.jpg
4,E:\MedicalData\kagglechallenge\Dermnet\train/Cellulitis Impetigo and other Bacterial Infections/Sycosis-Barbae-17.jpg
4,E:\MedicalData\kagglechallenge\Dermnet\train/Cellulitis Impetigo and other Bacterial Infections/Sycosis-Barbae-18.jpg
4,E:\MedicalData\kagglechallenge\Dermnet\train/Cellulitis Impetigo and other Bacterial Infections/Sycosis-Barbae-19.jpg
4,E:\MedicalData\kagglechallenge\Dermnet\train/Cellulitis Impetigo and other Bacterial Infections/Sycosis-Barbae-2.jpg
4,E:\MedicalData\kagglechallenge\Dermnet\train/Cellulitis Impetigo and other Bacterial Infections/Sycosis-Barbae-21.jpg
4,E:\MedicalData\kagglechallenge\Dermnet\train/Cellulitis Impetigo and other Bacterial Infections/Sycosis-Barbae-3.jpg
4,E:\MedicalData\kagglechallenge\Dermnet\train/Cellulitis Impetigo and other Bacterial Infections/Sycosis-Barbae-6.jpg
4,E:\MedicalData\kagglechallenge\Dermnet\train/Cellulitis Impetigo and other Bacterial Infections/Sycosis-Barbae-8.jpg
4,E:\MedicalData\kagglechallenge\Dermnet\train/Cellulitis Impetigo and other Bacterial Infections/Sycosis-Barbae-9.jpg
4,E:\MedicalData\kagglechallenge\Dermnet\train/Cellulitis Impetigo and other Bacterial Infections/Sycosis-Barbae-Chin-2.jpg
5,E:\MedicalData\kagglechallenge\Dermnet\train/Eczema Photos/03AnalExcoriation051204.jpg
5,E:\MedicalData\kagglechallenge\Dermnet\train/Eczema Photos/03AnalExcoriation0512041.jpg
5,E:\MedicalData\kagglechallenge\Dermnet\train/Eczema Photos/03ChronicStaisis1.jpg
5,E:\MedicalData\kagglechallenge\Dermnet\train/Eczema Photos/03ContactDermLids1.jpg
5,E:\MedicalData\kagglechallenge\Dermnet\train/Eczema Photos/03DermatitisLids.jpg
5,E:\MedicalData\kagglechallenge\Dermnet\train/Eczema Photos/03Desquamation-01.jpg
5,E:\MedicalData\kagglechallenge\Dermnet\train/Eczema Photos/03Desquamation-02.jpg
5,E:\MedicalData\kagglechallenge\Dermnet\train/Eczema Photos/03Desquamation-035.jpg
5,E:\MedicalData\kagglechallenge\Dermnet\train/Eczema Photos/03Desquamation1234.jpg
5,E:\MedicalData\kagglechallenge\Dermnet\train/Eczema Photos/03Desquamation12341.jpg
5,E:\MedicalData\kagglechallenge\Dermnet\train/Eczema Photos/03eczema091205.jpg
5,E:\MedicalData\kagglechallenge\Dermnet\train/Eczema Photos/03Eczema0915.jpg
5,E:\MedicalData\kagglechallenge\Dermnet\train/Eczema Photos/03EczemaExcoriated.jpg
5,E:\MedicalData\kagglechallenge\Dermnet\train/Eczema Photos/03EczemaExcoriated011204.jpg
5,E:\MedicalData\kagglechallenge\Dermnet\train/Eczema Photos/04acidBurn89-GP3.jpg
5,E:\MedicalData\kagglechallenge\Dermnet\train/Eczema Photos/04acidBurn891-GP3.jpg
5,E:\MedicalData\kagglechallenge\Dermnet\train/Eczema Photos/05hyperkeratosis02010.jpg
5,E:\MedicalData\kagglechallenge\Dermnet\train/Eczema Photos/chapped-fissured-feet-1.jpg
5,E:\MedicalData\kagglechallenge\Dermnet\train/Eczema Photos/chapped-fissured-feet-10.jpg
5,E:\MedicalData\kagglechallenge\Dermnet\train/Eczema Photos/chapped-fissured-feet-11.jpg
5,E:\MedicalData\kagglechallenge\Dermnet\train/Eczema Photos/chapped-fissured-feet-12.jpg
5,E:\MedicalData\kagglechallenge\Dermnet\train/Eczema Photos/chapped-fissured-feet-14.jpg
5,E:\MedicalData\kagglechallenge\Dermnet\train/Eczema Photos/chapped-fissured-feet-15.jpg
5,E:\MedicalData\kagglechallenge\Dermnet\train/Eczema Photos/chapped-fissured-feet-17.jpg
5,E:\MedicalData\kagglechallenge\Dermnet\train/Eczema Photos/chapped-fissured-feet-18.jpg
5,E:\MedicalData\kagglechallenge\Dermnet\train/Eczema Photos/chapped-fissured-feet-20.jpg
5,E:\MedicalData\kagglechallenge\Dermnet\train/Eczema Photos/chapped-fissured-feet-21.jpg
5,E:\MedicalData\kagglechallenge\Dermnet\train/Eczema Photos/chapped-fissured-feet-22.jpg
5,E:\MedicalData\kagglechallenge\Dermnet\train/Eczema Photos/chapped-fissured-feet-24.jpg
5,E:\MedicalData\kagglechallenge\Dermnet\train/Eczema Photos/chapped-fissured-feet-25.jpg
5,E:\MedicalData\kagglechallenge\Dermnet\train/Eczema Photos/chapped-fissured-feet-26.jpg
5,E:\MedicalData\kagglechallenge\Dermnet\train/Eczema Photos/chapped-fissured-feet-28.jpg
5,E:\MedicalData\kagglechallenge\Dermnet\train/Eczema Photos/chapped-fissured-feet-29.jpg
5,E:\MedicalData\kagglechallenge\Dermnet\train/Eczema Photos/chapped-fissured-feet-3.jpg
5,E:\MedicalData\kagglechallenge\Dermnet\train/Eczema Photos/chapped-fissured-feet-30.jpg
5,E:\MedicalData\kagglechallenge\Dermnet\train/Eczema Photos/chapped-fissured-feet-31.jpg
5,E:\MedicalData\kagglechallenge\Dermnet\train/Eczema Photos/chapped-fissured-feet-32.jpg
5,E:\MedicalData\kagglechallenge\Dermnet\train/Eczema Photos/chapped-fissured-feet-34.jpg
5,E:\MedicalData\kagglechallenge\Dermnet\train/Eczema Photos/chapped-fissured-feet-4.jpg
5,E:\MedicalData\kagglechallenge\Dermnet\train/Eczema Photos/chapped-fissured-feet-5.jpg
5,E:\MedicalData\kagglechallenge\Dermnet\train/Eczema Photos/chapped-fissured-feet-6.jpg
5,E:\MedicalData\kagglechallenge\Dermnet\train/Eczema Photos/chapped-fissured-feet-7.jpg
5,E:\MedicalData\kagglechallenge\Dermnet\train/Eczema Photos/chapped-fissured-feet-8.jpg
5,E:\MedicalData\kagglechallenge\Dermnet\train/Eczema Photos/desquamation-1.jpg
5,E:\MedicalData\kagglechallenge\Dermnet\train/Eczema Photos/desquamation-2.jpg
5,E:\MedicalData\kagglechallenge\Dermnet\train/Eczema Photos/desquamation-3.jpg
5,E:\MedicalData\kagglechallenge\Dermnet\train/Eczema Photos/desquamation-6.jpg
5,E:\MedicalData\kagglechallenge\Dermnet\train/Eczema Photos/desquamation-7.jpg
5,E:\MedicalData\kagglechallenge\Dermnet\train/Eczema Photos/desquamation-8.jpg
5,E:\MedicalData\kagglechallenge\Dermnet\train/Eczema Photos/desquamation-9.jpg
5,E:\MedicalData\kagglechallenge\Dermnet\train/Eczema Photos/diaper-rash-1.jpg
5,E:\MedicalData\kagglechallenge\Dermnet\train/Eczema Photos/diaper-rash-2.jpg
5,E:\MedicalData\kagglechallenge\Dermnet\train/Eczema Photos/Dyshidrosis-1.jpg
5,E:\MedicalData\kagglechallenge\Dermnet\train/Eczema Photos/Dyshidrosis-10.jpg
5,E:\MedicalData\kagglechallenge\Dermnet\train/Eczema Photos/Dyshidrosis-11.jpg
5,E:\MedicalData\kagglechallenge\Dermnet\train/Eczema Photos/Dyshidrosis-12.jpg
5,E:\MedicalData\kagglechallenge\Dermnet\train/Eczema Photos/Dyshidrosis-15.jpg
5,E:\MedicalData\kagglechallenge\Dermnet\train/Eczema Photos/Dyshidrosis-16.jpg
5,E:\MedicalData\kagglechallenge\Dermnet\train/Eczema Photos/Dyshidrosis-17.jpg
5,E:\MedicalData\kagglechallenge\Dermnet\train/Eczema Photos/Dyshidrosis-18.jpg
5,E:\MedicalData\kagglechallenge\Dermnet\train/Eczema Photos/Dyshidrosis-19.jpg
5,E:\MedicalData\kagglechallenge\Dermnet\train/Eczema Photos/Dyshidrosis-20.jpg
5,E:\MedicalData\kagglechallenge\Dermnet\train/Eczema Photos/Dyshidrosis-21.jpg
5,E:\MedicalData\kagglechallenge\Dermnet\train/Eczema Photos/Dyshidrosis-23.jpg
5,E:\MedicalData\kagglechallenge\Dermnet\train/Eczema Photos/Dyshidrosis-24.jpg
5,E:\MedicalData\kagglechallenge\Dermnet\train/Eczema Photos/Dyshidrosis-25.jpg
5,E:\MedicalData\kagglechallenge\Dermnet\train/Eczema Photos/Dyshidrosis-26.jpg
5,E:\MedicalData\kagglechallenge\Dermnet\train/Eczema Photos/Dyshidrosis-27.jpg
5,E:\MedicalData\kagglechallenge\Dermnet\train/Eczema Photos/Dyshidrosis-28.jpg
5,E:\MedicalData\kagglechallenge\Dermnet\train/Eczema Photos/Dyshidrosis-29.jpg
5,E:\MedicalData\kagglechallenge\Dermnet\train/Eczema Photos/Dyshidrosis-30.jpg
5,E:\MedicalData\kagglechallenge\Dermnet\train/Eczema Photos/Dyshidrosis-32.jpg
5,E:\MedicalData\kagglechallenge\Dermnet\train/Eczema Photos/Dyshidrosis-33.jpg
5,E:\MedicalData\kagglechallenge\Dermnet\train/Eczema Photos/Dyshidrosis-34.jpg
5,E:\MedicalData\kagglechallenge\Dermnet\train/Eczema Photos/Dyshidrosis-36.jpg
5,E:\MedicalData\kagglechallenge\Dermnet\train/Eczema Photos/Dyshidrosis-37.jpg
5,E:\MedicalData\kagglechallenge\Dermnet\train/Eczema Photos/Dyshidrosis-39.jpg
5,E:\MedicalData\kagglechallenge\Dermnet\train/Eczema Photos/Dyshidrosis-4.jpg
5,E:\MedicalData\kagglechallenge\Dermnet\train/Eczema Photos/Dyshidrosis-40.jpg
5,E:\MedicalData\kagglechallenge\Dermnet\train/Eczema Photos/Dyshidrosis-41.jpg
5,E:\MedicalData\kagglechallenge\Dermnet\train/Eczema Photos/Dyshidrosis-42.jpg
5,E:\MedicalData\kagglechallenge\Dermnet\train/Eczema Photos/Dyshidrosis-43.jpg
5,E:\MedicalData\kagglechallenge\Dermnet\train/Eczema Photos/Dyshidrosis-44.jpg
5,E:\MedicalData\kagglechallenge\Dermnet\train/Eczema Photos/Dyshidrosis-45.jpg
5,E:\MedicalData\kagglechallenge\Dermnet\train/Eczema Photos/Dyshidrosis-46.jpg
5,E:\MedicalData\kagglechallenge\Dermnet\train/Eczema Photos/Dyshidrosis-48.jpg
5,E:\MedicalData\kagglechallenge\Dermnet\train/Eczema Photos/Dyshidrosis-50.jpg
5,E:\MedicalData\kagglechallenge\Dermnet\train/Eczema Photos/Dyshidrosis-51.jpg
5,E:\MedicalData\kagglechallenge\Dermnet\train/Eczema Photos/Dyshidrosis-52.jpg
5,E:\MedicalData\kagglechallenge\Dermnet\train/Eczema Photos/Dyshidrosis-53.jpg
5,E:\MedicalData\kagglechallenge\Dermnet\train/Eczema Photos/Dyshidrosis-55.jpg
5,E:\MedicalData\kagglechallenge\Dermnet\train/Eczema Photos/Dyshidrosis-56.jpg
5,E:\MedicalData\kagglechallenge\Dermnet\train/Eczema Photos/Dyshidrosis-57.jpg
5,E:\MedicalData\kagglechallenge\Dermnet\train/Eczema Photos/Dyshidrosis-58.jpg
5,E:\MedicalData\kagglechallenge\Dermnet\train/Eczema Photos/Dyshidrosis-59.jpg
5,E:\MedicalData\kagglechallenge\Dermnet\train/Eczema Photos/Dyshidrosis-6.jpg
5,E:\MedicalData\kagglechallenge\Dermnet\train/Eczema Photos/Dyshidrosis-7.jpg
5,E:\MedicalData\kagglechallenge\Dermnet\train/Eczema Photos/Dyshidrosis-9.jpg
5,E:\MedicalData\kagglechallenge\Dermnet\train/Eczema Photos/eczema-acute-1.jpg
5,E:\MedicalData\kagglechallenge\Dermnet\train/Eczema Photos/eczema-acute-11.jpg
5,E:\MedicalData\kagglechallenge\Dermnet\train/Eczema Photos/eczema-acute-12.jpg
5,E:\MedicalData\kagglechallenge\Dermnet\train/Eczema Photos/eczema-acute-13.jpg
5,E:\MedicalData\kagglechallenge\Dermnet\train/Eczema Photos/eczema-acute-14.jpg
5,E:\MedicalData\kagglechallenge\Dermnet\train/Eczema Photos/eczema-acute-15.jpg
5,E:\MedicalData\kagglechallenge\Dermnet\train/Eczema Photos/eczema-acute-2.jpg
5,E:\MedicalData\kagglechallenge\Dermnet\train/Eczema Photos/eczema-acute-20.jpg
5,E:\MedicalData\kagglechallenge\Dermnet\train/Eczema Photos/eczema-acute-21.jpg
5,E:\MedicalData\kagglechallenge\Dermnet\train/Eczema Photos/eczema-acute-22.jpg
5,E:\MedicalData\kagglechallenge\Dermnet\train/Eczema Photos/eczema-acute-23.jpg
5,E:\MedicalData\kagglechallenge\Dermnet\train/Eczema Photos/eczema-acute-3.jpg
5,E:\MedicalData\kagglechallenge\Dermnet\train/Eczema Photos/eczema-acute-6.jpg
5,E:\MedicalData\kagglechallenge\Dermnet\train/Eczema Photos/eczema-acute-8.jpg
5,E:\MedicalData\kagglechallenge\Dermnet\train/Eczema Photos/eczema-acute-9.jpg
5,E:\MedicalData\kagglechallenge\Dermnet\train/Eczema Photos/eczema-anal-1.jpg
5,E:\MedicalData\kagglechallenge\Dermnet\train/Eczema Photos/eczema-anal-2.jpg
5,E:\MedicalData\kagglechallenge\Dermnet\train/Eczema Photos/eczema-anal-3.jpg
5,E:\MedicalData\kagglechallenge\Dermnet\train/Eczema Photos/eczema-anal-4.jpg
5,E:\MedicalData\kagglechallenge\Dermnet\train/Eczema Photos/eczema-areola-1.jpg
5,E:\MedicalData\kagglechallenge\Dermnet\train/Eczema Photos/eczema-areola-11.jpg
5,E:\MedicalData\kagglechallenge\Dermnet\train/Eczema Photos/eczema-areola-12.jpg
5,E:\MedicalData\kagglechallenge\Dermnet\train/Eczema Photos/eczema-areola-14.jpg
5,E:\MedicalData\kagglechallenge\Dermnet\train/Eczema Photos/eczema-areola-15.jpg
5,E:\MedicalData\kagglechallenge\Dermnet\train/Eczema Photos/eczema-areola-16.jpg
5,E:\MedicalData\kagglechallenge\Dermnet\train/Eczema Photos/eczema-areola-19.jpg
5,E:\MedicalData\kagglechallenge\Dermnet\train/Eczema Photos/eczema-areola-2.jpg
5,E:\MedicalData\kagglechallenge\Dermnet\train/Eczema Photos/eczema-areola-20.jpg
5,E:\MedicalData\kagglechallenge\Dermnet\train/Eczema Photos/eczema-areola-22.jpg
5,E:\MedicalData\kagglechallenge\Dermnet\train/Eczema Photos/eczema-areola-3.jpg
5,E:\MedicalData\kagglechallenge\Dermnet\train/Eczema Photos/eczema-areola-4.jpg
5,E:\MedicalData\kagglechallenge\Dermnet\train/Eczema Photos/eczema-areola-6.jpg
5,E:\MedicalData\kagglechallenge\Dermnet\train/Eczema Photos/eczema-areola-7.jpg
5,E:\MedicalData\kagglechallenge\Dermnet\train/Eczema Photos/eczema-areola-8.jpg
5,E:\MedicalData\kagglechallenge\Dermnet\train/Eczema Photos/eczema-arms-1.jpg
5,E:\MedicalData\kagglechallenge\Dermnet\train/Eczema Photos/eczema-arms-11.jpg
5,E:\MedicalData\kagglechallenge\Dermnet\train/Eczema Photos/eczema-arms-13.jpg
5,E:\MedicalData\kagglechallenge\Dermnet\train/Eczema Photos/eczema-arms-14.jpg
5,E:\MedicalData\kagglechallenge\Dermnet\train/Eczema Photos/eczema-arms-2.jpg
5,E:\MedicalData\kagglechallenge\Dermnet\train/Eczema Photos/eczema-arms-3.jpg
5,E:\MedicalData\kagglechallenge\Dermnet\train/Eczema Photos/eczema-arms-7.jpg
5,E:\MedicalData\kagglechallenge\Dermnet\train/Eczema Photos/eczema-asteatotic-12.jpg
5,E:\MedicalData\kagglechallenge\Dermnet\train/Eczema Photos/eczema-asteatotic-13.jpg
5,E:\MedicalData\kagglechallenge\Dermnet\train/Eczema Photos/eczema-asteatotic-14.jpg
5,E:\MedicalData\kagglechallenge\Dermnet\train/Eczema Photos/eczema-asteatotic-15.jpg
5,E:\MedicalData\kagglechallenge\Dermnet\train/Eczema Photos/eczema-asteatotic-16.jpg
5,E:\MedicalData\kagglechallenge\Dermnet\train/Eczema Photos/eczema-asteatotic-19.jpg
5,E:\MedicalData\kagglechallenge\Dermnet\train/Eczema Photos/eczema-asteatotic-2.jpg
5,E:\MedicalData\kagglechallenge\Dermnet\train/Eczema Photos/eczema-asteatotic-21.jpg
5,E:\MedicalData\kagglechallenge\Dermnet\train/Eczema Photos/eczema-asteatotic-23.jpg
5,E:\MedicalData\kagglechallenge\Dermnet\train/Eczema Photos/eczema-asteatotic-26.jpg
5,E:\MedicalData\kagglechallenge\Dermnet\train/Eczema Photos/eczema-asteatotic-28.jpg
5,E:\MedicalData\kagglechallenge\Dermnet\train/Eczema Photos/eczema-asteatotic-29.jpg
5,E:\MedicalData\kagglechallenge\Dermnet\train/Eczema Photos/eczema-asteatotic-3.jpg
5,E:\MedicalData\kagglechallenge\Dermnet\train/Eczema Photos/eczema-asteatotic-30.jpg
5,E:\MedicalData\kagglechallenge\Dermnet\train/Eczema Photos/eczema-asteatotic-31.jpg
5,E:\MedicalData\kagglechallenge\Dermnet\train/Eczema Photos/eczema-asteatotic-33.jpg
5,E:\MedicalData\kagglechallenge\Dermnet\train/Eczema Photos/eczema-asteatotic-36.jpg
5,E:\MedicalData\kagglechallenge\Dermnet\train/Eczema Photos/eczema-asteatotic-39.jpg
5,E:\MedicalData\kagglechallenge\Dermnet\train/Eczema Photos/eczema-asteatotic-4.jpg
5,E:\MedicalData\kagglechallenge\Dermnet\train/Eczema Photos/eczema-asteatotic-40.jpg
5,E:\MedicalData\kagglechallenge\Dermnet\train/Eczema Photos/eczema-asteatotic-41.jpg
5,E:\MedicalData\kagglechallenge\Dermnet\train/Eczema Photos/eczema-asteatotic-42.jpg
5,E:\MedicalData\kagglechallenge\Dermnet\train/Eczema Photos/eczema-asteatotic-43.jpg
5,E:\MedicalData\kagglechallenge\Dermnet\train/Eczema Photos/eczema-asteatotic-44.jpg
5,E:\MedicalData\kagglechallenge\Dermnet\train/Eczema Photos/eczema-asteatotic-45.jpg
5,E:\MedicalData\kagglechallenge\Dermnet\train/Eczema Photos/eczema-asteatotic-46.jpg
5,E:\MedicalData\kagglechallenge\Dermnet\train/Eczema Photos/eczema-asteatotic-47.jpg
5,E:\MedicalData\kagglechallenge\Dermnet\train/Eczema Photos/eczema-asteatotic-49.jpg
5,E:\MedicalData\kagglechallenge\Dermnet\train/Eczema Photos/eczema-asteatotic-5.jpg
5,E:\MedicalData\kagglechallenge\Dermnet\train/Eczema Photos/eczema-asteatotic-50.jpg
5,E:\MedicalData\kagglechallenge\Dermnet\train/Eczema Photos/eczema-asteatotic-55.jpg
5,E:\MedicalData\kagglechallenge\Dermnet\train/Eczema Photos/eczema-asteatotic-56.jpg
5,E:\MedicalData\kagglechallenge\Dermnet\train/Eczema Photos/eczema-asteatotic-57.jpg
5,E:\MedicalData\kagglechallenge\Dermnet\train/Eczema Photos/eczema-asteatotic-6.jpg
5,E:\MedicalData\kagglechallenge\Dermnet\train/Eczema Photos/eczema-asteatotic-7.jpg
5,E:\MedicalData\kagglechallenge\Dermnet\train/Eczema Photos/eczema-asteatotic-8.jpg
5,E:\MedicalData\kagglechallenge\Dermnet\train/Eczema Photos/eczema-chronic-10.jpg
5,E:\MedicalData\kagglechallenge\Dermnet\train/Eczema Photos/eczema-chronic-11.jpg
5,E:\MedicalData\kagglechallenge\Dermnet\train/Eczema Photos/eczema-chronic-12.jpg
5,E:\MedicalData\kagglechallenge\Dermnet\train/Eczema Photos/eczema-chronic-13.jpg
5,E:\MedicalData\kagglechallenge\Dermnet\train/Eczema Photos/eczema-chronic-14.jpg
5,E:\MedicalData\kagglechallenge\Dermnet\train/Eczema Photos/eczema-chronic-17.jpg
5,E:\MedicalData\kagglechallenge\Dermnet\train/Eczema Photos/eczema-chronic-19.jpg
5,E:\MedicalData\kagglechallenge\Dermnet\train/Eczema Photos/eczema-chronic-21.jpg
5,E:\MedicalData\kagglechallenge\Dermnet\train/Eczema Photos/eczema-chronic-22.jpg
5,E:\MedicalData\kagglechallenge\Dermnet\train/Eczema Photos/eczema-chronic-23.jpg
5,E:\MedicalData\kagglechallenge\Dermnet\train/Eczema Photos/eczema-chronic-24.jpg
5,E:\MedicalData\kagglechallenge\Dermnet\train/Eczema Photos/eczema-chronic-26.jpg
5,E:\MedicalData\kagglechallenge\Dermnet\train/Eczema Photos/eczema-chronic-27.jpg
5,E:\MedicalData\kagglechallenge\Dermnet\train/Eczema Photos/eczema-chronic-28.jpg
5,E:\MedicalData\kagglechallenge\Dermnet\train/Eczema Photos/eczema-chronic-3.jpg
5,E:\MedicalData\kagglechallenge\Dermnet\train/Eczema Photos/eczema-chronic-30.jpg
5,E:\MedicalData\kagglechallenge\Dermnet\train/Eczema Photos/eczema-chronic-31.jpg
5,E:\MedicalData\kagglechallenge\Dermnet\train/Eczema Photos/eczema-chronic-32.jpg
5,E:\MedicalData\kagglechallenge\Dermnet\train/Eczema Photos/eczema-chronic-37.jpg
5,E:\MedicalData\kagglechallenge\Dermnet\train/Eczema Photos/eczema-chronic-38.jpg
5,E:\MedicalData\kagglechallenge\Dermnet\train/Eczema Photos/eczema-chronic-40.jpg
5,E:\MedicalData\kagglechallenge\Dermnet\train/Eczema Photos/eczema-chronic-44.jpg
5,E:\MedicalData\kagglechallenge\Dermnet\train/Eczema Photos/eczema-chronic-45.jpg
5,E:\MedicalData\kagglechallenge\Dermnet\train/Eczema Photos/eczema-chronic-48.jpg
5,E:\MedicalData\kagglechallenge\Dermnet\train/Eczema Photos/eczema-chronic-49.jpg
5,E:\MedicalData\kagglechallenge\Dermnet\train/Eczema Photos/eczema-chronic-5.jpg
5,E:\MedicalData\kagglechallenge\Dermnet\train/Eczema Photos/eczema-chronic-51.jpg
5,E:\MedicalData\kagglechallenge\Dermnet\train/Eczema Photos/eczema-chronic-52.jpg
5,E:\MedicalData\kagglechallenge\Dermnet\train/Eczema Photos/eczema-chronic-53.jpg
5,E:\MedicalData\kagglechallenge\Dermnet\train/Eczema Photos/eczema-chronic-6.jpg
5,E:\MedicalData\kagglechallenge\Dermnet\train/Eczema Photos/eczema-chronic-7.jpg
5,E:\MedicalData\kagglechallenge\Dermnet\train/Eczema Photos/eczema-chronic-8.jpg
5,E:\MedicalData\kagglechallenge\Dermnet\train/Eczema Photos/eczema-chronic-9.jpg
5,E:\MedicalData\kagglechallenge\Dermnet\train/Eczema Photos/eczema-ears-4.jpg
5,E:\MedicalData\kagglechallenge\Dermnet\train/Eczema Photos/eczema-ears-5.jpg
5,E:\MedicalData\kagglechallenge\Dermnet\train/Eczema Photos/eczema-face-1.jpg
5,E:\MedicalData\kagglechallenge\Dermnet\train/Eczema Photos/eczema-face-10.jpg
5,E:\MedicalData\kagglechallenge\Dermnet\train/Eczema Photos/eczema-face-2.jpg
5,E:\MedicalData\kagglechallenge\Dermnet\train/Eczema Photos/eczema-face-4.jpg
5,E:\MedicalData\kagglechallenge\Dermnet\train/Eczema Photos/eczema-face-5.jpg
5,E:\MedicalData\kagglechallenge\Dermnet\train/Eczema Photos/eczema-face-6.jpg
5,E:\MedicalData\kagglechallenge\Dermnet\train/Eczema Photos/eczema-face-7.jpg
5,E:\MedicalData\kagglechallenge\Dermnet\train/Eczema Photos/eczema-face-9.jpg
5,E:\MedicalData\kagglechallenge\Dermnet\train/Eczema Photos/eczema-fingertips-1.jpg
5,E:\MedicalData\kagglechallenge\Dermnet\train/Eczema Photos/eczema-fingertips-100.jpg
5,E:\MedicalData\kagglechallenge\Dermnet\train/Eczema Photos/eczema-fingertips-102.jpg
5,E:\MedicalData\kagglechallenge\Dermnet\train/Eczema Photos/eczema-fingertips-103.jpg
5,E:\MedicalData\kagglechallenge\Dermnet\train/Eczema Photos/eczema-fingertips-105.jpg
5,E:\MedicalData\kagglechallenge\Dermnet\train/Eczema Photos/eczema-fingertips-106.jpg
5,E:\MedicalData\kagglechallenge\Dermnet\train/Eczema Photos/eczema-fingertips-107.jpg
5,E:\MedicalData\kagglechallenge\Dermnet\train/Eczema Photos/eczema-fingertips-108.jpg
5,E:\MedicalData\kagglechallenge\Dermnet\train/Eczema Photos/eczema-fingertips-11.jpg
5,E:\MedicalData\kagglechallenge\Dermnet\train/Eczema Photos/eczema-fingertips-111.jpg
5,E:\MedicalData\kagglechallenge\Dermnet\train/Eczema Photos/eczema-fingertips-112.jpg
5,E:\MedicalData\kagglechallenge\Dermnet\train/Eczema Photos/eczema-fingertips-115.jpg
5,E:\MedicalData\kagglechallenge\Dermnet\train/Eczema Photos/eczema-fingertips-116.jpg
5,E:\MedicalData\kagglechallenge\Dermnet\train/Eczema Photos/eczema-fingertips-118.jpg
5,E:\MedicalData\kagglechallenge\Dermnet\train/Eczema Photos/eczema-fingertips-119.jpg
5,E:\MedicalData\kagglechallenge\Dermnet\train/Eczema Photos/eczema-fingertips-12.jpg
5,E:\MedicalData\kagglechallenge\Dermnet\train/Eczema Photos/eczema-fingertips-120.jpg
5,E:\MedicalData\kagglechallenge\Dermnet\train/Eczema Photos/eczema-fingertips-121.jpg
5,E:\MedicalData\kagglechallenge\Dermnet\train/Eczema Photos/eczema-fingertips-123.jpg
5,E:\MedicalData\kagglechallenge\Dermnet\train/Eczema Photos/eczema-fingertips-124.jpg
5,E:\MedicalData\kagglechallenge\Dermnet\train/Eczema Photos/eczema-fingertips-125.jpg
5,E:\MedicalData\kagglechallenge\Dermnet\train/Eczema Photos/eczema-fingertips-128.jpg
5,E:\MedicalData\kagglechallenge\Dermnet\train/Eczema Photos/eczema-fingertips-13.jpg
5,E:\MedicalData\kagglechallenge\Dermnet\train/Eczema Photos/eczema-fingertips-130.jpg
5,E:\MedicalData\kagglechallenge\Dermnet\train/Eczema Photos/eczema-fingertips-131.jpg
5,E:\MedicalData\kagglechallenge\Dermnet\train/Eczema Photos/eczema-fingertips-132.jpg
5,E:\MedicalData\kagglechallenge\Dermnet\train/Eczema Photos/eczema-fingertips-133.jpg
5,E:\MedicalData\kagglechallenge\Dermnet\train/Eczema Photos/eczema-fingertips-134.jpg
5,E:\MedicalData\kagglechallenge\Dermnet\train/Eczema Photos/eczema-fingertips-135.jpg
5,E:\MedicalData\kagglechallenge\Dermnet\train/Eczema Photos/eczema-fingertips-137.jpg
5,E:\MedicalData\kagglechallenge\Dermnet\train/Eczema Photos/eczema-fingertips-138.jpg
5,E:\MedicalData\kagglechallenge\Dermnet\train/Eczema Photos/eczema-fingertips-139.jpg
5,E:\MedicalData\kagglechallenge\Dermnet\train/Eczema Photos/eczema-fingertips-14.jpg
5,E:\MedicalData\kagglechallenge\Dermnet\train/Eczema Photos/eczema-fingertips-140.jpg
5,E:\MedicalData\kagglechallenge\Dermnet\train/Eczema Photos/eczema-fingertips-141.jpg
5,E:\MedicalData\kagglechallenge\Dermnet\train/Eczema Photos/eczema-fingertips-145.jpg
5,E:\MedicalData\kagglechallenge\Dermnet\train/Eczema Photos/eczema-fingertips-15.jpg
5,E:\MedicalData\kagglechallenge\Dermnet\train/Eczema Photos/eczema-fingertips-16.jpg
5,E:\MedicalData\kagglechallenge\Dermnet\train/Eczema Photos/eczema-fingertips-17.jpg
5,E:\MedicalData\kagglechallenge\Dermnet\train/Eczema Photos/eczema-fingertips-18.jpg
5,E:\MedicalData\kagglechallenge\Dermnet\train/Eczema Photos/eczema-fingertips-19.jpg
5,E:\MedicalData\kagglechallenge\Dermnet\train/Eczema Photos/eczema-fingertips-2.jpg
5,E:\MedicalData\kagglechallenge\Dermnet\train/Eczema Photos/eczema-fingertips-20.jpg
5,E:\MedicalData\kagglechallenge\Dermnet\train/Eczema Photos/eczema-fingertips-22.jpg
5,E:\MedicalData\kagglechallenge\Dermnet\train/Eczema Photos/eczema-fingertips-23.jpg
5,E:\MedicalData\kagglechallenge\Dermnet\train/Eczema Photos/eczema-fingertips-24.jpg
5,E:\MedicalData\kagglechallenge\Dermnet\train/Eczema Photos/eczema-fingertips-26.jpg
5,E:\MedicalData\kagglechallenge\Dermnet\train/Eczema Photos/eczema-fingertips-28.jpg
5,E:\MedicalData\kagglechallenge\Dermnet\train/Eczema Photos/eczema-fingertips-3.jpg
5,E:\MedicalData\kagglechallenge\Dermnet\train/Eczema Photos/eczema-fingertips-33.jpg
5,E:\MedicalData\kagglechallenge\Dermnet\train/Eczema Photos/eczema-fingertips-34.jpg
5,E:\MedicalData\kagglechallenge\Dermnet\train/Eczema Photos/eczema-fingertips-35.jpg
5,E:\MedicalData\kagglechallenge\Dermnet\train/Eczema Photos/eczema-fingertips-38.jpg
5,E:\MedicalData\kagglechallenge\Dermnet\train/Eczema Photos/eczema-fingertips-39.jpg
5,E:\MedicalData\kagglechallenge\Dermnet\train/Eczema Photos/eczema-fingertips-4.jpg
5,E:\MedicalData\kagglechallenge\Dermnet\train/Eczema Photos/eczema-fingertips-40.jpg
5,E:\MedicalData\kagglechallenge\Dermnet\train/Eczema Photos/eczema-fingertips-41.jpg
5,E:\MedicalData\kagglechallenge\Dermnet\train/Eczema Photos/eczema-fingertips-43.jpg
5,E:\MedicalData\kagglechallenge\Dermnet\train/Eczema Photos/eczema-fingertips-44.jpg
5,E:\MedicalData\kagglechallenge\Dermnet\train/Eczema Photos/eczema-fingertips-45.jpg
5,E:\MedicalData\kagglechallenge\Dermnet\train/Eczema Photos/eczema-fingertips-46.jpg
5,E:\MedicalData\kagglechallenge\Dermnet\train/Eczema Photos/eczema-fingertips-47.jpg
5,E:\MedicalData\kagglechallenge\Dermnet\train/Eczema Photos/eczema-fingertips-49.jpg
5,E:\MedicalData\kagglechallenge\Dermnet\train/Eczema Photos/eczema-fingertips-52.jpg
5,E:\MedicalData\kagglechallenge\Dermnet\train/Eczema Photos/eczema-fingertips-53.jpg
5,E:\MedicalData\kagglechallenge\Dermnet\train/Eczema Photos/eczema-fingertips-54.jpg
5,E:\MedicalData\kagglechallenge\Dermnet\train/Eczema Photos/eczema-fingertips-55.jpg
5,E:\MedicalData\kagglechallenge\Dermnet\train/Eczema Photos/eczema-fingertips-57.jpg
5,E:\MedicalData\kagglechallenge\Dermnet\train/Eczema Photos/eczema-fingertips-59.jpg
5,E:\MedicalData\kagglechallenge\Dermnet\train/Eczema Photos/eczema-fingertips-6.jpg
5,E:\MedicalData\kagglechallenge\Dermnet\train/Eczema Photos/eczema-fingertips-60.jpg
5,E:\MedicalData\kagglechallenge\Dermnet\train/Eczema Photos/eczema-fingertips-62.jpg
5,E:\MedicalData\kagglechallenge\Dermnet\train/Eczema Photos/eczema-fingertips-63.jpg
5,E:\MedicalData\kagglechallenge\Dermnet\train/Eczema Photos/eczema-fingertips-64.jpg
5,E:\MedicalData\kagglechallenge\Dermnet\train/Eczema Photos/eczema-fingertips-66.jpg
5,E:\MedicalData\kagglechallenge\Dermnet\train/Eczema Photos/eczema-fingertips-69.jpg
5,E:\MedicalData\kagglechallenge\Dermnet\train/Eczema Photos/eczema-fingertips-7.jpg
5,E:\MedicalData\kagglechallenge\Dermnet\train/Eczema Photos/eczema-fingertips-70.jpg
5,E:\MedicalData\kagglechallenge\Dermnet\train/Eczema Photos/eczema-fingertips-74.jpg
5,E:\MedicalData\kagglechallenge\Dermnet\train/Eczema Photos/eczema-fingertips-75.jpg
5,E:\MedicalData\kagglechallenge\Dermnet\train/Eczema Photos/eczema-fingertips-76.jpg
5,E:\MedicalData\kagglechallenge\Dermnet\train/Eczema Photos/eczema-fingertips-77.jpg
5,E:\MedicalData\kagglechallenge\Dermnet\train/Eczema Photos/eczema-fingertips-79.jpg
5,E:\MedicalData\kagglechallenge\Dermnet\train/Eczema Photos/eczema-fingertips-8.jpg
5,E:\MedicalData\kagglechallenge\Dermnet\train/Eczema Photos/eczema-fingertips-80.jpg
5,E:\MedicalData\kagglechallenge\Dermnet\train/Eczema Photos/eczema-fingertips-81.jpg
5,E:\MedicalData\kagglechallenge\Dermnet\train/Eczema Photos/eczema-fingertips-83.jpg
5,E:\MedicalData\kagglechallenge\Dermnet\train/Eczema Photos/eczema-fingertips-85.jpg
5,E:\MedicalData\kagglechallenge\Dermnet\train/Eczema Photos/eczema-fingertips-86.jpg
5,E:\MedicalData\kagglechallenge\Dermnet\train/Eczema Photos/eczema-fingertips-87.jpg
5,E:\MedicalData\kagglechallenge\Dermnet\train/Eczema Photos/eczema-fingertips-88.jpg
5,E:\MedicalData\kagglechallenge\Dermnet\train/Eczema Photos/eczema-fingertips-89.jpg
5,E:\MedicalData\kagglechallenge\Dermnet\train/Eczema Photos/eczema-fingertips-90.jpg
5,E:\MedicalData\kagglechallenge\Dermnet\train/Eczema Photos/eczema-fingertips-92.jpg
5,E:\MedicalData\kagglechallenge\Dermnet\train/Eczema Photos/eczema-fingertips-94.jpg
5,E:\MedicalData\kagglechallenge\Dermnet\train/Eczema Photos/eczema-fingertips-95.jpg
5,E:\MedicalData\kagglechallenge\Dermnet\train/Eczema Photos/eczema-fingertips-96.jpg
5,E:\MedicalData\kagglechallenge\Dermnet\train/Eczema Photos/eczema-fingertips-97.jpg
5,E:\MedicalData\kagglechallenge\Dermnet\train/Eczema Photos/eczema-fingertips-98.jpg
5,E:\MedicalData\kagglechallenge\Dermnet\train/Eczema Photos/eczema-fingertips-99.jpg
5,E:\MedicalData\kagglechallenge\Dermnet\train/Eczema Photos/eczema-foot-1.jpg
5,E:\MedicalData\kagglechallenge\Dermnet\train/Eczema Photos/eczema-foot-10.jpg
5,E:\MedicalData\kagglechallenge\Dermnet\train/Eczema Photos/eczema-foot-11.jpg
5,E:\MedicalData\kagglechallenge\Dermnet\train/Eczema Photos/eczema-foot-12.jpg
5,E:\MedicalData\kagglechallenge\Dermnet\train/Eczema Photos/eczema-foot-13.jpg
5,E:\MedicalData\kagglechallenge\Dermnet\train/Eczema Photos/eczema-foot-14.jpg
5,E:\MedicalData\kagglechallenge\Dermnet\train/Eczema Photos/eczema-foot-15.jpg
5,E:\MedicalData\kagglechallenge\Dermnet\train/Eczema Photos/eczema-foot-16.jpg
5,E:\MedicalData\kagglechallenge\Dermnet\train/Eczema Photos/eczema-foot-17.jpg
5,E:\MedicalData\kagglechallenge\Dermnet\train/Eczema Photos/eczema-foot-18.jpg
5,E:\MedicalData\kagglechallenge\Dermnet\train/Eczema Photos/eczema-foot-19.jpg
5,E:\MedicalData\kagglechallenge\Dermnet\train/Eczema Photos/eczema-foot-2.jpg
5,E:\MedicalData\kagglechallenge\Dermnet\train/Eczema Photos/eczema-foot-20.jpg
5,E:\MedicalData\kagglechallenge\Dermnet\train/Eczema Photos/eczema-foot-22.jpg
5,E:\MedicalData\kagglechallenge\Dermnet\train/Eczema Photos/eczema-foot-24.jpg
5,E:\MedicalData\kagglechallenge\Dermnet\train/Eczema Photos/eczema-foot-25.jpg
5,E:\MedicalData\kagglechallenge\Dermnet\train/Eczema Photos/eczema-foot-26.jpg
5,E:\MedicalData\kagglechallenge\Dermnet\train/Eczema Photos/eczema-foot-27.jpg
5,E:\MedicalData\kagglechallenge\Dermnet\train/Eczema Photos/eczema-foot-28.jpg
5,E:\MedicalData\kagglechallenge\Dermnet\train/Eczema Photos/eczema-foot-29.jpg
5,E:\MedicalData\kagglechallenge\Dermnet\train/Eczema Photos/eczema-foot-3.jpg
5,E:\MedicalData\kagglechallenge\Dermnet\train/Eczema Photos/eczema-foot-30.jpg
5,E:\MedicalData\kagglechallenge\Dermnet\train/Eczema Photos/eczema-foot-31.jpg
5,E:\MedicalData\kagglechallenge\Dermnet\train/Eczema Photos/eczema-foot-35.jpg
5,E:\MedicalData\kagglechallenge\Dermnet\train/Eczema Photos/eczema-foot-36.jpg
5,E:\MedicalData\kagglechallenge\Dermnet\train/Eczema Photos/eczema-foot-37.jpg
5,E:\MedicalData\kagglechallenge\Dermnet\train/Eczema Photos/eczema-foot-39.jpg
5,E:\MedicalData\kagglechallenge\Dermnet\train/Eczema Photos/eczema-foot-40.jpg
5,E:\MedicalData\kagglechallenge\Dermnet\train/Eczema Photos/eczema-foot-43.jpg
5,E:\MedicalData\kagglechallenge\Dermnet\train/Eczema Photos/eczema-foot-44.jpg
5,E:\MedicalData\kagglechallenge\Dermnet\train/Eczema Photos/eczema-foot-45.jpg
5,E:\MedicalData\kagglechallenge\Dermnet\train/Eczema Photos/eczema-foot-46.jpg
5,E:\MedicalData\kagglechallenge\Dermnet\train/Eczema Photos/eczema-foot-48.jpg
5,E:\MedicalData\kagglechallenge\Dermnet\train/Eczema Photos/eczema-foot-49.jpg
5,E:\MedicalData\kagglechallenge\Dermnet\train/Eczema Photos/eczema-foot-50.jpg
5,E:\MedicalData\kagglechallenge\Dermnet\train/Eczema Photos/eczema-foot-52.jpg
5,E:\MedicalData\kagglechallenge\Dermnet\train/Eczema Photos/eczema-foot-53.jpg
5,E:\MedicalData\kagglechallenge\Dermnet\train/Eczema Photos/eczema-foot-54.jpg
5,E:\MedicalData\kagglechallenge\Dermnet\train/Eczema Photos/eczema-foot-55.jpg
5,E:\MedicalData\kagglechallenge\Dermnet\train/Eczema Photos/eczema-foot-57.jpg
5,E:\MedicalData\kagglechallenge\Dermnet\train/Eczema Photos/eczema-foot-59.jpg
5,E:\MedicalData\kagglechallenge\Dermnet\train/Eczema Photos/eczema-foot-60.jpg
5,E:\MedicalData\kagglechallenge\Dermnet\train/Eczema Photos/eczema-foot-61.jpg
5,E:\MedicalData\kagglechallenge\Dermnet\train/Eczema Photos/eczema-foot-62.jpg
5,E:\MedicalData\kagglechallenge\Dermnet\train/Eczema Photos/eczema-foot-63.jpg
5,E:\MedicalData\kagglechallenge\Dermnet\train/Eczema Photos/eczema-foot-64.jpg
5,E:\MedicalData\kagglechallenge\Dermnet\train/Eczema Photos/eczema-foot-67.jpg
5,E:\MedicalData\kagglechallenge\Dermnet\train/Eczema Photos/eczema-foot-68.jpg
5,E:\MedicalData\kagglechallenge\Dermnet\train/Eczema Photos/eczema-foot-69.jpg
5,E:\MedicalData\kagglechallenge\Dermnet\train/Eczema Photos/eczema-foot-71.jpg
5,E:\MedicalData\kagglechallenge\Dermnet\train/Eczema Photos/eczema-foot-72.jpg
5,E:\MedicalData\kagglechallenge\Dermnet\train/Eczema Photos/eczema-foot-73.jpg
5,E:\MedicalData\kagglechallenge\Dermnet\train/Eczema Photos/eczema-foot-74.jpg
5,E:\MedicalData\kagglechallenge\Dermnet\train/Eczema Photos/eczema-foot-75.jpg
5,E:\MedicalData\kagglechallenge\Dermnet\train/Eczema Photos/eczema-foot-76.jpg
5,E:\MedicalData\kagglechallenge\Dermnet\train/Eczema Photos/eczema-foot-77.jpg
5,E:\MedicalData\kagglechallenge\Dermnet\train/Eczema Photos/eczema-foot-78.jpg
5,E:\MedicalData\kagglechallenge\Dermnet\train/Eczema Photos/eczema-foot-79.jpg
5,E:\MedicalData\kagglechallenge\Dermnet\train/Eczema Photos/eczema-foot-80.jpg
5,E:\MedicalData\kagglechallenge\Dermnet\train/Eczema Photos/eczema-foot-81.jpg
5,E:\MedicalData\kagglechallenge\Dermnet\train/Eczema Photos/eczema-foot-82.jpg
5,E:\MedicalData\kagglechallenge\Dermnet\train/Eczema Photos/eczema-foot-83.jpg
5,E:\MedicalData\kagglechallenge\Dermnet\train/Eczema Photos/eczema-foot-85.jpg
5,E:\MedicalData\kagglechallenge\Dermnet\train/Eczema Photos/eczema-foot-86.jpg
5,E:\MedicalData\kagglechallenge\Dermnet\train/Eczema Photos/eczema-foot-88.jpg
5,E:\MedicalData\kagglechallenge\Dermnet\train/Eczema Photos/eczema-foot-89.jpg
5,E:\MedicalData\kagglechallenge\Dermnet\train/Eczema Photos/eczema-foot-90.jpg
5,E:\MedicalData\kagglechallenge\Dermnet\train/Eczema Photos/eczema-foot-92.jpg
5,E:\MedicalData\kagglechallenge\Dermnet\train/Eczema Photos/eczema-foot-93.jpg
5,E:\MedicalData\kagglechallenge\Dermnet\train/Eczema Photos/eczema-foot-94.jpg
5,E:\MedicalData\kagglechallenge\Dermnet\train/Eczema Photos/eczema-foot-96.jpg
5,E:\MedicalData\kagglechallenge\Dermnet\train/Eczema Photos/eczema-foot-97.jpg
5,E:\MedicalData\kagglechallenge\Dermnet\train/Eczema Photos/eczema-foot-98.jpg
5,E:\MedicalData\kagglechallenge\Dermnet\train/Eczema Photos/eczema-hand-1.jpg
5,E:\MedicalData\kagglechallenge\Dermnet\train/Eczema Photos/eczema-hand-10.jpg
5,E:\MedicalData\kagglechallenge\Dermnet\train/Eczema Photos/eczema-hand-100.jpg
5,E:\MedicalData\kagglechallenge\Dermnet\train/Eczema Photos/eczema-hand-101.jpg
5,E:\MedicalData\kagglechallenge\Dermnet\train/Eczema Photos/eczema-hand-102.jpg
5,E:\MedicalData\kagglechallenge\Dermnet\train/Eczema Photos/eczema-hand-103.jpg
5,E:\MedicalData\kagglechallenge\Dermnet\train/Eczema Photos/eczema-hand-104.jpg
5,E:\MedicalData\kagglechallenge\Dermnet\train/Eczema Photos/eczema-hand-105.jpg
5,E:\MedicalData\kagglechallenge\Dermnet\train/Eczema Photos/eczema-hand-106.jpg
5,E:\MedicalData\kagglechallenge\Dermnet\train/Eczema Photos/eczema-hand-109.jpg
5,E:\MedicalData\kagglechallenge\Dermnet\train/Eczema Photos/eczema-hand-11.jpg
5,E:\MedicalData\kagglechallenge\Dermnet\train/Eczema Photos/eczema-hand-110.jpg
5,E:\MedicalData\kagglechallenge\Dermnet\train/Eczema Photos/eczema-hand-111.jpg
5,E:\MedicalData\kagglechallenge\Dermnet\train/Eczema Photos/eczema-hand-112.jpg
5,E:\MedicalData\kagglechallenge\Dermnet\train/Eczema Photos/eczema-hand-113.jpg
5,E:\MedicalData\kagglechallenge\Dermnet\train/Eczema Photos/eczema-hand-114.jpg
5,E:\MedicalData\kagglechallenge\Dermnet\train/Eczema Photos/eczema-hand-117.jpg
5,E:\MedicalData\kagglechallenge\Dermnet\train/Eczema Photos/eczema-hand-118.jpg
5,E:\MedicalData\kagglechallenge\Dermnet\train/Eczema Photos/eczema-hand-119.jpg
5,E:\MedicalData\kagglechallenge\Dermnet\train/Eczema Photos/eczema-hand-120.jpg
5,E:\MedicalData\kagglechallenge\Dermnet\train/Eczema Photos/eczema-hand-121.jpg
5,E:\MedicalData\kagglechallenge\Dermnet\train/Eczema Photos/eczema-hand-122.jpg
5,E:\MedicalData\kagglechallenge\Dermnet\train/Eczema Photos/eczema-hand-123.jpg
5,E:\MedicalData\kagglechallenge\Dermnet\train/Eczema Photos/eczema-hand-124.jpg
5,E:\MedicalData\kagglechallenge\Dermnet\train/Eczema Photos/eczema-hand-126.jpg
5,E:\MedicalData\kagglechallenge\Dermnet\train/Eczema Photos/eczema-hand-127.jpg
5,E:\MedicalData\kagglechallenge\Dermnet\train/Eczema Photos/eczema-hand-128.jpg
5,E:\MedicalData\kagglechallenge\Dermnet\train/Eczema Photos/eczema-hand-13.jpg
5,E:\MedicalData\kagglechallenge\Dermnet\train/Eczema Photos/eczema-hand-130.jpg
5,E:\MedicalData\kagglechallenge\Dermnet\train/Eczema Photos/eczema-hand-131.jpg
5,E:\MedicalData\kagglechallenge\Dermnet\train/Eczema Photos/eczema-hand-132.jpg
5,E:\MedicalData\kagglechallenge\Dermnet\train/Eczema Photos/eczema-hand-133.jpg
5,E:\MedicalData\kagglechallenge\Dermnet\train/Eczema Photos/eczema-hand-134.jpg
5,E:\MedicalData\kagglechallenge\Dermnet\train/Eczema Photos/eczema-hand-135.jpg
5,E:\MedicalData\kagglechallenge\Dermnet\train/Eczema Photos/eczema-hand-136.jpg
5,E:\MedicalData\kagglechallenge\Dermnet\train/Eczema Photos/eczema-hand-137.jpg
5,E:\MedicalData\kagglechallenge\Dermnet\train/Eczema Photos/eczema-hand-14.jpg
5,E:\MedicalData\kagglechallenge\Dermnet\train/Eczema Photos/eczema-hand-141.jpg
5,E:\MedicalData\kagglechallenge\Dermnet\train/Eczema Photos/eczema-hand-142.jpg
5,E:\MedicalData\kagglechallenge\Dermnet\train/Eczema Photos/eczema-hand-144.jpg
5,E:\MedicalData\kagglechallenge\Dermnet\train/Eczema Photos/eczema-hand-146.jpg
5,E:\MedicalData\kagglechallenge\Dermnet\train/Eczema Photos/eczema-hand-148.jpg
5,E:\MedicalData\kagglechallenge\Dermnet\train/Eczema Photos/eczema-hand-149.jpg
5,E:\MedicalData\kagglechallenge\Dermnet\train/Eczema Photos/eczema-hand-15.jpg
5,E:\MedicalData\kagglechallenge\Dermnet\train/Eczema Photos/eczema-hand-151.jpg
5,E:\MedicalData\kagglechallenge\Dermnet\train/Eczema Photos/eczema-hand-153.jpg
5,E:\MedicalData\kagglechallenge\Dermnet\train/Eczema Photos/eczema-hand-155.jpg
5,E:\MedicalData\kagglechallenge\Dermnet\train/Eczema Photos/eczema-hand-156.jpg
5,E:\MedicalData\kagglechallenge\Dermnet\train/Eczema Photos/eczema-hand-158.jpg
5,E:\MedicalData\kagglechallenge\Dermnet\train/Eczema Photos/eczema-hand-16.jpg
5,E:\MedicalData\kagglechallenge\Dermnet\train/Eczema Photos/eczema-hand-160.jpg
5,E:\MedicalData\kagglechallenge\Dermnet\train/Eczema Photos/eczema-hand-161.jpg
5,E:\MedicalData\kagglechallenge\Dermnet\train/Eczema Photos/eczema-hand-162.jpg
5,E:\MedicalData\kagglechallenge\Dermnet\train/Eczema Photos/eczema-hand-164.jpg
5,E:\MedicalData\kagglechallenge\Dermnet\train/Eczema Photos/eczema-hand-165.jpg
5,E:\MedicalData\kagglechallenge\Dermnet\train/Eczema Photos/eczema-hand-166.jpg
5,E:\MedicalData\kagglechallenge\Dermnet\train/Eczema Photos/eczema-hand-167.jpg
5,E:\MedicalData\kagglechallenge\Dermnet\train/Eczema Photos/eczema-hand-168.jpg
5,E:\MedicalData\kagglechallenge\Dermnet\train/Eczema Photos/eczema-hand-169.jpg
5,E:\MedicalData\kagglechallenge\Dermnet\train/Eczema Photos/eczema-hand-17.jpg
5,E:\MedicalData\kagglechallenge\Dermnet\train/Eczema Photos/eczema-hand-170.jpg
5,E:\MedicalData\kagglechallenge\Dermnet\train/Eczema Photos/eczema-hand-171.jpg
5,E:\MedicalData\kagglechallenge\Dermnet\train/Eczema Photos/eczema-hand-172.jpg
5,E:\MedicalData\kagglechallenge\Dermnet\train/Eczema Photos/eczema-hand-173.jpg
5,E:\MedicalData\kagglechallenge\Dermnet\train/Eczema Photos/eczema-hand-174.jpg
5,E:\MedicalData\kagglechallenge\Dermnet\train/Eczema Photos/eczema-hand-175.jpg
5,E:\MedicalData\kagglechallenge\Dermnet\train/Eczema Photos/eczema-hand-176.jpg
5,E:\MedicalData\kagglechallenge\Dermnet\train/Eczema Photos/eczema-hand-178.jpg
5,E:\MedicalData\kagglechallenge\Dermnet\train/Eczema Photos/eczema-hand-179.jpg
5,E:\MedicalData\kagglechallenge\Dermnet\train/Eczema Photos/eczema-hand-18.jpg
5,E:\MedicalData\kagglechallenge\Dermnet\train/Eczema Photos/eczema-hand-180.jpg
5,E:\MedicalData\kagglechallenge\Dermnet\train/Eczema Photos/eczema-hand-182.jpg
5,E:\MedicalData\kagglechallenge\Dermnet\train/Eczema Photos/eczema-hand-183.jpg
5,E:\MedicalData\kagglechallenge\Dermnet\train/Eczema Photos/eczema-hand-184.jpg
5,E:\MedicalData\kagglechallenge\Dermnet\train/Eczema Photos/eczema-hand-185.jpg
5,E:\MedicalData\kagglechallenge\Dermnet\train/Eczema Photos/eczema-hand-187.jpg
5,E:\MedicalData\kagglechallenge\Dermnet\train/Eczema Photos/eczema-hand-188.jpg
5,E:\MedicalData\kagglechallenge\Dermnet\train/Eczema Photos/eczema-hand-189.jpg
5,E:\MedicalData\kagglechallenge\Dermnet\train/Eczema Photos/eczema-hand-19.jpg
5,E:\MedicalData\kagglechallenge\Dermnet\train/Eczema Photos/eczema-hand-190.jpg
5,E:\MedicalData\kagglechallenge\Dermnet\train/Eczema Photos/eczema-hand-191.jpg
5,E:\MedicalData\kagglechallenge\Dermnet\train/Eczema Photos/eczema-hand-193.jpg
5,E:\MedicalData\kagglechallenge\Dermnet\train/Eczema Photos/eczema-hand-194.jpg
5,E:\MedicalData\kagglechallenge\Dermnet\train/Eczema Photos/eczema-hand-196.jpg
5,E:\MedicalData\kagglechallenge\Dermnet\train/Eczema Photos/eczema-hand-197.jpg
5,E:\MedicalData\kagglechallenge\Dermnet\train/Eczema Photos/eczema-hand-86.jpg
5,E:\MedicalData\kagglechallenge\Dermnet\train/Eczema Photos/eczema-hand-88.jpg
5,E:\MedicalData\kagglechallenge\Dermnet\train/Eczema Photos/eczema-hand-90.jpg
5,E:\MedicalData\kagglechallenge\Dermnet\train/Eczema Photos/eczema-hand-92.jpg
5,E:\MedicalData\kagglechallenge\Dermnet\train/Eczema Photos/eczema-hand-95.jpg
5,E:\MedicalData\kagglechallenge\Dermnet\train/Eczema Photos/eczema-hand-96.jpg
5,E:\MedicalData\kagglechallenge\Dermnet\train/Eczema Photos/eczema-hand-97.jpg
5,E:\MedicalData\kagglechallenge\Dermnet\train/Eczema Photos/eczema-hand-98.jpg
5,E:\MedicalData\kagglechallenge\Dermnet\train/Eczema Photos/eczema-hand-99.jpg
5,E:\MedicalData\kagglechallenge\Dermnet\train/Eczema Photos/eczema-histology-1.jpg
5,E:\MedicalData\kagglechallenge\Dermnet\train/Eczema Photos/eczema-histology-2.jpg
5,E:\MedicalData\kagglechallenge\Dermnet\train/Eczema Photos/eczema-histology-3.jpg
5,E:\MedicalData\kagglechallenge\Dermnet\train/Eczema Photos/eczema-histology-4.jpg
5,E:\MedicalData\kagglechallenge\Dermnet\train/Eczema Photos/eczema-histology-5.jpg
5,E:\MedicalData\kagglechallenge\Dermnet\train/Eczema Photos/eczema-histology-6.jpg
5,E:\MedicalData\kagglechallenge\Dermnet\train/Eczema Photos/eczema-hyperkeratotic-1.jpg
5,E:\MedicalData\kagglechallenge\Dermnet\train/Eczema Photos/eczema-hyperkeratotic-2.jpg
5,E:\MedicalData\kagglechallenge\Dermnet\train/Eczema Photos/eczema-impetiginized-10.jpg
5,E:\MedicalData\kagglechallenge\Dermnet\train/Eczema Photos/eczema-impetiginized-13.jpg
5,E:\MedicalData\kagglechallenge\Dermnet\train/Eczema Photos/eczema-impetiginized-2.jpg
5,E:\MedicalData\kagglechallenge\Dermnet\train/Eczema Photos/eczema-impetiginized-3.jpg
5,E:\MedicalData\kagglechallenge\Dermnet\train/Eczema Photos/eczema-impetiginized-7.jpg
5,E:\MedicalData\kagglechallenge\Dermnet\train/Eczema Photos/eczema-leg-1.jpg
5,E:\MedicalData\kagglechallenge\Dermnet\train/Eczema Photos/eczema-leg-11.jpg
5,E:\MedicalData\kagglechallenge\Dermnet\train/Eczema Photos/eczema-leg-12.jpg
5,E:\MedicalData\kagglechallenge\Dermnet\train/Eczema Photos/eczema-leg-13.jpg
5,E:\MedicalData\kagglechallenge\Dermnet\train/Eczema Photos/eczema-leg-16.jpg
5,E:\MedicalData\kagglechallenge\Dermnet\train/Eczema Photos/eczema-leg-17.jpg
5,E:\MedicalData\kagglechallenge\Dermnet\train/Eczema Photos/eczema-leg-18.jpg
5,E:\MedicalData\kagglechallenge\Dermnet\train/Eczema Photos/eczema-leg-19.jpg
5,E:\MedicalData\kagglechallenge\Dermnet\train/Eczema Photos/eczema-leg-2.jpg
5,E:\MedicalData\kagglechallenge\Dermnet\train/Eczema Photos/eczema-leg-20.jpg
5,E:\MedicalData\kagglechallenge\Dermnet\train/Eczema Photos/eczema-leg-4.jpg
5,E:\MedicalData\kagglechallenge\Dermnet\train/Eczema Photos/eczema-leg-5.jpg
5,E:\MedicalData\kagglechallenge\Dermnet\train/Eczema Photos/eczema-leg-6.jpg
5,E:\MedicalData\kagglechallenge\Dermnet\train/Eczema Photos/eczema-leg-7.jpg
5,E:\MedicalData\kagglechallenge\Dermnet\train/Eczema Photos/eczema-leg-8.jpg
5,E:\MedicalData\kagglechallenge\Dermnet\train/Eczema Photos/eczema-leg-9.jpg
5,E:\MedicalData\kagglechallenge\Dermnet\train/Eczema Photos/eczema-lids-10.jpg
5,E:\MedicalData\kagglechallenge\Dermnet\train/Eczema Photos/eczema-lids-11.jpg
5,E:\MedicalData\kagglechallenge\Dermnet\train/Eczema Photos/eczema-lids-14.jpg
5,E:\MedicalData\kagglechallenge\Dermnet\train/Eczema Photos/eczema-lids-2.jpg
5,E:\MedicalData\kagglechallenge\Dermnet\train/Eczema Photos/eczema-lids-3.jpg
5,E:\MedicalData\kagglechallenge\Dermnet\train/Eczema Photos/eczema-lids-4.jpg
5,E:\MedicalData\kagglechallenge\Dermnet\train/Eczema Photos/eczema-lids-5.jpg
5,E:\MedicalData\kagglechallenge\Dermnet\train/Eczema Photos/eczema-lids-6.jpg
5,E:\MedicalData\kagglechallenge\Dermnet\train/Eczema Photos/eczema-lids-7.jpg
5,E:\MedicalData\kagglechallenge\Dermnet\train/Eczema Photos/eczema-lids-8.jpg
5,E:\MedicalData\kagglechallenge\Dermnet\train/Eczema Photos/eczema-lids-9.jpg
5,E:\MedicalData\kagglechallenge\Dermnet\train/Eczema Photos/eczema-nummular-1.jpg
5,E:\MedicalData\kagglechallenge\Dermnet\train/Eczema Photos/eczema-nummular-10.jpg
5,E:\MedicalData\kagglechallenge\Dermnet\train/Eczema Photos/eczema-nummular-104.jpg
5,E:\MedicalData\kagglechallenge\Dermnet\train/Eczema Photos/eczema-nummular-105.jpg
5,E:\MedicalData\kagglechallenge\Dermnet\train/Eczema Photos/eczema-nummular-106.jpg
5,E:\MedicalData\kagglechallenge\Dermnet\train/Eczema Photos/eczema-nummular-107.jpg
5,E:\MedicalData\kagglechallenge\Dermnet\train/Eczema Photos/eczema-nummular-108.jpg
5,E:\MedicalData\kagglechallenge\Dermnet\train/Eczema Photos/eczema-nummular-109.jpg
5,E:\MedicalData\kagglechallenge\Dermnet\train/Eczema Photos/eczema-nummular-110.jpg
5,E:\MedicalData\kagglechallenge\Dermnet\train/Eczema Photos/eczema-nummular-111.jpg
5,E:\MedicalData\kagglechallenge\Dermnet\train/Eczema Photos/eczema-nummular-113.jpg
5,E:\MedicalData\kagglechallenge\Dermnet\train/Eczema Photos/eczema-nummular-115.jpg
5,E:\MedicalData\kagglechallenge\Dermnet\train/Eczema Photos/eczema-nummular-116.jpg
5,E:\MedicalData\kagglechallenge\Dermnet\train/Eczema Photos/eczema-nummular-117.jpg
5,E:\MedicalData\kagglechallenge\Dermnet\train/Eczema Photos/eczema-nummular-118.jpg
5,E:\MedicalData\kagglechallenge\Dermnet\train/Eczema Photos/eczema-nummular-12.jpg
5,E:\MedicalData\kagglechallenge\Dermnet\train/Eczema Photos/eczema-nummular-121.jpg
5,E:\MedicalData\kagglechallenge\Dermnet\train/Eczema Photos/eczema-nummular-122.jpg
5,E:\MedicalData\kagglechallenge\Dermnet\train/Eczema Photos/eczema-nummular-123.jpg
5,E:\MedicalData\kagglechallenge\Dermnet\train/Eczema Photos/eczema-nummular-124.jpg
5,E:\MedicalData\kagglechallenge\Dermnet\train/Eczema Photos/eczema-nummular-125.jpg
5,E:\MedicalData\kagglechallenge\Dermnet\train/Eczema Photos/eczema-nummular-126.jpg
5,E:\MedicalData\kagglechallenge\Dermnet\train/Eczema Photos/eczema-nummular-128.jpg
5,E:\MedicalData\kagglechallenge\Dermnet\train/Eczema Photos/eczema-nummular-13.jpg
5,E:\MedicalData\kagglechallenge\Dermnet\train/Eczema Photos/eczema-nummular-131.jpg
5,E:\MedicalData\kagglechallenge\Dermnet\train/Eczema Photos/eczema-nummular-134.jpg
5,E:\MedicalData\kagglechallenge\Dermnet\train/Eczema Photos/eczema-nummular-135.jpg
5,E:\MedicalData\kagglechallenge\Dermnet\train/Eczema Photos/eczema-nummular-138.jpg
5,E:\MedicalData\kagglechallenge\Dermnet\train/Eczema Photos/eczema-nummular-139.jpg
5,E:\MedicalData\kagglechallenge\Dermnet\train/Eczema Photos/eczema-nummular-143.jpg
5,E:\MedicalData\kagglechallenge\Dermnet\train/Eczema Photos/eczema-nummular-144.jpg
5,E:\MedicalData\kagglechallenge\Dermnet\train/Eczema Photos/eczema-nummular-145.jpg
5,E:\MedicalData\kagglechallenge\Dermnet\train/Eczema Photos/eczema-nummular-146.jpg
5,E:\MedicalData\kagglechallenge\Dermnet\train/Eczema Photos/eczema-nummular-148.jpg
5,E:\MedicalData\kagglechallenge\Dermnet\train/Eczema Photos/eczema-nummular-15.jpg
5,E:\MedicalData\kagglechallenge\Dermnet\train/Eczema Photos/eczema-nummular-150.jpg
5,E:\MedicalData\kagglechallenge\Dermnet\train/Eczema Photos/eczema-nummular-152.jpg
5,E:\MedicalData\kagglechallenge\Dermnet\train/Eczema Photos/eczema-nummular-153.jpg
5,E:\MedicalData\kagglechallenge\Dermnet\train/Eczema Photos/eczema-nummular-154.jpg
5,E:\MedicalData\kagglechallenge\Dermnet\train/Eczema Photos/eczema-nummular-155.jpg
5,E:\MedicalData\kagglechallenge\Dermnet\train/Eczema Photos/eczema-nummular-156.jpg
5,E:\MedicalData\kagglechallenge\Dermnet\train/Eczema Photos/eczema-nummular-158.jpg
5,E:\MedicalData\kagglechallenge\Dermnet\train/Eczema Photos/eczema-nummular-16.jpg
5,E:\MedicalData\kagglechallenge\Dermnet\train/Eczema Photos/eczema-nummular-160.jpg
5,E:\MedicalData\kagglechallenge\Dermnet\train/Eczema Photos/eczema-nummular-162.jpg
5,E:\MedicalData\kagglechallenge\Dermnet\train/Eczema Photos/eczema-nummular-164.jpg
5,E:\MedicalData\kagglechallenge\Dermnet\train/Eczema Photos/eczema-nummular-165.jpg
5,E:\MedicalData\kagglechallenge\Dermnet\train/Eczema Photos/eczema-nummular-166.jpg
5,E:\MedicalData\kagglechallenge\Dermnet\train/Eczema Photos/eczema-nummular-168.jpg
5,E:\MedicalData\kagglechallenge\Dermnet\train/Eczema Photos/eczema-nummular-169.jpg
5,E:\MedicalData\kagglechallenge\Dermnet\train/Eczema Photos/eczema-nummular-17.jpg
5,E:\MedicalData\kagglechallenge\Dermnet\train/Eczema Photos/eczema-nummular-172.jpg
5,E:\MedicalData\kagglechallenge\Dermnet\train/Eczema Photos/eczema-nummular-173.jpg
5,E:\MedicalData\kagglechallenge\Dermnet\train/Eczema Photos/eczema-nummular-174.jpg
5,E:\MedicalData\kagglechallenge\Dermnet\train/Eczema Photos/eczema-nummular-175.jpg
5,E:\MedicalData\kagglechallenge\Dermnet\train/Eczema Photos/eczema-nummular-176.jpg
5,E:\MedicalData\kagglechallenge\Dermnet\train/Eczema Photos/eczema-nummular-177.jpg
5,E:\MedicalData\kagglechallenge\Dermnet\train/Eczema Photos/eczema-nummular-178.jpg
5,E:\MedicalData\kagglechallenge\Dermnet\train/Eczema Photos/eczema-nummular-18.jpg
5,E:\MedicalData\kagglechallenge\Dermnet\train/Eczema Photos/eczema-nummular-180.jpg
5,E:\MedicalData\kagglechallenge\Dermnet\train/Eczema Photos/eczema-nummular-181.jpg
5,E:\MedicalData\kagglechallenge\Dermnet\train/Eczema Photos/eczema-nummular-182.jpg
5,E:\MedicalData\kagglechallenge\Dermnet\train/Eczema Photos/eczema-nummular-184.jpg
5,E:\MedicalData\kagglechallenge\Dermnet\train/Eczema Photos/eczema-nummular-185.jpg
5,E:\MedicalData\kagglechallenge\Dermnet\train/Eczema Photos/eczema-nummular-187.jpg
5,E:\MedicalData\kagglechallenge\Dermnet\train/Eczema Photos/eczema-nummular-189.jpg
5,E:\MedicalData\kagglechallenge\Dermnet\train/Eczema Photos/eczema-nummular-19.jpg
5,E:\MedicalData\kagglechallenge\Dermnet\train/Eczema Photos/eczema-nummular-190.jpg
5,E:\MedicalData\kagglechallenge\Dermnet\train/Eczema Photos/eczema-nummular-191.jpg
5,E:\MedicalData\kagglechallenge\Dermnet\train/Eczema Photos/eczema-nummular-192.jpg
5,E:\MedicalData\kagglechallenge\Dermnet\train/Eczema Photos/eczema-nummular-196.jpg
5,E:\MedicalData\kagglechallenge\Dermnet\train/Eczema Photos/eczema-nummular-197.jpg
5,E:\MedicalData\kagglechallenge\Dermnet\train/Eczema Photos/eczema-nummular-198.jpg
5,E:\MedicalData\kagglechallenge\Dermnet\train/Eczema Photos/eczema-nummular-199.jpg
5,E:\MedicalData\kagglechallenge\Dermnet\train/Eczema Photos/eczema-nummular-2.jpg
5,E:\MedicalData\kagglechallenge\Dermnet\train/Eczema Photos/eczema-nummular-20.jpg
5,E:\MedicalData\kagglechallenge\Dermnet\train/Eczema Photos/eczema-nummular-200.jpg
5,E:\MedicalData\kagglechallenge\Dermnet\train/Eczema Photos/eczema-nummular-201.jpg
5,E:\MedicalData\kagglechallenge\Dermnet\train/Eczema Photos/eczema-nummular-203.jpg
5,E:\MedicalData\kagglechallenge\Dermnet\train/Eczema Photos/eczema-nummular-8.jpg
5,E:\MedicalData\kagglechallenge\Dermnet\train/Eczema Photos/eczema-nummular-80.jpg
5,E:\MedicalData\kagglechallenge\Dermnet\train/Eczema Photos/eczema-nummular-82.jpg
5,E:\MedicalData\kagglechallenge\Dermnet\train/Eczema Photos/eczema-nummular-83.jpg
5,E:\MedicalData\kagglechallenge\Dermnet\train/Eczema Photos/eczema-nummular-86.jpg
5,E:\MedicalData\kagglechallenge\Dermnet\train/Eczema Photos/eczema-nummular-88.jpg
5,E:\MedicalData\kagglechallenge\Dermnet\train/Eczema Photos/eczema-nummular-89.jpg
5,E:\MedicalData\kagglechallenge\Dermnet\train/Eczema Photos/eczema-nummular-9.jpg
5,E:\MedicalData\kagglechallenge\Dermnet\train/Eczema Photos/eczema-nummular-90.jpg
5,E:\MedicalData\kagglechallenge\Dermnet\train/Eczema Photos/eczema-nummular-91.jpg
5,E:\MedicalData\kagglechallenge\Dermnet\train/Eczema Photos/eczema-nummular-92.jpg
5,E:\MedicalData\kagglechallenge\Dermnet\train/Eczema Photos/eczema-nummular-93.jpg
5,E:\MedicalData\kagglechallenge\Dermnet\train/Eczema Photos/eczema-nummular-94.jpg
5,E:\MedicalData\kagglechallenge\Dermnet\train/Eczema Photos/eczema-nummular-95.jpg
5,E:\MedicalData\kagglechallenge\Dermnet\train/Eczema Photos/eczema-nummular-97.jpg
5,E:\MedicalData\kagglechallenge\Dermnet\train/Eczema Photos/eczema-nummular-98.jpg
5,E:\MedicalData\kagglechallenge\Dermnet\train/Eczema Photos/eczema-penis-1.jpg
5,E:\MedicalData\kagglechallenge\Dermnet\train/Eczema Photos/eczema-scrotum-1.jpg
5,E:\MedicalData\kagglechallenge\Dermnet\train/Eczema Photos/eczema-scrotum-2.jpg
5,E:\MedicalData\kagglechallenge\Dermnet\train/Eczema Photos/eczema-scrotum-3.jpg
5,E:\MedicalData\kagglechallenge\Dermnet\train/Eczema Photos/eczema-scrotum-4.jpg
5,E:\MedicalData\kagglechallenge\Dermnet\train/Eczema Photos/eczema-subacute-1.jpg
5,E:\MedicalData\kagglechallenge\Dermnet\train/Eczema Photos/eczema-subacute-10.jpg
5,E:\MedicalData\kagglechallenge\Dermnet\train/Eczema Photos/eczema-subacute-100.jpg
5,E:\MedicalData\kagglechallenge\Dermnet\train/Eczema Photos/eczema-subacute-102.jpg
5,E:\MedicalData\kagglechallenge\Dermnet\train/Eczema Photos/eczema-subacute-103.jpg
5,E:\MedicalData\kagglechallenge\Dermnet\train/Eczema Photos/eczema-subacute-104.jpg
5,E:\MedicalData\kagglechallenge\Dermnet\train/Eczema Photos/eczema-subacute-108.jpg
5,E:\MedicalData\kagglechallenge\Dermnet\train/Eczema Photos/eczema-subacute-109.jpg
5,E:\MedicalData\kagglechallenge\Dermnet\train/Eczema Photos/eczema-subacute-11.jpg
5,E:\MedicalData\kagglechallenge\Dermnet\train/Eczema Photos/eczema-subacute-112.jpg
5,E:\MedicalData\kagglechallenge\Dermnet\train/Eczema Photos/eczema-subacute-113.jpg
5,E:\MedicalData\kagglechallenge\Dermnet\train/Eczema Photos/eczema-subacute-114.jpg
5,E:\MedicalData\kagglechallenge\Dermnet\train/Eczema Photos/eczema-subacute-12.jpg
5,E:\MedicalData\kagglechallenge\Dermnet\train/Eczema Photos/eczema-subacute-13.jpg
5,E:\MedicalData\kagglechallenge\Dermnet\train/Eczema Photos/eczema-subacute-14.jpg
5,E:\MedicalData\kagglechallenge\Dermnet\train/Eczema Photos/eczema-subacute-16.jpg
5,E:\MedicalData\kagglechallenge\Dermnet\train/Eczema Photos/eczema-subacute-19.jpg
5,E:\MedicalData\kagglechallenge\Dermnet\train/Eczema Photos/eczema-subacute-20.jpg
5,E:\MedicalData\kagglechallenge\Dermnet\train/Eczema Photos/eczema-subacute-21.jpg
5,E:\MedicalData\kagglechallenge\Dermnet\train/Eczema Photos/eczema-subacute-22.jpg
5,E:\MedicalData\kagglechallenge\Dermnet\train/Eczema Photos/eczema-subacute-23.jpg
5,E:\MedicalData\kagglechallenge\Dermnet\train/Eczema Photos/eczema-subacute-24.jpg
5,E:\MedicalData\kagglechallenge\Dermnet\train/Eczema Photos/eczema-subacute-25.jpg
5,E:\MedicalData\kagglechallenge\Dermnet\train/Eczema Photos/eczema-subacute-28.jpg
5,E:\MedicalData\kagglechallenge\Dermnet\train/Eczema Photos/eczema-subacute-32.jpg
5,E:\MedicalData\kagglechallenge\Dermnet\train/Eczema Photos/eczema-subacute-33.jpg
5,E:\MedicalData\kagglechallenge\Dermnet\train/Eczema Photos/eczema-subacute-35.jpg
5,E:\MedicalData\kagglechallenge\Dermnet\train/Eczema Photos/eczema-subacute-36.jpg
5,E:\MedicalData\kagglechallenge\Dermnet\train/Eczema Photos/eczema-subacute-37.jpg
5,E:\MedicalData\kagglechallenge\Dermnet\train/Eczema Photos/eczema-subacute-4.jpg
5,E:\MedicalData\kagglechallenge\Dermnet\train/Eczema Photos/eczema-subacute-42.jpg
5,E:\MedicalData\kagglechallenge\Dermnet\train/Eczema Photos/eczema-subacute-43.jpg
5,E:\MedicalData\kagglechallenge\Dermnet\train/Eczema Photos/eczema-subacute-45.jpg
5,E:\MedicalData\kagglechallenge\Dermnet\train/Eczema Photos/eczema-subacute-46.jpg
5,E:\MedicalData\kagglechallenge\Dermnet\train/Eczema Photos/eczema-subacute-47.jpg
5,E:\MedicalData\kagglechallenge\Dermnet\train/Eczema Photos/eczema-subacute-48.jpg
5,E:\MedicalData\kagglechallenge\Dermnet\train/Eczema Photos/eczema-subacute-49.jpg
5,E:\MedicalData\kagglechallenge\Dermnet\train/Eczema Photos/eczema-subacute-5.jpg
5,E:\MedicalData\kagglechallenge\Dermnet\train/Eczema Photos/eczema-subacute-50.jpg
5,E:\MedicalData\kagglechallenge\Dermnet\train/Eczema Photos/eczema-subacute-51.jpg
5,E:\MedicalData\kagglechallenge\Dermnet\train/Eczema Photos/eczema-subacute-52.jpg
5,E:\MedicalData\kagglechallenge\Dermnet\train/Eczema Photos/eczema-subacute-53.jpg
5,E:\MedicalData\kagglechallenge\Dermnet\train/Eczema Photos/eczema-subacute-54.jpg
5,E:\MedicalData\kagglechallenge\Dermnet\train/Eczema Photos/eczema-subacute-55.jpg
5,E:\MedicalData\kagglechallenge\Dermnet\train/Eczema Photos/eczema-subacute-56.jpg
5,E:\MedicalData\kagglechallenge\Dermnet\train/Eczema Photos/eczema-subacute-57.jpg
5,E:\MedicalData\kagglechallenge\Dermnet\train/Eczema Photos/eczema-subacute-58.jpg
5,E:\MedicalData\kagglechallenge\Dermnet\train/Eczema Photos/eczema-subacute-59.jpg
5,E:\MedicalData\kagglechallenge\Dermnet\train/Eczema Photos/eczema-subacute-60.jpg
5,E:\MedicalData\kagglechallenge\Dermnet\train/Eczema Photos/eczema-subacute-62.jpg
5,E:\MedicalData\kagglechallenge\Dermnet\train/Eczema Photos/eczema-subacute-63.jpg
5,E:\MedicalData\kagglechallenge\Dermnet\train/Eczema Photos/eczema-subacute-65.jpg
5,E:\MedicalData\kagglechallenge\Dermnet\train/Eczema Photos/eczema-subacute-66.jpg
5,E:\MedicalData\kagglechallenge\Dermnet\train/Eczema Photos/eczema-subacute-67.jpg
5,E:\MedicalData\kagglechallenge\Dermnet\train/Eczema Photos/eczema-subacute-68.jpg
5,E:\MedicalData\kagglechallenge\Dermnet\train/Eczema Photos/eczema-subacute-7.jpg
5,E:\MedicalData\kagglechallenge\Dermnet\train/Eczema Photos/eczema-subacute-70.jpg
5,E:\MedicalData\kagglechallenge\Dermnet\train/Eczema Photos/eczema-subacute-71.jpg
5,E:\MedicalData\kagglechallenge\Dermnet\train/Eczema Photos/eczema-subacute-72.jpg
5,E:\MedicalData\kagglechallenge\Dermnet\train/Eczema Photos/eczema-subacute-73.jpg
5,E:\MedicalData\kagglechallenge\Dermnet\train/Eczema Photos/eczema-subacute-74.jpg
5,E:\MedicalData\kagglechallenge\Dermnet\train/Eczema Photos/eczema-subacute-76.jpg
5,E:\MedicalData\kagglechallenge\Dermnet\train/Eczema Photos/eczema-subacute-77.jpg
5,E:\MedicalData\kagglechallenge\Dermnet\train/Eczema Photos/eczema-subacute-78.jpg
5,E:\MedicalData\kagglechallenge\Dermnet\train/Eczema Photos/eczema-subacute-79.jpg
5,E:\MedicalData\kagglechallenge\Dermnet\train/Eczema Photos/eczema-subacute-8.jpg
5,E:\MedicalData\kagglechallenge\Dermnet\train/Eczema Photos/eczema-subacute-80.jpg
5,E:\MedicalData\kagglechallenge\Dermnet\train/Eczema Photos/eczema-subacute-81.jpg
5,E:\MedicalData\kagglechallenge\Dermnet\train/Eczema Photos/eczema-subacute-82.jpg
5,E:\MedicalData\kagglechallenge\Dermnet\train/Eczema Photos/eczema-subacute-86.jpg
5,E:\MedicalData\kagglechallenge\Dermnet\train/Eczema Photos/eczema-subacute-87.jpg
5,E:\MedicalData\kagglechallenge\Dermnet\train/Eczema Photos/eczema-subacute-88.jpg
5,E:\MedicalData\kagglechallenge\Dermnet\train/Eczema Photos/eczema-subacute-89.jpg
5,E:\MedicalData\kagglechallenge\Dermnet\train/Eczema Photos/eczema-subacute-9.jpg
5,E:\MedicalData\kagglechallenge\Dermnet\train/Eczema Photos/eczema-subacute-91.jpg
5,E:\MedicalData\kagglechallenge\Dermnet\train/Eczema Photos/eczema-subacute-92.jpg
5,E:\MedicalData\kagglechallenge\Dermnet\train/Eczema Photos/eczema-subacute-93.jpg
5,E:\MedicalData\kagglechallenge\Dermnet\train/Eczema Photos/eczema-subacute-94.jpg
5,E:\MedicalData\kagglechallenge\Dermnet\train/Eczema Photos/eczema-subacute-95.jpg
5,E:\MedicalData\kagglechallenge\Dermnet\train/Eczema Photos/eczema-subacute-99.jpg
5,E:\MedicalData\kagglechallenge\Dermnet\train/Eczema Photos/eczema-trunk-generalized-10.jpg
5,E:\MedicalData\kagglechallenge\Dermnet\train/Eczema Photos/eczema-trunk-generalized-11.jpg
5,E:\MedicalData\kagglechallenge\Dermnet\train/Eczema Photos/eczema-trunk-generalized-12.jpg
5,E:\MedicalData\kagglechallenge\Dermnet\train/Eczema Photos/eczema-trunk-generalized-15.jpg
5,E:\MedicalData\kagglechallenge\Dermnet\train/Eczema Photos/eczema-trunk-generalized-16.jpg
5,E:\MedicalData\kagglechallenge\Dermnet\train/Eczema Photos/eczema-trunk-generalized-17.jpg
5,E:\MedicalData\kagglechallenge\Dermnet\train/Eczema Photos/eczema-trunk-generalized-18.jpg
5,E:\MedicalData\kagglechallenge\Dermnet\train/Eczema Photos/eczema-trunk-generalized-19.jpg
5,E:\MedicalData\kagglechallenge\Dermnet\train/Eczema Photos/eczema-trunk-generalized-2.jpg
5,E:\MedicalData\kagglechallenge\Dermnet\train/Eczema Photos/eczema-trunk-generalized-20.jpg
5,E:\MedicalData\kagglechallenge\Dermnet\train/Eczema Photos/eczema-trunk-generalized-21.jpg
5,E:\MedicalData\kagglechallenge\Dermnet\train/Eczema Photos/eczema-trunk-generalized-23.jpg
5,E:\MedicalData\kagglechallenge\Dermnet\train/Eczema Photos/eczema-trunk-generalized-24.jpg
5,E:\MedicalData\kagglechallenge\Dermnet\train/Eczema Photos/eczema-trunk-generalized-25.jpg
5,E:\MedicalData\kagglechallenge\Dermnet\train/Eczema Photos/eczema-trunk-generalized-26.jpg
5,E:\MedicalData\kagglechallenge\Dermnet\train/Eczema Photos/eczema-trunk-generalized-27.jpg
5,E:\MedicalData\kagglechallenge\Dermnet\train/Eczema Photos/eczema-trunk-generalized-28.jpg
5,E:\MedicalData\kagglechallenge\Dermnet\train/Eczema Photos/eczema-trunk-generalized-29.jpg
5,E:\MedicalData\kagglechallenge\Dermnet\train/Eczema Photos/eczema-trunk-generalized-3.jpg
5,E:\MedicalData\kagglechallenge\Dermnet\train/Eczema Photos/eczema-trunk-generalized-32.jpg
5,E:\MedicalData\kagglechallenge\Dermnet\train/Eczema Photos/eczema-trunk-generalized-34.jpg
5,E:\MedicalData\kagglechallenge\Dermnet\train/Eczema Photos/eczema-trunk-generalized-35.jpg
5,E:\MedicalData\kagglechallenge\Dermnet\train/Eczema Photos/eczema-trunk-generalized-36.jpg
5,E:\MedicalData\kagglechallenge\Dermnet\train/Eczema Photos/eczema-trunk-generalized-4.jpg
5,E:\MedicalData\kagglechallenge\Dermnet\train/Eczema Photos/eczema-trunk-generalized-5.jpg
5,E:\MedicalData\kagglechallenge\Dermnet\train/Eczema Photos/eczema-trunk-generalized-9.jpg
5,E:\MedicalData\kagglechallenge\Dermnet\train/Eczema Photos/eczema-vulva-2.jpg
5,E:\MedicalData\kagglechallenge\Dermnet\train/Eczema Photos/eczema-vulva-4.jpg
5,E:\MedicalData\kagglechallenge\Dermnet\train/Eczema Photos/eczema-vulva-5.jpg
5,E:\MedicalData\kagglechallenge\Dermnet\train/Eczema Photos/eczema-vulva-6.jpg
5,E:\MedicalData\kagglechallenge\Dermnet\train/Eczema Photos/eczema-vulva-7.jpg
5,E:\MedicalData\kagglechallenge\Dermnet\train/Eczema Photos/eczema-vulva-8.jpg
5,E:\MedicalData\kagglechallenge\Dermnet\train/Eczema Photos/emersion-foot-1.jpg
5,E:\MedicalData\kagglechallenge\Dermnet\train/Eczema Photos/emersion-foot-2.jpg
5,E:\MedicalData\kagglechallenge\Dermnet\train/Eczema Photos/emersion-foot-3.jpg
5,E:\MedicalData\kagglechallenge\Dermnet\train/Eczema Photos/emersion-foot-4.jpg
5,E:\MedicalData\kagglechallenge\Dermnet\train/Eczema Photos/emersion-foot-5.jpg
5,E:\MedicalData\kagglechallenge\Dermnet\train/Eczema Photos/factitial-dermatitis-1.jpg
5,E:\MedicalData\kagglechallenge\Dermnet\train/Eczema Photos/factitial-dermatitis-10.jpg
5,E:\MedicalData\kagglechallenge\Dermnet\train/Eczema Photos/factitial-dermatitis-4.jpg
5,E:\MedicalData\kagglechallenge\Dermnet\train/Eczema Photos/factitial-dermatitis-5.jpg
5,E:\MedicalData\kagglechallenge\Dermnet\train/Eczema Photos/factitial-dermatitis-6.jpg
5,E:\MedicalData\kagglechallenge\Dermnet\train/Eczema Photos/factitial-dermatitis-8.jpg
5,E:\MedicalData\kagglechallenge\Dermnet\train/Eczema Photos/fiberglass-dermatitis-1.jpg
5,E:\MedicalData\kagglechallenge\Dermnet\train/Eczema Photos/fiberglass-dermatitis-3.jpg
5,E:\MedicalData\kagglechallenge\Dermnet\train/Eczema Photos/fiberglass-dermatitis-4.jpg
5,E:\MedicalData\kagglechallenge\Dermnet\train/Eczema Photos/fiberglass-dermatitis-5.jpg
5,E:\MedicalData\kagglechallenge\Dermnet\train/Eczema Photos/fiberglass-dermatitis-7.jpg
5,E:\MedicalData\kagglechallenge\Dermnet\train/Eczema Photos/fissure-10.jpg
5,E:\MedicalData\kagglechallenge\Dermnet\train/Eczema Photos/fissure-11.jpg
5,E:\MedicalData\kagglechallenge\Dermnet\train/Eczema Photos/fissure-3.jpg
5,E:\MedicalData\kagglechallenge\Dermnet\train/Eczema Photos/fissure-7.jpg
5,E:\MedicalData\kagglechallenge\Dermnet\train/Eczema Photos/fissure-8.jpg
5,E:\MedicalData\kagglechallenge\Dermnet\train/Eczema Photos/fissure-9.jpg
5,E:\MedicalData\kagglechallenge\Dermnet\train/Eczema Photos/heels-dry-cracked-1.jpg
5,E:\MedicalData\kagglechallenge\Dermnet\train/Eczema Photos/heels-dry-cracked-10.jpg
5,E:\MedicalData\kagglechallenge\Dermnet\train/Eczema Photos/heels-dry-cracked-11.jpg
5,E:\MedicalData\kagglechallenge\Dermnet\train/Eczema Photos/heels-dry-cracked-2.jpg
5,E:\MedicalData\kagglechallenge\Dermnet\train/Eczema Photos/heels-dry-cracked-3.jpg
5,E:\MedicalData\kagglechallenge\Dermnet\train/Eczema Photos/heels-dry-cracked-5.jpg
5,E:\MedicalData\kagglechallenge\Dermnet\train/Eczema Photos/heels-dry-cracked-7.jpg
5,E:\MedicalData\kagglechallenge\Dermnet\train/Eczema Photos/hyperkeratosis-3.jpg
5,E:\MedicalData\kagglechallenge\Dermnet\train/Eczema Photos/hyperkeratosis-4.jpg
5,E:\MedicalData\kagglechallenge\Dermnet\train/Eczema Photos/hyperkeratosis-6.jpg
5,E:\MedicalData\kagglechallenge\Dermnet\train/Eczema Photos/id-reaction-11.jpg
5,E:\MedicalData\kagglechallenge\Dermnet\train/Eczema Photos/id-reaction-2.jpg
5,E:\MedicalData\kagglechallenge\Dermnet\train/Eczema Photos/id-reaction-3.jpg
5,E:\MedicalData\kagglechallenge\Dermnet\train/Eczema Photos/id-reaction-4.jpg
5,E:\MedicalData\kagglechallenge\Dermnet\train/Eczema Photos/id-reaction-5.jpg
5,E:\MedicalData\kagglechallenge\Dermnet\train/Eczema Photos/id-reaction-6.jpg
5,E:\MedicalData\kagglechallenge\Dermnet\train/Eczema Photos/id-reaction-9.jpg
5,E:\MedicalData\kagglechallenge\Dermnet\train/Eczema Photos/keratolysis-exfoliativa-1.jpg
5,E:\MedicalData\kagglechallenge\Dermnet\train/Eczema Photos/keratolysis-exfoliativa-10.jpg
5,E:\MedicalData\kagglechallenge\Dermnet\train/Eczema Photos/keratolysis-exfoliativa-11.jpg
5,E:\MedicalData\kagglechallenge\Dermnet\train/Eczema Photos/keratolysis-exfoliativa-12.jpg
5,E:\MedicalData\kagglechallenge\Dermnet\train/Eczema Photos/keratolysis-exfoliativa-13.jpg
5,E:\MedicalData\kagglechallenge\Dermnet\train/Eczema Photos/keratolysis-exfoliativa-14.jpg
5,E:\MedicalData\kagglechallenge\Dermnet\train/Eczema Photos/keratolysis-exfoliativa-17.jpg
5,E:\MedicalData\kagglechallenge\Dermnet\train/Eczema Photos/keratolysis-exfoliativa-18.jpg
5,E:\MedicalData\kagglechallenge\Dermnet\train/Eczema Photos/keratolysis-exfoliativa-2.jpg
5,E:\MedicalData\kagglechallenge\Dermnet\train/Eczema Photos/keratolysis-exfoliativa-20.jpg
5,E:\MedicalData\kagglechallenge\Dermnet\train/Eczema Photos/keratolysis-exfoliativa-21.jpg
5,E:\MedicalData\kagglechallenge\Dermnet\train/Eczema Photos/keratolysis-exfoliativa-23.jpg
5,E:\MedicalData\kagglechallenge\Dermnet\train/Eczema Photos/keratolysis-exfoliativa-24.jpg
5,E:\MedicalData\kagglechallenge\Dermnet\train/Eczema Photos/keratolysis-exfoliativa-25.jpg
5,E:\MedicalData\kagglechallenge\Dermnet\train/Eczema Photos/keratolysis-exfoliativa-28.jpg
5,E:\MedicalData\kagglechallenge\Dermnet\train/Eczema Photos/keratolysis-exfoliativa-3.jpg
5,E:\MedicalData\kagglechallenge\Dermnet\train/Eczema Photos/keratolysis-exfoliativa-30.jpg
5,E:\MedicalData\kagglechallenge\Dermnet\train/Eczema Photos/keratolysis-exfoliativa-32.jpg
5,E:\MedicalData\kagglechallenge\Dermnet\train/Eczema Photos/keratolysis-exfoliativa-33.jpg
5,E:\MedicalData\kagglechallenge\Dermnet\train/Eczema Photos/keratolysis-exfoliativa-34.jpg
5,E:\MedicalData\kagglechallenge\Dermnet\train/Eczema Photos/keratolysis-exfoliativa-35.jpg
5,E:\MedicalData\kagglechallenge\Dermnet\train/Eczema Photos/keratolysis-exfoliativa-38.jpg
5,E:\MedicalData\kagglechallenge\Dermnet\train/Eczema Photos/keratolysis-exfoliativa-39.jpg
5,E:\MedicalData\kagglechallenge\Dermnet\train/Eczema Photos/keratolysis-exfoliativa-4.jpg
5,E:\MedicalData\kagglechallenge\Dermnet\train/Eczema Photos/keratolysis-exfoliativa-40.jpg
5,E:\MedicalData\kagglechallenge\Dermnet\train/Eczema Photos/keratolysis-exfoliativa-41.jpg
5,E:\MedicalData\kagglechallenge\Dermnet\train/Eczema Photos/keratolysis-exfoliativa-42.jpg
5,E:\MedicalData\kagglechallenge\Dermnet\train/Eczema Photos/keratolysis-exfoliativa-43.jpg
5,E:\MedicalData\kagglechallenge\Dermnet\train/Eczema Photos/keratolysis-exfoliativa-45.jpg
5,E:\MedicalData\kagglechallenge\Dermnet\train/Eczema Photos/keratolysis-exfoliativa-46.jpg
5,E:\MedicalData\kagglechallenge\Dermnet\train/Eczema Photos/keratolysis-exfoliativa-47.jpg
5,E:\MedicalData\kagglechallenge\Dermnet\train/Eczema Photos/keratolysis-exfoliativa-49.jpg
5,E:\MedicalData\kagglechallenge\Dermnet\train/Eczema Photos/keratolysis-exfoliativa-5.jpg
5,E:\MedicalData\kagglechallenge\Dermnet\train/Eczema Photos/keratolysis-exfoliativa-50.jpg
5,E:\MedicalData\kagglechallenge\Dermnet\train/Eczema Photos/keratolysis-exfoliativa-51.jpg
5,E:\MedicalData\kagglechallenge\Dermnet\train/Eczema Photos/keratolysis-exfoliativa-52.jpg
5,E:\MedicalData\kagglechallenge\Dermnet\train/Eczema Photos/keratolysis-exfoliativa-6.jpg
5,E:\MedicalData\kagglechallenge\Dermnet\train/Eczema Photos/keratolysis-exfoliativa-7.jpg
5,E:\MedicalData\kagglechallenge\Dermnet\train/Eczema Photos/keratolysis-exfoliativa-8.jpg
5,E:\MedicalData\kagglechallenge\Dermnet\train/Eczema Photos/knuckle-pads-1.jpg
5,E:\MedicalData\kagglechallenge\Dermnet\train/Eczema Photos/lichen-simplex-chronicus-1.jpg
5,E:\MedicalData\kagglechallenge\Dermnet\train/Eczema Photos/lichen-simplex-chronicus-10.jpg
5,E:\MedicalData\kagglechallenge\Dermnet\train/Eczema Photos/lichen-simplex-chronicus-100.jpg
5,E:\MedicalData\kagglechallenge\Dermnet\train/Eczema Photos/lichen-simplex-chronicus-102.jpg
5,E:\MedicalData\kagglechallenge\Dermnet\train/Eczema Photos/lichen-simplex-chronicus-103.jpg
5,E:\MedicalData\kagglechallenge\Dermnet\train/Eczema Photos/lichen-simplex-chronicus-104.jpg
5,E:\MedicalData\kagglechallenge\Dermnet\train/Eczema Photos/lichen-simplex-chronicus-105.jpg
5,E:\MedicalData\kagglechallenge\Dermnet\train/Eczema Photos/lichen-simplex-chronicus-107.jpg
5,E:\MedicalData\kagglechallenge\Dermnet\train/Eczema Photos/lichen-simplex-chronicus-108.jpg
5,E:\MedicalData\kagglechallenge\Dermnet\train/Eczema Photos/lichen-simplex-chronicus-109.jpg
5,E:\MedicalData\kagglechallenge\Dermnet\train/Eczema Photos/lichen-simplex-chronicus-11.jpg
5,E:\MedicalData\kagglechallenge\Dermnet\train/Eczema Photos/lichen-simplex-chronicus-110.jpg
5,E:\MedicalData\kagglechallenge\Dermnet\train/Eczema Photos/lichen-simplex-chronicus-111.jpg
5,E:\MedicalData\kagglechallenge\Dermnet\train/Eczema Photos/lichen-simplex-chronicus-113.jpg
5,E:\MedicalData\kagglechallenge\Dermnet\train/Eczema Photos/lichen-simplex-chronicus-114.jpg
5,E:\MedicalData\kagglechallenge\Dermnet\train/Eczema Photos/lichen-simplex-chronicus-115.jpg
5,E:\MedicalData\kagglechallenge\Dermnet\train/Eczema Photos/lichen-simplex-chronicus-116.jpg
5,E:\MedicalData\kagglechallenge\Dermnet\train/Eczema Photos/lichen-simplex-chronicus-117.jpg
5,E:\MedicalData\kagglechallenge\Dermnet\train/Eczema Photos/lichen-simplex-chronicus-12.jpg
5,E:\MedicalData\kagglechallenge\Dermnet\train/Eczema Photos/lichen-simplex-chronicus-120.jpg
5,E:\MedicalData\kagglechallenge\Dermnet\train/Eczema Photos/lichen-simplex-chronicus-121.jpg
5,E:\MedicalData\kagglechallenge\Dermnet\train/Eczema Photos/lichen-simplex-chronicus-122.jpg
5,E:\MedicalData\kagglechallenge\Dermnet\train/Eczema Photos/lichen-simplex-chronicus-123.jpg
5,E:\MedicalData\kagglechallenge\Dermnet\train/Eczema Photos/lichen-simplex-chronicus-124.jpg
5,E:\MedicalData\kagglechallenge\Dermnet\train/Eczema Photos/lichen-simplex-chronicus-125.jpg
5,E:\MedicalData\kagglechallenge\Dermnet\train/Eczema Photos/lichen-simplex-chronicus-126.jpg
5,E:\MedicalData\kagglechallenge\Dermnet\train/Eczema Photos/lichen-simplex-chronicus-127.jpg
5,E:\MedicalData\kagglechallenge\Dermnet\train/Eczema Photos/lichen-simplex-chronicus-129.jpg
5,E:\MedicalData\kagglechallenge\Dermnet\train/Eczema Photos/lichen-simplex-chronicus-13.jpg
5,E:\MedicalData\kagglechallenge\Dermnet\train/Eczema Photos/lichen-simplex-chronicus-130.jpg
5,E:\MedicalData\kagglechallenge\Dermnet\train/Eczema Photos/lichen-simplex-chronicus-131.jpg
5,E:\MedicalData\kagglechallenge\Dermnet\train/Eczema Photos/lichen-simplex-chronicus-133.jpg
5,E:\MedicalData\kagglechallenge\Dermnet\train/Eczema Photos/lichen-simplex-chronicus-134.jpg
5,E:\MedicalData\kagglechallenge\Dermnet\train/Eczema Photos/lichen-simplex-chronicus-135.jpg
5,E:\MedicalData\kagglechallenge\Dermnet\train/Eczema Photos/lichen-simplex-chronicus-136.jpg
5,E:\MedicalData\kagglechallenge\Dermnet\train/Eczema Photos/lichen-simplex-chronicus-137.jpg
5,E:\MedicalData\kagglechallenge\Dermnet\train/Eczema Photos/lichen-simplex-chronicus-14.jpg
5,E:\MedicalData\kagglechallenge\Dermnet\train/Eczema Photos/lichen-simplex-chronicus-140.jpg
5,E:\MedicalData\kagglechallenge\Dermnet\train/Eczema Photos/lichen-simplex-chronicus-143.jpg
5,E:\MedicalData\kagglechallenge\Dermnet\train/Eczema Photos/lichen-simplex-chronicus-148.jpg
5,E:\MedicalData\kagglechallenge\Dermnet\train/Eczema Photos/lichen-simplex-chronicus-15.jpg
5,E:\MedicalData\kagglechallenge\Dermnet\train/Eczema Photos/lichen-simplex-chronicus-150.jpg
5,E:\MedicalData\kagglechallenge\Dermnet\train/Eczema Photos/lichen-simplex-chronicus-152.jpg
5,E:\MedicalData\kagglechallenge\Dermnet\train/Eczema Photos/lichen-simplex-chronicus-153.jpg
5,E:\MedicalData\kagglechallenge\Dermnet\train/Eczema Photos/lichen-simplex-chronicus-155.jpg
5,E:\MedicalData\kagglechallenge\Dermnet\train/Eczema Photos/lichen-simplex-chronicus-156.jpg
5,E:\MedicalData\kagglechallenge\Dermnet\train/Eczema Photos/lichen-simplex-chronicus-159.jpg
5,E:\MedicalData\kagglechallenge\Dermnet\train/Eczema Photos/lichen-simplex-chronicus-16.jpg
5,E:\MedicalData\kagglechallenge\Dermnet\train/Eczema Photos/lichen-simplex-chronicus-161.jpg
5,E:\MedicalData\kagglechallenge\Dermnet\train/Eczema Photos/lichen-simplex-chronicus-162.jpg
5,E:\MedicalData\kagglechallenge\Dermnet\train/Eczema Photos/lichen-simplex-chronicus-164.jpg
5,E:\MedicalData\kagglechallenge\Dermnet\train/Eczema Photos/lichen-simplex-chronicus-166.jpg
5,E:\MedicalData\kagglechallenge\Dermnet\train/Eczema Photos/lichen-simplex-chronicus-168.jpg
5,E:\MedicalData\kagglechallenge\Dermnet\train/Eczema Photos/lichen-simplex-chronicus-17.jpg
5,E:\MedicalData\kagglechallenge\Dermnet\train/Eczema Photos/lichen-simplex-chronicus-174.jpg
5,E:\MedicalData\kagglechallenge\Dermnet\train/Eczema Photos/lichen-simplex-chronicus-175.jpg
5,E:\MedicalData\kagglechallenge\Dermnet\train/Eczema Photos/lichen-simplex-chronicus-18.jpg
5,E:\MedicalData\kagglechallenge\Dermnet\train/Eczema Photos/lichen-simplex-chronicus-181.jpg
5,E:\MedicalData\kagglechallenge\Dermnet\train/Eczema Photos/lichen-simplex-chronicus-182.jpg
5,E:\MedicalData\kagglechallenge\Dermnet\train/Eczema Photos/lichen-simplex-chronicus-183.jpg
5,E:\MedicalData\kagglechallenge\Dermnet\train/Eczema Photos/lichen-simplex-chronicus-184.jpg
5,E:\MedicalData\kagglechallenge\Dermnet\train/Eczema Photos/lichen-simplex-chronicus-186.jpg
5,E:\MedicalData\kagglechallenge\Dermnet\train/Eczema Photos/lichen-simplex-chronicus-187.jpg
5,E:\MedicalData\kagglechallenge\Dermnet\train/Eczema Photos/lichen-simplex-chronicus-188.jpg
5,E:\MedicalData\kagglechallenge\Dermnet\train/Eczema Photos/lichen-simplex-chronicus-189.jpg
5,E:\MedicalData\kagglechallenge\Dermnet\train/Eczema Photos/lichen-simplex-chronicus-191.jpg
5,E:\MedicalData\kagglechallenge\Dermnet\train/Eczema Photos/lichen-simplex-chronicus-194.jpg
5,E:\MedicalData\kagglechallenge\Dermnet\train/Eczema Photos/lichen-simplex-chronicus-195.jpg
5,E:\MedicalData\kagglechallenge\Dermnet\train/Eczema Photos/lichen-simplex-chronicus-196.jpg
5,E:\MedicalData\kagglechallenge\Dermnet\train/Eczema Photos/lichen-simplex-chronicus-197.jpg
5,E:\MedicalData\kagglechallenge\Dermnet\train/Eczema Photos/lichen-simplex-chronicus-198.jpg
5,E:\MedicalData\kagglechallenge\Dermnet\train/Eczema Photos/lichen-simplex-chronicus-199.jpg
5,E:\MedicalData\kagglechallenge\Dermnet\train/Eczema Photos/lichen-simplex-chronicus-2.jpg
5,E:\MedicalData\kagglechallenge\Dermnet\train/Eczema Photos/lichen-simplex-chronicus-8.jpg
5,E:\MedicalData\kagglechallenge\Dermnet\train/Eczema Photos/lichen-simplex-chronicus-80.jpg
5,E:\MedicalData\kagglechallenge\Dermnet\train/Eczema Photos/lichen-simplex-chronicus-81.jpg
5,E:\MedicalData\kagglechallenge\Dermnet\train/Eczema Photos/lichen-simplex-chronicus-82.jpg
5,E:\MedicalData\kagglechallenge\Dermnet\train/Eczema Photos/lichen-simplex-chronicus-84.jpg
5,E:\MedicalData\kagglechallenge\Dermnet\train/Eczema Photos/lichen-simplex-chronicus-85.jpg
5,E:\MedicalData\kagglechallenge\Dermnet\train/Eczema Photos/lichen-simplex-chronicus-87.jpg
5,E:\MedicalData\kagglechallenge\Dermnet\train/Eczema Photos/lichen-simplex-chronicus-88.jpg
5,E:\MedicalData\kagglechallenge\Dermnet\train/Eczema Photos/lichen-simplex-chronicus-92.jpg
5,E:\MedicalData\kagglechallenge\Dermnet\train/Eczema Photos/lichen-simplex-chronicus-96.jpg
5,E:\MedicalData\kagglechallenge\Dermnet\train/Eczema Photos/lichen-simplex-chronicus-97.jpg
5,E:\MedicalData\kagglechallenge\Dermnet\train/Eczema Photos/lichen-simplex-chronicus-98.jpg
5,E:\MedicalData\kagglechallenge\Dermnet\train/Eczema Photos/lichen-simplex-chronicus-99.jpg
5,E:\MedicalData\kagglechallenge\Dermnet\train/Eczema Photos/maceration-1.jpg
5,E:\MedicalData\kagglechallenge\Dermnet\train/Eczema Photos/maceration-3.jpg
5,E:\MedicalData\kagglechallenge\Dermnet\train/Eczema Photos/maceration-4.jpg
5,E:\MedicalData\kagglechallenge\Dermnet\train/Eczema Photos/malum-ulcer-1.jpg
5,E:\MedicalData\kagglechallenge\Dermnet\train/Eczema Photos/milroy-disease-1.jpg
5,E:\MedicalData\kagglechallenge\Dermnet\train/Eczema Photos/milroy-disease-2.jpg
5,E:\MedicalData\kagglechallenge\Dermnet\train/Eczema Photos/milroy-disease-3.jpg
5,E:\MedicalData\kagglechallenge\Dermnet\train/Eczema Photos/milroy-disease-5.jpg
5,E:\MedicalData\kagglechallenge\Dermnet\train/Eczema Photos/neurotic-excoriations-10.jpg
5,E:\MedicalData\kagglechallenge\Dermnet\train/Eczema Photos/neurotic-excoriations-11.jpg
5,E:\MedicalData\kagglechallenge\Dermnet\train/Eczema Photos/neurotic-excoriations-12.jpg
5,E:\MedicalData\kagglechallenge\Dermnet\train/Eczema Photos/neurotic-excoriations-16.jpg
5,E:\MedicalData\kagglechallenge\Dermnet\train/Eczema Photos/neurotic-excoriations-17.jpg
5,E:\MedicalData\kagglechallenge\Dermnet\train/Eczema Photos/neurotic-excoriations-18.jpg
5,E:\MedicalData\kagglechallenge\Dermnet\train/Eczema Photos/neurotic-excoriations-2.jpg
5,E:\MedicalData\kagglechallenge\Dermnet\train/Eczema Photos/neurotic-excoriations-21.jpg
5,E:\MedicalData\kagglechallenge\Dermnet\train/Eczema Photos/neurotic-excoriations-23.jpg
5,E:\MedicalData\kagglechallenge\Dermnet\train/Eczema Photos/neurotic-excoriations-24.jpg
5,E:\MedicalData\kagglechallenge\Dermnet\train/Eczema Photos/neurotic-excoriations-25.jpg
5,E:\MedicalData\kagglechallenge\Dermnet\train/Eczema Photos/neurotic-excoriations-29.jpg
5,E:\MedicalData\kagglechallenge\Dermnet\train/Eczema Photos/neurotic-excoriations-30.jpg
5,E:\MedicalData\kagglechallenge\Dermnet\train/Eczema Photos/neurotic-excoriations-32.jpg
5,E:\MedicalData\kagglechallenge\Dermnet\train/Eczema Photos/neurotic-excoriations-35.jpg
5,E:\MedicalData\kagglechallenge\Dermnet\train/Eczema Photos/neurotic-excoriations-36.jpg
5,E:\MedicalData\kagglechallenge\Dermnet\train/Eczema Photos/neurotic-excoriations-37.jpg
5,E:\MedicalData\kagglechallenge\Dermnet\train/Eczema Photos/neurotic-excoriations-38.jpg
5,E:\MedicalData\kagglechallenge\Dermnet\train/Eczema Photos/neurotic-excoriations-39.jpg
5,E:\MedicalData\kagglechallenge\Dermnet\train/Eczema Photos/neurotic-excoriations-4.jpg
5,E:\MedicalData\kagglechallenge\Dermnet\train/Eczema Photos/neurotic-excoriations-40.jpg
5,E:\MedicalData\kagglechallenge\Dermnet\train/Eczema Photos/neurotic-excoriations-42.jpg
5,E:\MedicalData\kagglechallenge\Dermnet\train/Eczema Photos/neurotic-excoriations-46.jpg
5,E:\MedicalData\kagglechallenge\Dermnet\train/Eczema Photos/neurotic-excoriations-47.jpg
5,E:\MedicalData\kagglechallenge\Dermnet\train/Eczema Photos/neurotic-excoriations-48.jpg
5,E:\MedicalData\kagglechallenge\Dermnet\train/Eczema Photos/neurotic-excoriations-5.jpg
5,E:\MedicalData\kagglechallenge\Dermnet\train/Eczema Photos/neurotic-excoriations-50.jpg
5,E:\MedicalData\kagglechallenge\Dermnet\train/Eczema Photos/neurotic-excoriations-52.jpg
5,E:\MedicalData\kagglechallenge\Dermnet\train/Eczema Photos/neurotic-excoriations-54.jpg
5,E:\MedicalData\kagglechallenge\Dermnet\train/Eczema Photos/neurotic-excoriations-55.jpg
5,E:\MedicalData\kagglechallenge\Dermnet\train/Eczema Photos/neurotic-excoriations-56.jpg
5,E:\MedicalData\kagglechallenge\Dermnet\train/Eczema Photos/neurotic-excoriations-57.jpg
5,E:\MedicalData\kagglechallenge\Dermnet\train/Eczema Photos/neurotic-excoriations-58.jpg
5,E:\MedicalData\kagglechallenge\Dermnet\train/Eczema Photos/neurotic-excoriations-59.jpg
5,E:\MedicalData\kagglechallenge\Dermnet\train/Eczema Photos/neurotic-excoriations-6.jpg
5,E:\MedicalData\kagglechallenge\Dermnet\train/Eczema Photos/neurotic-excoriations-60.jpg
5,E:\MedicalData\kagglechallenge\Dermnet\train/Eczema Photos/neurotic-excoriations-61.jpg
5,E:\MedicalData\kagglechallenge\Dermnet\train/Eczema Photos/neurotic-excoriations-64.jpg
5,E:\MedicalData\kagglechallenge\Dermnet\train/Eczema Photos/neurotic-excoriations-65.jpg
5,E:\MedicalData\kagglechallenge\Dermnet\train/Eczema Photos/neurotic-excoriations-66.jpg
5,E:\MedicalData\kagglechallenge\Dermnet\train/Eczema Photos/neurotic-excoriations-67.jpg
5,E:\MedicalData\kagglechallenge\Dermnet\train/Eczema Photos/neurotic-excoriations-7.jpg
5,E:\MedicalData\kagglechallenge\Dermnet\train/Eczema Photos/neurotic-excoriations-8.jpg
5,E:\MedicalData\kagglechallenge\Dermnet\train/Eczema Photos/notalgia-paraesthetica-1.jpg
5,E:\MedicalData\kagglechallenge\Dermnet\train/Eczema Photos/notalgia-paraesthetica-2.jpg
5,E:\MedicalData\kagglechallenge\Dermnet\train/Eczema Photos/notalgia-paraesthetica-3.jpg
5,E:\MedicalData\kagglechallenge\Dermnet\train/Eczema Photos/parasitosis-psychogenic-1.jpg
5,E:\MedicalData\kagglechallenge\Dermnet\train/Eczema Photos/parasitosis-psychogenic-2.jpg
5,E:\MedicalData\kagglechallenge\Dermnet\train/Eczema Photos/phlebitis-superficial-1.jpg
5,E:\MedicalData\kagglechallenge\Dermnet\train/Eczema Photos/phlebitis-superficial-3.jpg
5,E:\MedicalData\kagglechallenge\Dermnet\train/Eczema Photos/phlebitis-superficial-5.jpg
5,E:\MedicalData\kagglechallenge\Dermnet\train/Eczema Photos/pompholyx-1.jpg
5,E:\MedicalData\kagglechallenge\Dermnet\train/Eczema Photos/pompholyx-10.jpg
5,E:\MedicalData\kagglechallenge\Dermnet\train/Eczema Photos/pompholyx-11.jpg
5,E:\MedicalData\kagglechallenge\Dermnet\train/Eczema Photos/pompholyx-12.jpg
5,E:\MedicalData\kagglechallenge\Dermnet\train/Eczema Photos/pompholyx-13.jpg
5,E:\MedicalData\kagglechallenge\Dermnet\train/Eczema Photos/pompholyx-15.jpg
5,E:\MedicalData\kagglechallenge\Dermnet\train/Eczema Photos/pompholyx-16.jpg
5,E:\MedicalData\kagglechallenge\Dermnet\train/Eczema Photos/pompholyx-17.jpg
5,E:\MedicalData\kagglechallenge\Dermnet\train/Eczema Photos/pompholyx-18.jpg
5,E:\MedicalData\kagglechallenge\Dermnet\train/Eczema Photos/pompholyx-19.jpg
5,E:\MedicalData\kagglechallenge\Dermnet\train/Eczema Photos/pompholyx-2.jpg
5,E:\MedicalData\kagglechallenge\Dermnet\train/Eczema Photos/pompholyx-20.jpg
5,E:\MedicalData\kagglechallenge\Dermnet\train/Eczema Photos/pompholyx-22.jpg
5,E:\MedicalData\kagglechallenge\Dermnet\train/Eczema Photos/pompholyx-24.jpg
5,E:\MedicalData\kagglechallenge\Dermnet\train/Eczema Photos/pompholyx-25.jpg
5,E:\MedicalData\kagglechallenge\Dermnet\train/Eczema Photos/pompholyx-26.jpg
5,E:\MedicalData\kagglechallenge\Dermnet\train/Eczema Photos/pompholyx-27.jpg
5,E:\MedicalData\kagglechallenge\Dermnet\train/Eczema Photos/pompholyx-28.jpg
5,E:\MedicalData\kagglechallenge\Dermnet\train/Eczema Photos/pompholyx-29.jpg
5,E:\MedicalData\kagglechallenge\Dermnet\train/Eczema Photos/pompholyx-3.jpg
5,E:\MedicalData\kagglechallenge\Dermnet\train/Eczema Photos/pompholyx-30.jpg
5,E:\MedicalData\kagglechallenge\Dermnet\train/Eczema Photos/pompholyx-31.jpg
5,E:\MedicalData\kagglechallenge\Dermnet\train/Eczema Photos/pompholyx-32.jpg
5,E:\MedicalData\kagglechallenge\Dermnet\train/Eczema Photos/pompholyx-33.jpg
5,E:\MedicalData\kagglechallenge\Dermnet\train/Eczema Photos/pompholyx-35.jpg
5,E:\MedicalData\kagglechallenge\Dermnet\train/Eczema Photos/pompholyx-37.jpg
5,E:\MedicalData\kagglechallenge\Dermnet\train/Eczema Photos/pompholyx-38.jpg
5,E:\MedicalData\kagglechallenge\Dermnet\train/Eczema Photos/pompholyx-39.jpg
5,E:\MedicalData\kagglechallenge\Dermnet\train/Eczema Photos/pompholyx-4.jpg
5,E:\MedicalData\kagglechallenge\Dermnet\train/Eczema Photos/pompholyx-5.jpg
5,E:\MedicalData\kagglechallenge\Dermnet\train/Eczema Photos/pompholyx-6.jpg
5,E:\MedicalData\kagglechallenge\Dermnet\train/Eczema Photos/pompholyx-8.jpg
5,E:\MedicalData\kagglechallenge\Dermnet\train/Eczema Photos/prurigo-nodularis-10.jpg
5,E:\MedicalData\kagglechallenge\Dermnet\train/Eczema Photos/prurigo-nodularis-13.jpg
5,E:\MedicalData\kagglechallenge\Dermnet\train/Eczema Photos/prurigo-nodularis-14.jpg
5,E:\MedicalData\kagglechallenge\Dermnet\train/Eczema Photos/prurigo-nodularis-15.jpg
5,E:\MedicalData\kagglechallenge\Dermnet\train/Eczema Photos/prurigo-nodularis-17.jpg
5,E:\MedicalData\kagglechallenge\Dermnet\train/Eczema Photos/prurigo-nodularis-18.jpg
5,E:\MedicalData\kagglechallenge\Dermnet\train/Eczema Photos/prurigo-nodularis-19.jpg
5,E:\MedicalData\kagglechallenge\Dermnet\train/Eczema Photos/prurigo-nodularis-2.jpg
5,E:\MedicalData\kagglechallenge\Dermnet\train/Eczema Photos/prurigo-nodularis-20.jpg
5,E:\MedicalData\kagglechallenge\Dermnet\train/Eczema Photos/prurigo-nodularis-21.jpg
5,E:\MedicalData\kagglechallenge\Dermnet\train/Eczema Photos/prurigo-nodularis-23.jpg
5,E:\MedicalData\kagglechallenge\Dermnet\train/Eczema Photos/prurigo-nodularis-24.jpg
5,E:\MedicalData\kagglechallenge\Dermnet\train/Eczema Photos/prurigo-nodularis-25.jpg
5,E:\MedicalData\kagglechallenge\Dermnet\train/Eczema Photos/prurigo-nodularis-27.jpg
5,E:\MedicalData\kagglechallenge\Dermnet\train/Eczema Photos/prurigo-nodularis-28.jpg
5,E:\MedicalData\kagglechallenge\Dermnet\train/Eczema Photos/prurigo-nodularis-29.jpg
5,E:\MedicalData\kagglechallenge\Dermnet\train/Eczema Photos/prurigo-nodularis-3.jpg
5,E:\MedicalData\kagglechallenge\Dermnet\train/Eczema Photos/prurigo-nodularis-31.jpg
5,E:\MedicalData\kagglechallenge\Dermnet\train/Eczema Photos/prurigo-nodularis-33.jpg
5,E:\MedicalData\kagglechallenge\Dermnet\train/Eczema Photos/prurigo-nodularis-34.jpg
5,E:\MedicalData\kagglechallenge\Dermnet\train/Eczema Photos/prurigo-nodularis-35.jpg
5,E:\MedicalData\kagglechallenge\Dermnet\train/Eczema Photos/prurigo-nodularis-36.jpg
5,E:\MedicalData\kagglechallenge\Dermnet\train/Eczema Photos/prurigo-nodularis-37.jpg
5,E:\MedicalData\kagglechallenge\Dermnet\train/Eczema Photos/prurigo-nodularis-38.jpg
5,E:\MedicalData\kagglechallenge\Dermnet\train/Eczema Photos/prurigo-nodularis-4.jpg
5,E:\MedicalData\kagglechallenge\Dermnet\train/Eczema Photos/prurigo-nodularis-41.jpg
5,E:\MedicalData\kagglechallenge\Dermnet\train/Eczema Photos/prurigo-nodularis-42.jpg
5,E:\MedicalData\kagglechallenge\Dermnet\train/Eczema Photos/prurigo-nodularis-45.jpg
5,E:\MedicalData\kagglechallenge\Dermnet\train/Eczema Photos/prurigo-nodularis-48.jpg
5,E:\MedicalData\kagglechallenge\Dermnet\train/Eczema Photos/prurigo-nodularis-5.jpg
5,E:\MedicalData\kagglechallenge\Dermnet\train/Eczema Photos/prurigo-nodularis-51.jpg
5,E:\MedicalData\kagglechallenge\Dermnet\train/Eczema Photos/prurigo-nodularis-52.jpg
5,E:\MedicalData\kagglechallenge\Dermnet\train/Eczema Photos/prurigo-nodularis-53.jpg
5,E:\MedicalData\kagglechallenge\Dermnet\train/Eczema Photos/prurigo-nodularis-54.jpg
5,E:\MedicalData\kagglechallenge\Dermnet\train/Eczema Photos/prurigo-nodularis-6.jpg
5,E:\MedicalData\kagglechallenge\Dermnet\train/Eczema Photos/prurigo-nodularis-7.jpg
5,E:\MedicalData\kagglechallenge\Dermnet\train/Eczema Photos/prurigo-nodularis-8.jpg
5,E:\MedicalData\kagglechallenge\Dermnet\train/Eczema Photos/stasis-dermatitis-10.jpg
5,E:\MedicalData\kagglechallenge\Dermnet\train/Eczema Photos/stasis-dermatitis-100.jpg
5,E:\MedicalData\kagglechallenge\Dermnet\train/Eczema Photos/stasis-dermatitis-102.jpg
5,E:\MedicalData\kagglechallenge\Dermnet\train/Eczema Photos/stasis-dermatitis-106.jpg
5,E:\MedicalData\kagglechallenge\Dermnet\train/Eczema Photos/stasis-dermatitis-109.jpg
5,E:\MedicalData\kagglechallenge\Dermnet\train/Eczema Photos/stasis-dermatitis-11.jpg
5,E:\MedicalData\kagglechallenge\Dermnet\train/Eczema Photos/stasis-dermatitis-110.jpg
5,E:\MedicalData\kagglechallenge\Dermnet\train/Eczema Photos/stasis-dermatitis-111.jpg
5,E:\MedicalData\kagglechallenge\Dermnet\train/Eczema Photos/stasis-dermatitis-112.jpg
5,E:\MedicalData\kagglechallenge\Dermnet\train/Eczema Photos/stasis-dermatitis-114.jpg
5,E:\MedicalData\kagglechallenge\Dermnet\train/Eczema Photos/stasis-dermatitis-116.jpg
5,E:\MedicalData\kagglechallenge\Dermnet\train/Eczema Photos/stasis-dermatitis-117.jpg
5,E:\MedicalData\kagglechallenge\Dermnet\train/Eczema Photos/stasis-dermatitis-12.jpg
5,E:\MedicalData\kagglechallenge\Dermnet\train/Eczema Photos/stasis-dermatitis-120.jpg
5,E:\MedicalData\kagglechallenge\Dermnet\train/Eczema Photos/stasis-dermatitis-121.jpg
5,E:\MedicalData\kagglechallenge\Dermnet\train/Eczema Photos/stasis-dermatitis-123.jpg
5,E:\MedicalData\kagglechallenge\Dermnet\train/Eczema Photos/stasis-dermatitis-124.jpg
5,E:\MedicalData\kagglechallenge\Dermnet\train/Eczema Photos/stasis-dermatitis-126.jpg
5,E:\MedicalData\kagglechallenge\Dermnet\train/Eczema Photos/stasis-dermatitis-128.jpg
5,E:\MedicalData\kagglechallenge\Dermnet\train/Eczema Photos/stasis-dermatitis-129.jpg
5,E:\MedicalData\kagglechallenge\Dermnet\train/Eczema Photos/stasis-dermatitis-13.jpg
5,E:\MedicalData\kagglechallenge\Dermnet\train/Eczema Photos/stasis-dermatitis-130.jpg
5,E:\MedicalData\kagglechallenge\Dermnet\train/Eczema Photos/stasis-dermatitis-131.jpg
5,E:\MedicalData\kagglechallenge\Dermnet\train/Eczema Photos/stasis-dermatitis-132.jpg
5,E:\MedicalData\kagglechallenge\Dermnet\train/Eczema Photos/stasis-dermatitis-133.jpg
5,E:\MedicalData\kagglechallenge\Dermnet\train/Eczema Photos/stasis-dermatitis-134.jpg
5,E:\MedicalData\kagglechallenge\Dermnet\train/Eczema Photos/stasis-dermatitis-136.jpg
5,E:\MedicalData\kagglechallenge\Dermnet\train/Eczema Photos/stasis-dermatitis-139.jpg
5,E:\MedicalData\kagglechallenge\Dermnet\train/Eczema Photos/stasis-dermatitis-14.jpg
5,E:\MedicalData\kagglechallenge\Dermnet\train/Eczema Photos/stasis-dermatitis-140.jpg
5,E:\MedicalData\kagglechallenge\Dermnet\train/Eczema Photos/stasis-dermatitis-142.jpg
5,E:\MedicalData\kagglechallenge\Dermnet\train/Eczema Photos/stasis-dermatitis-143.jpg
5,E:\MedicalData\kagglechallenge\Dermnet\train/Eczema Photos/stasis-dermatitis-147.jpg
5,E:\MedicalData\kagglechallenge\Dermnet\train/Eczema Photos/stasis-dermatitis-148.jpg
5,E:\MedicalData\kagglechallenge\Dermnet\train/Eczema Photos/stasis-dermatitis-149.jpg
5,E:\MedicalData\kagglechallenge\Dermnet\train/Eczema Photos/stasis-dermatitis-15.jpg
5,E:\MedicalData\kagglechallenge\Dermnet\train/Eczema Photos/stasis-dermatitis-152.jpg
5,E:\MedicalData\kagglechallenge\Dermnet\train/Eczema Photos/stasis-dermatitis-153.jpg
5,E:\MedicalData\kagglechallenge\Dermnet\train/Eczema Photos/stasis-dermatitis-154.jpg
5,E:\MedicalData\kagglechallenge\Dermnet\train/Eczema Photos/stasis-dermatitis-155.jpg
5,E:\MedicalData\kagglechallenge\Dermnet\train/Eczema Photos/stasis-dermatitis-157.jpg
5,E:\MedicalData\kagglechallenge\Dermnet\train/Eczema Photos/stasis-dermatitis-159.jpg
5,E:\MedicalData\kagglechallenge\Dermnet\train/Eczema Photos/stasis-dermatitis-16.jpg
5,E:\MedicalData\kagglechallenge\Dermnet\train/Eczema Photos/stasis-dermatitis-160.jpg
5,E:\MedicalData\kagglechallenge\Dermnet\train/Eczema Photos/stasis-dermatitis-164.jpg
5,E:\MedicalData\kagglechallenge\Dermnet\train/Eczema Photos/stasis-dermatitis-165.jpg
5,E:\MedicalData\kagglechallenge\Dermnet\train/Eczema Photos/stasis-dermatitis-166.jpg
5,E:\MedicalData\kagglechallenge\Dermnet\train/Eczema Photos/stasis-dermatitis-167.jpg
5,E:\MedicalData\kagglechallenge\Dermnet\train/Eczema Photos/stasis-dermatitis-169.jpg
5,E:\MedicalData\kagglechallenge\Dermnet\train/Eczema Photos/stasis-dermatitis-17.jpg
5,E:\MedicalData\kagglechallenge\Dermnet\train/Eczema Photos/stasis-dermatitis-171.jpg
5,E:\MedicalData\kagglechallenge\Dermnet\train/Eczema Photos/stasis-dermatitis-172.jpg
5,E:\MedicalData\kagglechallenge\Dermnet\train/Eczema Photos/stasis-dermatitis-173.jpg
5,E:\MedicalData\kagglechallenge\Dermnet\train/Eczema Photos/stasis-dermatitis-178.jpg
5,E:\MedicalData\kagglechallenge\Dermnet\train/Eczema Photos/stasis-dermatitis-18.jpg
5,E:\MedicalData\kagglechallenge\Dermnet\train/Eczema Photos/stasis-dermatitis-180.jpg
5,E:\MedicalData\kagglechallenge\Dermnet\train/Eczema Photos/stasis-dermatitis-181.jpg
5,E:\MedicalData\kagglechallenge\Dermnet\train/Eczema Photos/stasis-dermatitis-184.jpg
5,E:\MedicalData\kagglechallenge\Dermnet\train/Eczema Photos/stasis-dermatitis-185.jpg
5,E:\MedicalData\kagglechallenge\Dermnet\train/Eczema Photos/stasis-dermatitis-187.jpg
5,E:\MedicalData\kagglechallenge\Dermnet\train/Eczema Photos/stasis-dermatitis-188.jpg
5,E:\MedicalData\kagglechallenge\Dermnet\train/Eczema Photos/stasis-dermatitis-189.jpg
5,E:\MedicalData\kagglechallenge\Dermnet\train/Eczema Photos/stasis-dermatitis-19.jpg
5,E:\MedicalData\kagglechallenge\Dermnet\train/Eczema Photos/stasis-dermatitis-190.jpg
5,E:\MedicalData\kagglechallenge\Dermnet\train/Eczema Photos/stasis-dermatitis-192.jpg
5,E:\MedicalData\kagglechallenge\Dermnet\train/Eczema Photos/stasis-dermatitis-194.jpg
5,E:\MedicalData\kagglechallenge\Dermnet\train/Eczema Photos/stasis-dermatitis-20.jpg
5,E:\MedicalData\kagglechallenge\Dermnet\train/Eczema Photos/stasis-dermatitis-21.jpg
5,E:\MedicalData\kagglechallenge\Dermnet\train/Eczema Photos/stasis-dermatitis-22.jpg
5,E:\MedicalData\kagglechallenge\Dermnet\train/Eczema Photos/stasis-dermatitis-24.jpg
5,E:\MedicalData\kagglechallenge\Dermnet\train/Eczema Photos/stasis-dermatitis-25.jpg
5,E:\MedicalData\kagglechallenge\Dermnet\train/Eczema Photos/stasis-dermatitis-27.jpg
5,E:\MedicalData\kagglechallenge\Dermnet\train/Eczema Photos/stasis-dermatitis-28.jpg
5,E:\MedicalData\kagglechallenge\Dermnet\train/Eczema Photos/stasis-dermatitis-29.jpg
5,E:\MedicalData\kagglechallenge\Dermnet\train/Eczema Photos/stasis-dermatitis-8.jpg
5,E:\MedicalData\kagglechallenge\Dermnet\train/Eczema Photos/stasis-dermatitis-80.jpg
5,E:\MedicalData\kagglechallenge\Dermnet\train/Eczema Photos/stasis-dermatitis-81.jpg
5,E:\MedicalData\kagglechallenge\Dermnet\train/Eczema Photos/stasis-dermatitis-82.jpg
5,E:\MedicalData\kagglechallenge\Dermnet\train/Eczema Photos/stasis-dermatitis-84.jpg
5,E:\MedicalData\kagglechallenge\Dermnet\train/Eczema Photos/stasis-dermatitis-86.jpg
5,E:\MedicalData\kagglechallenge\Dermnet\train/Eczema Photos/stasis-dermatitis-87.jpg
5,E:\MedicalData\kagglechallenge\Dermnet\train/Eczema Photos/stasis-dermatitis-88.jpg
5,E:\MedicalData\kagglechallenge\Dermnet\train/Eczema Photos/stasis-dermatitis-9.jpg
5,E:\MedicalData\kagglechallenge\Dermnet\train/Eczema Photos/stasis-dermatitis-90.jpg
5,E:\MedicalData\kagglechallenge\Dermnet\train/Eczema Photos/stasis-dermatitis-95.jpg
5,E:\MedicalData\kagglechallenge\Dermnet\train/Eczema Photos/stasis-dermatitis-99.jpg
6,E:\MedicalData\kagglechallenge\Dermnet\train/Exanthems and Drug Eruptions/14PostInfDesquam1.jpg
6,E:\MedicalData\kagglechallenge\Dermnet\train/Exanthems and Drug Eruptions/acute-generalized-exanthematous-pustulosis-1.jpg
6,E:\MedicalData\kagglechallenge\Dermnet\train/Exanthems and Drug Eruptions/drug-eruption-photosensitivity-1.jpg
6,E:\MedicalData\kagglechallenge\Dermnet\train/Exanthems and Drug Eruptions/drug-eruption-photosensitivity-10.jpg
6,E:\MedicalData\kagglechallenge\Dermnet\train/Exanthems and Drug Eruptions/drug-eruption-photosensitivity-11.jpg
6,E:\MedicalData\kagglechallenge\Dermnet\train/Exanthems and Drug Eruptions/drug-eruption-photosensitivity-12.jpg
6,E:\MedicalData\kagglechallenge\Dermnet\train/Exanthems and Drug Eruptions/drug-eruption-photosensitivity-13.jpg
6,E:\MedicalData\kagglechallenge\Dermnet\train/Exanthems and Drug Eruptions/drug-eruption-photosensitivity-14.jpg
6,E:\MedicalData\kagglechallenge\Dermnet\train/Exanthems and Drug Eruptions/drug-eruption-photosensitivity-15.jpg
6,E:\MedicalData\kagglechallenge\Dermnet\train/Exanthems and Drug Eruptions/drug-eruption-photosensitivity-16.jpg
6,E:\MedicalData\kagglechallenge\Dermnet\train/Exanthems and Drug Eruptions/drug-eruption-photosensitivity-2.jpg
6,E:\MedicalData\kagglechallenge\Dermnet\train/Exanthems and Drug Eruptions/drug-eruption-photosensitivity-4.jpg
6,E:\MedicalData\kagglechallenge\Dermnet\train/Exanthems and Drug Eruptions/drug-eruption-photosensitivity-5.jpg
6,E:\MedicalData\kagglechallenge\Dermnet\train/Exanthems and Drug Eruptions/drug-eruption-photosensitivity-6.jpg
6,E:\MedicalData\kagglechallenge\Dermnet\train/Exanthems and Drug Eruptions/drug-eruption-photosensitivity-8.jpg
6,E:\MedicalData\kagglechallenge\Dermnet\train/Exanthems and Drug Eruptions/drug-eruption-photosensitivity-9.jpg
6,E:\MedicalData\kagglechallenge\Dermnet\train/Exanthems and Drug Eruptions/drug-eruptions-1.jpg
6,E:\MedicalData\kagglechallenge\Dermnet\train/Exanthems and Drug Eruptions/drug-eruptions-10.jpg
6,E:\MedicalData\kagglechallenge\Dermnet\train/Exanthems and Drug Eruptions/drug-eruptions-100.jpg
6,E:\MedicalData\kagglechallenge\Dermnet\train/Exanthems and Drug Eruptions/drug-eruptions-102.jpg
6,E:\MedicalData\kagglechallenge\Dermnet\train/Exanthems and Drug Eruptions/drug-eruptions-103.jpg
6,E:\MedicalData\kagglechallenge\Dermnet\train/Exanthems and Drug Eruptions/drug-eruptions-105.jpg
6,E:\MedicalData\kagglechallenge\Dermnet\train/Exanthems and Drug Eruptions/drug-eruptions-108.jpg
6,E:\MedicalData\kagglechallenge\Dermnet\train/Exanthems and Drug Eruptions/drug-eruptions-109.jpg
6,E:\MedicalData\kagglechallenge\Dermnet\train/Exanthems and Drug Eruptions/drug-eruptions-12.jpg
6,E:\MedicalData\kagglechallenge\Dermnet\train/Exanthems and Drug Eruptions/drug-eruptions-13.jpg
6,E:\MedicalData\kagglechallenge\Dermnet\train/Exanthems and Drug Eruptions/drug-eruptions-14.jpg
6,E:\MedicalData\kagglechallenge\Dermnet\train/Exanthems and Drug Eruptions/drug-eruptions-16.jpg
6,E:\MedicalData\kagglechallenge\Dermnet\train/Exanthems and Drug Eruptions/drug-eruptions-17.jpg
6,E:\MedicalData\kagglechallenge\Dermnet\train/Exanthems and Drug Eruptions/drug-eruptions-19.jpg
6,E:\MedicalData\kagglechallenge\Dermnet\train/Exanthems and Drug Eruptions/drug-eruptions-2.jpg
6,E:\MedicalData\kagglechallenge\Dermnet\train/Exanthems and Drug Eruptions/drug-eruptions-20.jpg
6,E:\MedicalData\kagglechallenge\Dermnet\train/Exanthems and Drug Eruptions/drug-eruptions-21.jpg
6,E:\MedicalData\kagglechallenge\Dermnet\train/Exanthems and Drug Eruptions/drug-eruptions-24.jpg
6,E:\MedicalData\kagglechallenge\Dermnet\train/Exanthems and Drug Eruptions/drug-eruptions-25.jpg
6,E:\MedicalData\kagglechallenge\Dermnet\train/Exanthems and Drug Eruptions/drug-eruptions-26.jpg
6,E:\MedicalData\kagglechallenge\Dermnet\train/Exanthems and Drug Eruptions/drug-eruptions-27.jpg
6,E:\MedicalData\kagglechallenge\Dermnet\train/Exanthems and Drug Eruptions/drug-eruptions-28.jpg
6,E:\MedicalData\kagglechallenge\Dermnet\train/Exanthems and Drug Eruptions/drug-eruptions-29.jpg
6,E:\MedicalData\kagglechallenge\Dermnet\train/Exanthems and Drug Eruptions/drug-eruptions-3.jpg
6,E:\MedicalData\kagglechallenge\Dermnet\train/Exanthems and Drug Eruptions/drug-eruptions-31.jpg
6,E:\MedicalData\kagglechallenge\Dermnet\train/Exanthems and Drug Eruptions/drug-eruptions-34.jpg
6,E:\MedicalData\kagglechallenge\Dermnet\train/Exanthems and Drug Eruptions/drug-eruptions-35.jpg
6,E:\MedicalData\kagglechallenge\Dermnet\train/Exanthems and Drug Eruptions/drug-eruptions-36.jpg
6,E:\MedicalData\kagglechallenge\Dermnet\train/Exanthems and Drug Eruptions/drug-eruptions-37.jpg
6,E:\MedicalData\kagglechallenge\Dermnet\train/Exanthems and Drug Eruptions/drug-eruptions-38.jpg
6,E:\MedicalData\kagglechallenge\Dermnet\train/Exanthems and Drug Eruptions/drug-eruptions-39.jpg
6,E:\MedicalData\kagglechallenge\Dermnet\train/Exanthems and Drug Eruptions/drug-eruptions-43.jpg
6,E:\MedicalData\kagglechallenge\Dermnet\train/Exanthems and Drug Eruptions/drug-eruptions-44.jpg
6,E:\MedicalData\kagglechallenge\Dermnet\train/Exanthems and Drug Eruptions/drug-eruptions-47.jpg
6,E:\MedicalData\kagglechallenge\Dermnet\train/Exanthems and Drug Eruptions/drug-eruptions-48.jpg
6,E:\MedicalData\kagglechallenge\Dermnet\train/Exanthems and Drug Eruptions/drug-eruptions-49.jpg
6,E:\MedicalData\kagglechallenge\Dermnet\train/Exanthems and Drug Eruptions/drug-eruptions-5.jpg
6,E:\MedicalData\kagglechallenge\Dermnet\train/Exanthems and Drug Eruptions/drug-eruptions-50.jpg
6,E:\MedicalData\kagglechallenge\Dermnet\train/Exanthems and Drug Eruptions/drug-eruptions-51.jpg
6,E:\MedicalData\kagglechallenge\Dermnet\train/Exanthems and Drug Eruptions/drug-eruptions-52.jpg
6,E:\MedicalData\kagglechallenge\Dermnet\train/Exanthems and Drug Eruptions/drug-eruptions-54.jpg
6,E:\MedicalData\kagglechallenge\Dermnet\train/Exanthems and Drug Eruptions/drug-eruptions-55.jpg
6,E:\MedicalData\kagglechallenge\Dermnet\train/Exanthems and Drug Eruptions/drug-eruptions-56.jpg
6,E:\MedicalData\kagglechallenge\Dermnet\train/Exanthems and Drug Eruptions/drug-eruptions-57.jpg
6,E:\MedicalData\kagglechallenge\Dermnet\train/Exanthems and Drug Eruptions/drug-eruptions-58.jpg
6,E:\MedicalData\kagglechallenge\Dermnet\train/Exanthems and Drug Eruptions/drug-eruptions-62.jpg
6,E:\MedicalData\kagglechallenge\Dermnet\train/Exanthems and Drug Eruptions/drug-eruptions-63.jpg
6,E:\MedicalData\kagglechallenge\Dermnet\train/Exanthems and Drug Eruptions/drug-eruptions-64.jpg
6,E:\MedicalData\kagglechallenge\Dermnet\train/Exanthems and Drug Eruptions/drug-eruptions-65.jpg
6,E:\MedicalData\kagglechallenge\Dermnet\train/Exanthems and Drug Eruptions/drug-eruptions-66.jpg
6,E:\MedicalData\kagglechallenge\Dermnet\train/Exanthems and Drug Eruptions/drug-eruptions-67.jpg
6,E:\MedicalData\kagglechallenge\Dermnet\train/Exanthems and Drug Eruptions/drug-eruptions-70.jpg
6,E:\MedicalData\kagglechallenge\Dermnet\train/Exanthems and Drug Eruptions/drug-eruptions-71.jpg
6,E:\MedicalData\kagglechallenge\Dermnet\train/Exanthems and Drug Eruptions/drug-eruptions-72.jpg
6,E:\MedicalData\kagglechallenge\Dermnet\train/Exanthems and Drug Eruptions/drug-eruptions-73.jpg
6,E:\MedicalData\kagglechallenge\Dermnet\train/Exanthems and Drug Eruptions/drug-eruptions-75.jpg
6,E:\MedicalData\kagglechallenge\Dermnet\train/Exanthems and Drug Eruptions/drug-eruptions-79.jpg
6,E:\MedicalData\kagglechallenge\Dermnet\train/Exanthems and Drug Eruptions/drug-eruptions-8.jpg
6,E:\MedicalData\kagglechallenge\Dermnet\train/Exanthems and Drug Eruptions/drug-eruptions-81.jpg
6,E:\MedicalData\kagglechallenge\Dermnet\train/Exanthems and Drug Eruptions/drug-eruptions-82.jpg
6,E:\MedicalData\kagglechallenge\Dermnet\train/Exanthems and Drug Eruptions/drug-eruptions-83.jpg
6,E:\MedicalData\kagglechallenge\Dermnet\train/Exanthems and Drug Eruptions/drug-eruptions-86.jpg
6,E:\MedicalData\kagglechallenge\Dermnet\train/Exanthems and Drug Eruptions/drug-eruptions-87.jpg
6,E:\MedicalData\kagglechallenge\Dermnet\train/Exanthems and Drug Eruptions/drug-eruptions-88.jpg
6,E:\MedicalData\kagglechallenge\Dermnet\train/Exanthems and Drug Eruptions/drug-eruptions-89.jpg
6,E:\MedicalData\kagglechallenge\Dermnet\train/Exanthems and Drug Eruptions/drug-eruptions-90.jpg
6,E:\MedicalData\kagglechallenge\Dermnet\train/Exanthems and Drug Eruptions/drug-eruptions-93.jpg
6,E:\MedicalData\kagglechallenge\Dermnet\train/Exanthems and Drug Eruptions/drug-eruptions-95.jpg
6,E:\MedicalData\kagglechallenge\Dermnet\train/Exanthems and Drug Eruptions/drug-eruptions-97.jpg
6,E:\MedicalData\kagglechallenge\Dermnet\train/Exanthems and Drug Eruptions/drug-eruptions-98.jpg
6,E:\MedicalData\kagglechallenge\Dermnet\train/Exanthems and Drug Eruptions/drug-eruptions-99.jpg
6,E:\MedicalData\kagglechallenge\Dermnet\train/Exanthems and Drug Eruptions/drug-lichenoid-eruption-1.jpg
6,E:\MedicalData\kagglechallenge\Dermnet\train/Exanthems and Drug Eruptions/drug-lichenoid-eruption-10.jpg
6,E:\MedicalData\kagglechallenge\Dermnet\train/Exanthems and Drug Eruptions/drug-lichenoid-eruption-11.jpg
6,E:\MedicalData\kagglechallenge\Dermnet\train/Exanthems and Drug Eruptions/drug-lichenoid-eruption-12.jpg
6,E:\MedicalData\kagglechallenge\Dermnet\train/Exanthems and Drug Eruptions/drug-lichenoid-eruption-13.jpg
6,E:\MedicalData\kagglechallenge\Dermnet\train/Exanthems and Drug Eruptions/drug-lichenoid-eruption-14.jpg
6,E:\MedicalData\kagglechallenge\Dermnet\train/Exanthems and Drug Eruptions/drug-lichenoid-eruption-2.jpg
6,E:\MedicalData\kagglechallenge\Dermnet\train/Exanthems and Drug Eruptions/drug-lichenoid-eruption-3.jpg
6,E:\MedicalData\kagglechallenge\Dermnet\train/Exanthems and Drug Eruptions/drug-lichenoid-eruption-4.jpg
6,E:\MedicalData\kagglechallenge\Dermnet\train/Exanthems and Drug Eruptions/drug-lichenoid-eruption-5.jpg
6,E:\MedicalData\kagglechallenge\Dermnet\train/Exanthems and Drug Eruptions/drug-lichenoid-eruption-6.jpg
6,E:\MedicalData\kagglechallenge\Dermnet\train/Exanthems and Drug Eruptions/drug-lichenoid-eruption-7.jpg
6,E:\MedicalData\kagglechallenge\Dermnet\train/Exanthems and Drug Eruptions/drug-lichenoid-eruption-8.jpg
6,E:\MedicalData\kagglechallenge\Dermnet\train/Exanthems and Drug Eruptions/drug-lichenoid-eruption-9.jpg
6,E:\MedicalData\kagglechallenge\Dermnet\train/Exanthems and Drug Eruptions/enterovirus-1.jpg
6,E:\MedicalData\kagglechallenge\Dermnet\train/Exanthems and Drug Eruptions/enterovirus-10.jpg
6,E:\MedicalData\kagglechallenge\Dermnet\train/Exanthems and Drug Eruptions/enterovirus-11.jpg
6,E:\MedicalData\kagglechallenge\Dermnet\train/Exanthems and Drug Eruptions/enterovirus-12.jpg
6,E:\MedicalData\kagglechallenge\Dermnet\train/Exanthems and Drug Eruptions/enterovirus-13.jpg
6,E:\MedicalData\kagglechallenge\Dermnet\train/Exanthems and Drug Eruptions/enterovirus-14.jpg
6,E:\MedicalData\kagglechallenge\Dermnet\train/Exanthems and Drug Eruptions/enterovirus-17.jpg
6,E:\MedicalData\kagglechallenge\Dermnet\train/Exanthems and Drug Eruptions/enterovirus-2.jpg
6,E:\MedicalData\kagglechallenge\Dermnet\train/Exanthems and Drug Eruptions/enterovirus-22.jpg
6,E:\MedicalData\kagglechallenge\Dermnet\train/Exanthems and Drug Eruptions/enterovirus-23.jpg
6,E:\MedicalData\kagglechallenge\Dermnet\train/Exanthems and Drug Eruptions/enterovirus-24.jpg
6,E:\MedicalData\kagglechallenge\Dermnet\train/Exanthems and Drug Eruptions/enterovirus-25.jpg
6,E:\MedicalData\kagglechallenge\Dermnet\train/Exanthems and Drug Eruptions/enterovirus-26.jpg
6,E:\MedicalData\kagglechallenge\Dermnet\train/Exanthems and Drug Eruptions/enterovirus-27.jpg
6,E:\MedicalData\kagglechallenge\Dermnet\train/Exanthems and Drug Eruptions/enterovirus-28.jpg
6,E:\MedicalData\kagglechallenge\Dermnet\train/Exanthems and Drug Eruptions/enterovirus-3.jpg
6,E:\MedicalData\kagglechallenge\Dermnet\train/Exanthems and Drug Eruptions/enterovirus-4.jpg
6,E:\MedicalData\kagglechallenge\Dermnet\train/Exanthems and Drug Eruptions/enterovirus-5.jpg
6,E:\MedicalData\kagglechallenge\Dermnet\train/Exanthems and Drug Eruptions/enterovirus-6.jpg
6,E:\MedicalData\kagglechallenge\Dermnet\train/Exanthems and Drug Eruptions/enterovirus-9.jpg
6,E:\MedicalData\kagglechallenge\Dermnet\train/Exanthems and Drug Eruptions/erythema-infectiosum-1.jpg
6,E:\MedicalData\kagglechallenge\Dermnet\train/Exanthems and Drug Eruptions/erythema-infectiosum-11.jpg
6,E:\MedicalData\kagglechallenge\Dermnet\train/Exanthems and Drug Eruptions/erythema-infectiosum-13.jpg
6,E:\MedicalData\kagglechallenge\Dermnet\train/Exanthems and Drug Eruptions/erythema-infectiosum-14.jpg
6,E:\MedicalData\kagglechallenge\Dermnet\train/Exanthems and Drug Eruptions/erythema-infectiosum-15.jpg
6,E:\MedicalData\kagglechallenge\Dermnet\train/Exanthems and Drug Eruptions/erythema-infectiosum-17.jpg
6,E:\MedicalData\kagglechallenge\Dermnet\train/Exanthems and Drug Eruptions/erythema-infectiosum-18.jpg
6,E:\MedicalData\kagglechallenge\Dermnet\train/Exanthems and Drug Eruptions/erythema-infectiosum-19.jpg
6,E:\MedicalData\kagglechallenge\Dermnet\train/Exanthems and Drug Eruptions/erythema-infectiosum-20.jpg
6,E:\MedicalData\kagglechallenge\Dermnet\train/Exanthems and Drug Eruptions/erythema-infectiosum-21.jpg
6,E:\MedicalData\kagglechallenge\Dermnet\train/Exanthems and Drug Eruptions/erythema-infectiosum-22.jpg
6,E:\MedicalData\kagglechallenge\Dermnet\train/Exanthems and Drug Eruptions/erythema-infectiosum-23.jpg
6,E:\MedicalData\kagglechallenge\Dermnet\train/Exanthems and Drug Eruptions/erythema-infectiosum-24.jpg
6,E:\MedicalData\kagglechallenge\Dermnet\train/Exanthems and Drug Eruptions/erythema-infectiosum-26.jpg
6,E:\MedicalData\kagglechallenge\Dermnet\train/Exanthems and Drug Eruptions/erythema-infectiosum-27.jpg
6,E:\MedicalData\kagglechallenge\Dermnet\train/Exanthems and Drug Eruptions/erythema-infectiosum-28.jpg
6,E:\MedicalData\kagglechallenge\Dermnet\train/Exanthems and Drug Eruptions/erythema-infectiosum-29.jpg
6,E:\MedicalData\kagglechallenge\Dermnet\train/Exanthems and Drug Eruptions/erythema-infectiosum-31.jpg
6,E:\MedicalData\kagglechallenge\Dermnet\train/Exanthems and Drug Eruptions/erythema-infectiosum-33.jpg
6,E:\MedicalData\kagglechallenge\Dermnet\train/Exanthems and Drug Eruptions/erythema-infectiosum-34.jpg
6,E:\MedicalData\kagglechallenge\Dermnet\train/Exanthems and Drug Eruptions/erythema-infectiosum-35.jpg
6,E:\MedicalData\kagglechallenge\Dermnet\train/Exanthems and Drug Eruptions/erythema-infectiosum-36.jpg
6,E:\MedicalData\kagglechallenge\Dermnet\train/Exanthems and Drug Eruptions/erythema-infectiosum-37.jpg
6,E:\MedicalData\kagglechallenge\Dermnet\train/Exanthems and Drug Eruptions/erythema-infectiosum-38.jpg
6,E:\MedicalData\kagglechallenge\Dermnet\train/Exanthems and Drug Eruptions/erythema-infectiosum-39.jpg
6,E:\MedicalData\kagglechallenge\Dermnet\train/Exanthems and Drug Eruptions/erythema-infectiosum-4.jpg
6,E:\MedicalData\kagglechallenge\Dermnet\train/Exanthems and Drug Eruptions/erythema-infectiosum-6.jpg
6,E:\MedicalData\kagglechallenge\Dermnet\train/Exanthems and Drug Eruptions/erythema-infectiosum-9.jpg
6,E:\MedicalData\kagglechallenge\Dermnet\train/Exanthems and Drug Eruptions/erythema-neonatorum-2.jpg
6,E:\MedicalData\kagglechallenge\Dermnet\train/Exanthems and Drug Eruptions/erythema-neonatorum-3.jpg
6,E:\MedicalData\kagglechallenge\Dermnet\train/Exanthems and Drug Eruptions/exfoliative-dermatitis-1.jpg
6,E:\MedicalData\kagglechallenge\Dermnet\train/Exanthems and Drug Eruptions/exfoliative-dermatitis-4.jpg
6,E:\MedicalData\kagglechallenge\Dermnet\train/Exanthems and Drug Eruptions/exfoliative-dermatitis-6.jpg
6,E:\MedicalData\kagglechallenge\Dermnet\train/Exanthems and Drug Eruptions/exfoliative-dermatitis-8.jpg
6,E:\MedicalData\kagglechallenge\Dermnet\train/Exanthems and Drug Eruptions/ExpoliativeIMG001-GP3.jpg
6,E:\MedicalData\kagglechallenge\Dermnet\train/Exanthems and Drug Eruptions/fixed-drug-eruption-1.jpg
6,E:\MedicalData\kagglechallenge\Dermnet\train/Exanthems and Drug Eruptions/fixed-drug-eruption-10.jpg
6,E:\MedicalData\kagglechallenge\Dermnet\train/Exanthems and Drug Eruptions/fixed-drug-eruption-11.jpg
6,E:\MedicalData\kagglechallenge\Dermnet\train/Exanthems and Drug Eruptions/fixed-drug-eruption-12.jpg
6,E:\MedicalData\kagglechallenge\Dermnet\train/Exanthems and Drug Eruptions/fixed-drug-eruption-13.jpg
6,E:\MedicalData\kagglechallenge\Dermnet\train/Exanthems and Drug Eruptions/fixed-drug-eruption-14.jpg
6,E:\MedicalData\kagglechallenge\Dermnet\train/Exanthems and Drug Eruptions/fixed-drug-eruption-15.jpg
6,E:\MedicalData\kagglechallenge\Dermnet\train/Exanthems and Drug Eruptions/fixed-drug-eruption-16.jpg
6,E:\MedicalData\kagglechallenge\Dermnet\train/Exanthems and Drug Eruptions/fixed-drug-eruption-18.jpg
6,E:\MedicalData\kagglechallenge\Dermnet\train/Exanthems and Drug Eruptions/fixed-drug-eruption-19.jpg
6,E:\MedicalData\kagglechallenge\Dermnet\train/Exanthems and Drug Eruptions/fixed-drug-eruption-2.jpg
6,E:\MedicalData\kagglechallenge\Dermnet\train/Exanthems and Drug Eruptions/fixed-drug-eruption-20.jpg
6,E:\MedicalData\kagglechallenge\Dermnet\train/Exanthems and Drug Eruptions/fixed-drug-eruption-23.jpg
6,E:\MedicalData\kagglechallenge\Dermnet\train/Exanthems and Drug Eruptions/fixed-drug-eruption-24.jpg
6,E:\MedicalData\kagglechallenge\Dermnet\train/Exanthems and Drug Eruptions/fixed-drug-eruption-25.jpg
6,E:\MedicalData\kagglechallenge\Dermnet\train/Exanthems and Drug Eruptions/fixed-drug-eruption-26.jpg
6,E:\MedicalData\kagglechallenge\Dermnet\train/Exanthems and Drug Eruptions/fixed-drug-eruption-27.jpg
6,E:\MedicalData\kagglechallenge\Dermnet\train/Exanthems and Drug Eruptions/fixed-drug-eruption-28.jpg
6,E:\MedicalData\kagglechallenge\Dermnet\train/Exanthems and Drug Eruptions/fixed-drug-eruption-29.jpg
6,E:\MedicalData\kagglechallenge\Dermnet\train/Exanthems and Drug Eruptions/fixed-drug-eruption-3.jpg
6,E:\MedicalData\kagglechallenge\Dermnet\train/Exanthems and Drug Eruptions/fixed-drug-eruption-30.jpg
6,E:\MedicalData\kagglechallenge\Dermnet\train/Exanthems and Drug Eruptions/fixed-drug-eruption-33.jpg
6,E:\MedicalData\kagglechallenge\Dermnet\train/Exanthems and Drug Eruptions/fixed-drug-eruption-34.jpg
6,E:\MedicalData\kagglechallenge\Dermnet\train/Exanthems and Drug Eruptions/fixed-drug-eruption-35.jpg
6,E:\MedicalData\kagglechallenge\Dermnet\train/Exanthems and Drug Eruptions/fixed-drug-eruption-38.jpg
6,E:\MedicalData\kagglechallenge\Dermnet\train/Exanthems and Drug Eruptions/fixed-drug-eruption-39.jpg
6,E:\MedicalData\kagglechallenge\Dermnet\train/Exanthems and Drug Eruptions/fixed-drug-eruption-4.jpg
6,E:\MedicalData\kagglechallenge\Dermnet\train/Exanthems and Drug Eruptions/fixed-drug-eruption-40.jpg
6,E:\MedicalData\kagglechallenge\Dermnet\train/Exanthems and Drug Eruptions/fixed-drug-eruption-41.jpg
6,E:\MedicalData\kagglechallenge\Dermnet\train/Exanthems and Drug Eruptions/fixed-drug-eruption-42.jpg
6,E:\MedicalData\kagglechallenge\Dermnet\train/Exanthems and Drug Eruptions/fixed-drug-eruption-43.jpg
6,E:\MedicalData\kagglechallenge\Dermnet\train/Exanthems and Drug Eruptions/fixed-drug-eruption-44.jpg
6,E:\MedicalData\kagglechallenge\Dermnet\train/Exanthems and Drug Eruptions/fixed-drug-eruption-45.jpg
6,E:\MedicalData\kagglechallenge\Dermnet\train/Exanthems and Drug Eruptions/fixed-drug-eruption-46.jpg
6,E:\MedicalData\kagglechallenge\Dermnet\train/Exanthems and Drug Eruptions/fixed-drug-eruption-48.jpg
6,E:\MedicalData\kagglechallenge\Dermnet\train/Exanthems and Drug Eruptions/fixed-drug-eruption-49.jpg
6,E:\MedicalData\kagglechallenge\Dermnet\train/Exanthems and Drug Eruptions/fixed-drug-eruption-50.jpg
6,E:\MedicalData\kagglechallenge\Dermnet\train/Exanthems and Drug Eruptions/fixed-drug-eruption-51.jpg
6,E:\MedicalData\kagglechallenge\Dermnet\train/Exanthems and Drug Eruptions/fixed-drug-eruption-52.jpg
6,E:\MedicalData\kagglechallenge\Dermnet\train/Exanthems and Drug Eruptions/fixed-drug-eruption-53.jpg
6,E:\MedicalData\kagglechallenge\Dermnet\train/Exanthems and Drug Eruptions/fixed-drug-eruption-54.jpg
6,E:\MedicalData\kagglechallenge\Dermnet\train/Exanthems and Drug Eruptions/fixed-drug-eruption-57.jpg
6,E:\MedicalData\kagglechallenge\Dermnet\train/Exanthems and Drug Eruptions/fixed-drug-eruption-59.jpg
6,E:\MedicalData\kagglechallenge\Dermnet\train/Exanthems and Drug Eruptions/fixed-drug-eruption-6.jpg
6,E:\MedicalData\kagglechallenge\Dermnet\train/Exanthems and Drug Eruptions/fixed-drug-eruption-61.jpg
6,E:\MedicalData\kagglechallenge\Dermnet\train/Exanthems and Drug Eruptions/fixed-drug-eruption-62.jpg
6,E:\MedicalData\kagglechallenge\Dermnet\train/Exanthems and Drug Eruptions/fixed-drug-eruption-64.jpg
6,E:\MedicalData\kagglechallenge\Dermnet\train/Exanthems and Drug Eruptions/fixed-drug-eruption-66.jpg
6,E:\MedicalData\kagglechallenge\Dermnet\train/Exanthems and Drug Eruptions/fixed-drug-eruption-67.jpg
6,E:\MedicalData\kagglechallenge\Dermnet\train/Exanthems and Drug Eruptions/fixed-drug-eruption-68.jpg
6,E:\MedicalData\kagglechallenge\Dermnet\train/Exanthems and Drug Eruptions/fixed-drug-eruption-71.jpg
6,E:\MedicalData\kagglechallenge\Dermnet\train/Exanthems and Drug Eruptions/fixed-drug-eruption-73.jpg
6,E:\MedicalData\kagglechallenge\Dermnet\train/Exanthems and Drug Eruptions/fixed-drug-eruption-74.jpg
6,E:\MedicalData\kagglechallenge\Dermnet\train/Exanthems and Drug Eruptions/fixed-drug-eruption-75.jpg
6,E:\MedicalData\kagglechallenge\Dermnet\train/Exanthems and Drug Eruptions/fixed-drug-eruption-8.jpg
6,E:\MedicalData\kagglechallenge\Dermnet\train/Exanthems and Drug Eruptions/fixed-drug-eruption-9.jpg
6,E:\MedicalData\kagglechallenge\Dermnet\train/Exanthems and Drug Eruptions/gianotti-crosti-12.jpg
6,E:\MedicalData\kagglechallenge\Dermnet\train/Exanthems and Drug Eruptions/gianotti-crosti-14.jpg
6,E:\MedicalData\kagglechallenge\Dermnet\train/Exanthems and Drug Eruptions/gianotti-crosti-15.jpg
6,E:\MedicalData\kagglechallenge\Dermnet\train/Exanthems and Drug Eruptions/gianotti-crosti-16.jpg
6,E:\MedicalData\kagglechallenge\Dermnet\train/Exanthems and Drug Eruptions/gianotti-crosti-17.jpg
6,E:\MedicalData\kagglechallenge\Dermnet\train/Exanthems and Drug Eruptions/gianotti-crosti-19.jpg
6,E:\MedicalData\kagglechallenge\Dermnet\train/Exanthems and Drug Eruptions/gianotti-crosti-20.jpg
6,E:\MedicalData\kagglechallenge\Dermnet\train/Exanthems and Drug Eruptions/gianotti-crosti-7.jpg
6,E:\MedicalData\kagglechallenge\Dermnet\train/Exanthems and Drug Eruptions/gianotti-crosti-8.jpg
6,E:\MedicalData\kagglechallenge\Dermnet\train/Exanthems and Drug Eruptions/gianotti-crosti-9.jpg
6,E:\MedicalData\kagglechallenge\Dermnet\train/Exanthems and Drug Eruptions/hand-foot-mouth-disease-10.jpg
6,E:\MedicalData\kagglechallenge\Dermnet\train/Exanthems and Drug Eruptions/hand-foot-mouth-disease-11.jpg
6,E:\MedicalData\kagglechallenge\Dermnet\train/Exanthems and Drug Eruptions/hand-foot-mouth-disease-13.jpg
6,E:\MedicalData\kagglechallenge\Dermnet\train/Exanthems and Drug Eruptions/hand-foot-mouth-disease-2.jpg
6,E:\MedicalData\kagglechallenge\Dermnet\train/Exanthems and Drug Eruptions/hand-foot-mouth-disease-3.jpg
6,E:\MedicalData\kagglechallenge\Dermnet\train/Exanthems and Drug Eruptions/hand-foot-mouth-disease-4.jpg
6,E:\MedicalData\kagglechallenge\Dermnet\train/Exanthems and Drug Eruptions/hand-foot-mouth-disease-6.jpg
6,E:\MedicalData\kagglechallenge\Dermnet\train/Exanthems and Drug Eruptions/hand-foot-mouth-disease-7.jpg
6,E:\MedicalData\kagglechallenge\Dermnet\train/Exanthems and Drug Eruptions/hand-foot-mouth-disease-8.jpg
6,E:\MedicalData\kagglechallenge\Dermnet\train/Exanthems and Drug Eruptions/kawasaki-syndrome-1.jpg
6,E:\MedicalData\kagglechallenge\Dermnet\train/Exanthems and Drug Eruptions/kawasaki-syndrome-10.jpg
6,E:\MedicalData\kagglechallenge\Dermnet\train/Exanthems and Drug Eruptions/kawasaki-syndrome-11.jpg
6,E:\MedicalData\kagglechallenge\Dermnet\train/Exanthems and Drug Eruptions/kawasaki-syndrome-12.jpg
6,E:\MedicalData\kagglechallenge\Dermnet\train/Exanthems and Drug Eruptions/kawasaki-syndrome-13.jpg
6,E:\MedicalData\kagglechallenge\Dermnet\train/Exanthems and Drug Eruptions/kawasaki-syndrome-14.jpg
6,E:\MedicalData\kagglechallenge\Dermnet\train/Exanthems and Drug Eruptions/kawasaki-syndrome-15.jpg
6,E:\MedicalData\kagglechallenge\Dermnet\train/Exanthems and Drug Eruptions/kawasaki-syndrome-16.jpg
6,E:\MedicalData\kagglechallenge\Dermnet\train/Exanthems and Drug Eruptions/kawasaki-syndrome-17.jpg
6,E:\MedicalData\kagglechallenge\Dermnet\train/Exanthems and Drug Eruptions/kawasaki-syndrome-18.jpg
6,E:\MedicalData\kagglechallenge\Dermnet\train/Exanthems and Drug Eruptions/kawasaki-syndrome-19.jpg
6,E:\MedicalData\kagglechallenge\Dermnet\train/Exanthems and Drug Eruptions/kawasaki-syndrome-2.jpg
6,E:\MedicalData\kagglechallenge\Dermnet\train/Exanthems and Drug Eruptions/kawasaki-syndrome-22.jpg
6,E:\MedicalData\kagglechallenge\Dermnet\train/Exanthems and Drug Eruptions/kawasaki-syndrome-23.jpg
6,E:\MedicalData\kagglechallenge\Dermnet\train/Exanthems and Drug Eruptions/kawasaki-syndrome-24.jpg
6,E:\MedicalData\kagglechallenge\Dermnet\train/Exanthems and Drug Eruptions/kawasaki-syndrome-26.jpg
6,E:\MedicalData\kagglechallenge\Dermnet\train/Exanthems and Drug Eruptions/kawasaki-syndrome-27.jpg
6,E:\MedicalData\kagglechallenge\Dermnet\train/Exanthems and Drug Eruptions/kawasaki-syndrome-28.jpg
6,E:\MedicalData\kagglechallenge\Dermnet\train/Exanthems and Drug Eruptions/kawasaki-syndrome-29.jpg
6,E:\MedicalData\kagglechallenge\Dermnet\train/Exanthems and Drug Eruptions/kawasaki-syndrome-3.jpg
6,E:\MedicalData\kagglechallenge\Dermnet\train/Exanthems and Drug Eruptions/kawasaki-syndrome-30.jpg
6,E:\MedicalData\kagglechallenge\Dermnet\train/Exanthems and Drug Eruptions/kawasaki-syndrome-31.jpg
6,E:\MedicalData\kagglechallenge\Dermnet\train/Exanthems and Drug Eruptions/kawasaki-syndrome-6.jpg
6,E:\MedicalData\kagglechallenge\Dermnet\train/Exanthems and Drug Eruptions/kawasaki-syndrome-7.jpg
6,E:\MedicalData\kagglechallenge\Dermnet\train/Exanthems and Drug Eruptions/kawasaki-syndrome-9.jpg
6,E:\MedicalData\kagglechallenge\Dermnet\train/Exanthems and Drug Eruptions/measles-2.jpg
6,E:\MedicalData\kagglechallenge\Dermnet\train/Exanthems and Drug Eruptions/minocycline-pigmentation-10.jpg
6,E:\MedicalData\kagglechallenge\Dermnet\train/Exanthems and Drug Eruptions/minocycline-pigmentation-12.jpg
6,E:\MedicalData\kagglechallenge\Dermnet\train/Exanthems and Drug Eruptions/minocycline-pigmentation-2.jpg
6,E:\MedicalData\kagglechallenge\Dermnet\train/Exanthems and Drug Eruptions/minocycline-pigmentation-3.jpg
6,E:\MedicalData\kagglechallenge\Dermnet\train/Exanthems and Drug Eruptions/minocycline-pigmentation-4.jpg
6,E:\MedicalData\kagglechallenge\Dermnet\train/Exanthems and Drug Eruptions/minocycline-pigmentation-8.jpg
6,E:\MedicalData\kagglechallenge\Dermnet\train/Exanthems and Drug Eruptions/minocycline-pigmentation-9.jpg
6,E:\MedicalData\kagglechallenge\Dermnet\train/Exanthems and Drug Eruptions/roseola-infantum-1.jpg
6,E:\MedicalData\kagglechallenge\Dermnet\train/Exanthems and Drug Eruptions/roseola-infantum-4.jpg
6,E:\MedicalData\kagglechallenge\Dermnet\train/Exanthems and Drug Eruptions/roseola-infantum-5.jpg
6,E:\MedicalData\kagglechallenge\Dermnet\train/Exanthems and Drug Eruptions/roseola-infantum-6.jpg
6,E:\MedicalData\kagglechallenge\Dermnet\train/Exanthems and Drug Eruptions/scarlet-fever-1.jpg
6,E:\MedicalData\kagglechallenge\Dermnet\train/Exanthems and Drug Eruptions/scarlet-fever-10.jpg
6,E:\MedicalData\kagglechallenge\Dermnet\train/Exanthems and Drug Eruptions/scarlet-fever-11.jpg
6,E:\MedicalData\kagglechallenge\Dermnet\train/Exanthems and Drug Eruptions/scarlet-fever-12.jpg
6,E:\MedicalData\kagglechallenge\Dermnet\train/Exanthems and Drug Eruptions/scarlet-fever-13.jpg
6,E:\MedicalData\kagglechallenge\Dermnet\train/Exanthems and Drug Eruptions/scarlet-fever-14.jpg
6,E:\MedicalData\kagglechallenge\Dermnet\train/Exanthems and Drug Eruptions/scarlet-fever-15.jpg
6,E:\MedicalData\kagglechallenge\Dermnet\train/Exanthems and Drug Eruptions/scarlet-fever-16.jpg
6,E:\MedicalData\kagglechallenge\Dermnet\train/Exanthems and Drug Eruptions/scarlet-fever-17.jpg
6,E:\MedicalData\kagglechallenge\Dermnet\train/Exanthems and Drug Eruptions/scarlet-fever-19.jpg
6,E:\MedicalData\kagglechallenge\Dermnet\train/Exanthems and Drug Eruptions/scarlet-fever-2.jpg
6,E:\MedicalData\kagglechallenge\Dermnet\train/Exanthems and Drug Eruptions/scarlet-fever-20.jpg
6,E:\MedicalData\kagglechallenge\Dermnet\train/Exanthems and Drug Eruptions/scarlet-fever-23.jpg
6,E:\MedicalData\kagglechallenge\Dermnet\train/Exanthems and Drug Eruptions/scarlet-fever-24.jpg
6,E:\MedicalData\kagglechallenge\Dermnet\train/Exanthems and Drug Eruptions/scarlet-fever-25.jpg
6,E:\MedicalData\kagglechallenge\Dermnet\train/Exanthems and Drug Eruptions/scarlet-fever-26.jpg
6,E:\MedicalData\kagglechallenge\Dermnet\train/Exanthems and Drug Eruptions/scarlet-fever-28.jpg
6,E:\MedicalData\kagglechallenge\Dermnet\train/Exanthems and Drug Eruptions/scarlet-fever-29.jpg
6,E:\MedicalData\kagglechallenge\Dermnet\train/Exanthems and Drug Eruptions/scarlet-fever-3.jpg
6,E:\MedicalData\kagglechallenge\Dermnet\train/Exanthems and Drug Eruptions/scarlet-fever-30.jpg
6,E:\MedicalData\kagglechallenge\Dermnet\train/Exanthems and Drug Eruptions/scarlet-fever-31.jpg
6,E:\MedicalData\kagglechallenge\Dermnet\train/Exanthems and Drug Eruptions/scarlet-fever-33.jpg
6,E:\MedicalData\kagglechallenge\Dermnet\train/Exanthems and Drug Eruptions/scarlet-fever-4.jpg
6,E:\MedicalData\kagglechallenge\Dermnet\train/Exanthems and Drug Eruptions/scarlet-fever-5.jpg
6,E:\MedicalData\kagglechallenge\Dermnet\train/Exanthems and Drug Eruptions/scarlet-fever-6.jpg
6,E:\MedicalData\kagglechallenge\Dermnet\train/Exanthems and Drug Eruptions/scarlet-fever-7.jpg
6,E:\MedicalData\kagglechallenge\Dermnet\train/Exanthems and Drug Eruptions/scarlet-fever-9.jpg
6,E:\MedicalData\kagglechallenge\Dermnet\train/Exanthems and Drug Eruptions/unilateral-laterothoracic-exanthem-1.jpg
6,E:\MedicalData\kagglechallenge\Dermnet\train/Exanthems and Drug Eruptions/unilateral-laterothoracic-exanthem-3.jpg
6,E:\MedicalData\kagglechallenge\Dermnet\train/Exanthems and Drug Eruptions/unilateral-laterothoracic-exanthem-4.jpg
6,E:\MedicalData\kagglechallenge\Dermnet\train/Exanthems and Drug Eruptions/viral-exanthems-10.jpg
6,E:\MedicalData\kagglechallenge\Dermnet\train/Exanthems and Drug Eruptions/viral-exanthems-102.jpg
6,E:\MedicalData\kagglechallenge\Dermnet\train/Exanthems and Drug Eruptions/viral-exanthems-103.jpg
6,E:\MedicalData\kagglechallenge\Dermnet\train/Exanthems and Drug Eruptions/viral-exanthems-106.jpg
6,E:\MedicalData\kagglechallenge\Dermnet\train/Exanthems and Drug Eruptions/viral-exanthems-107.jpg
6,E:\MedicalData\kagglechallenge\Dermnet\train/Exanthems and Drug Eruptions/viral-exanthems-11.jpg
6,E:\MedicalData\kagglechallenge\Dermnet\train/Exanthems and Drug Eruptions/viral-exanthems-12.jpg
6,E:\MedicalData\kagglechallenge\Dermnet\train/Exanthems and Drug Eruptions/viral-exanthems-13.jpg
6,E:\MedicalData\kagglechallenge\Dermnet\train/Exanthems and Drug Eruptions/viral-exanthems-17.jpg
6,E:\MedicalData\kagglechallenge\Dermnet\train/Exanthems and Drug Eruptions/viral-exanthems-19.jpg
6,E:\MedicalData\kagglechallenge\Dermnet\train/Exanthems and Drug Eruptions/viral-exanthems-2.jpg
6,E:\MedicalData\kagglechallenge\Dermnet\train/Exanthems and Drug Eruptions/viral-exanthems-20.jpg
6,E:\MedicalData\kagglechallenge\Dermnet\train/Exanthems and Drug Eruptions/viral-exanthems-22.jpg
6,E:\MedicalData\kagglechallenge\Dermnet\train/Exanthems and Drug Eruptions/viral-exanthems-23.jpg
6,E:\MedicalData\kagglechallenge\Dermnet\train/Exanthems and Drug Eruptions/viral-exanthems-24.jpg
6,E:\MedicalData\kagglechallenge\Dermnet\train/Exanthems and Drug Eruptions/viral-exanthems-26.jpg
6,E:\MedicalData\kagglechallenge\Dermnet\train/Exanthems and Drug Eruptions/viral-exanthems-29.jpg
6,E:\MedicalData\kagglechallenge\Dermnet\train/Exanthems and Drug Eruptions/viral-exanthems-3.jpg
6,E:\MedicalData\kagglechallenge\Dermnet\train/Exanthems and Drug Eruptions/viral-exanthems-30.jpg
6,E:\MedicalData\kagglechallenge\Dermnet\train/Exanthems and Drug Eruptions/viral-exanthems-31.jpg
6,E:\MedicalData\kagglechallenge\Dermnet\train/Exanthems and Drug Eruptions/viral-exanthems-32.jpg
6,E:\MedicalData\kagglechallenge\Dermnet\train/Exanthems and Drug Eruptions/viral-exanthems-33.jpg
6,E:\MedicalData\kagglechallenge\Dermnet\train/Exanthems and Drug Eruptions/viral-exanthems-35.jpg
6,E:\MedicalData\kagglechallenge\Dermnet\train/Exanthems and Drug Eruptions/viral-exanthems-39.jpg
6,E:\MedicalData\kagglechallenge\Dermnet\train/Exanthems and Drug Eruptions/viral-exanthems-40.jpg
6,E:\MedicalData\kagglechallenge\Dermnet\train/Exanthems and Drug Eruptions/viral-exanthems-44.jpg
6,E:\MedicalData\kagglechallenge\Dermnet\train/Exanthems and Drug Eruptions/viral-exanthems-47.jpg
6,E:\MedicalData\kagglechallenge\Dermnet\train/Exanthems and Drug Eruptions/viral-exanthems-49.jpg
6,E:\MedicalData\kagglechallenge\Dermnet\train/Exanthems and Drug Eruptions/viral-exanthems-5.jpg
6,E:\MedicalData\kagglechallenge\Dermnet\train/Exanthems and Drug Eruptions/viral-exanthems-50.jpg
6,E:\MedicalData\kagglechallenge\Dermnet\train/Exanthems and Drug Eruptions/viral-exanthems-54.jpg
6,E:\MedicalData\kagglechallenge\Dermnet\train/Exanthems and Drug Eruptions/viral-exanthems-55.jpg
6,E:\MedicalData\kagglechallenge\Dermnet\train/Exanthems and Drug Eruptions/viral-exanthems-56.jpg
6,E:\MedicalData\kagglechallenge\Dermnet\train/Exanthems and Drug Eruptions/viral-exanthems-57.jpg
6,E:\MedicalData\kagglechallenge\Dermnet\train/Exanthems and Drug Eruptions/viral-exanthems-58.jpg
6,E:\MedicalData\kagglechallenge\Dermnet\train/Exanthems and Drug Eruptions/viral-exanthems-6.jpg
6,E:\MedicalData\kagglechallenge\Dermnet\train/Exanthems and Drug Eruptions/viral-exanthems-60.jpg
6,E:\MedicalData\kagglechallenge\Dermnet\train/Exanthems and Drug Eruptions/viral-exanthems-62.jpg
6,E:\MedicalData\kagglechallenge\Dermnet\train/Exanthems and Drug Eruptions/viral-exanthems-63.jpg
6,E:\MedicalData\kagglechallenge\Dermnet\train/Exanthems and Drug Eruptions/viral-exanthems-67.jpg
6,E:\MedicalData\kagglechallenge\Dermnet\train/Exanthems and Drug Eruptions/viral-exanthems-7.jpg
6,E:\MedicalData\kagglechallenge\Dermnet\train/Exanthems and Drug Eruptions/viral-exanthems-71.jpg
6,E:\MedicalData\kagglechallenge\Dermnet\train/Exanthems and Drug Eruptions/viral-exanthems-72.jpg
6,E:\MedicalData\kagglechallenge\Dermnet\train/Exanthems and Drug Eruptions/viral-exanthems-73.jpg
6,E:\MedicalData\kagglechallenge\Dermnet\train/Exanthems and Drug Eruptions/viral-exanthems-75.jpg
6,E:\MedicalData\kagglechallenge\Dermnet\train/Exanthems and Drug Eruptions/viral-exanthems-76.jpg
6,E:\MedicalData\kagglechallenge\Dermnet\train/Exanthems and Drug Eruptions/viral-exanthems-77.jpg
6,E:\MedicalData\kagglechallenge\Dermnet\train/Exanthems and Drug Eruptions/viral-exanthems-78.jpg
6,E:\MedicalData\kagglechallenge\Dermnet\train/Exanthems and Drug Eruptions/viral-exanthems-79.jpg
6,E:\MedicalData\kagglechallenge\Dermnet\train/Exanthems and Drug Eruptions/viral-exanthems-8.jpg
6,E:\MedicalData\kagglechallenge\Dermnet\train/Exanthems and Drug Eruptions/viral-exanthems-80.jpg
6,E:\MedicalData\kagglechallenge\Dermnet\train/Exanthems and Drug Eruptions/viral-exanthems-81.jpg
6,E:\MedicalData\kagglechallenge\Dermnet\train/Exanthems and Drug Eruptions/viral-exanthems-82.jpg
6,E:\MedicalData\kagglechallenge\Dermnet\train/Exanthems and Drug Eruptions/viral-exanthems-83.jpg
6,E:\MedicalData\kagglechallenge\Dermnet\train/Exanthems and Drug Eruptions/viral-exanthems-85.jpg
6,E:\MedicalData\kagglechallenge\Dermnet\train/Exanthems and Drug Eruptions/viral-exanthems-87.jpg
6,E:\MedicalData\kagglechallenge\Dermnet\train/Exanthems and Drug Eruptions/viral-exanthems-89.jpg
6,E:\MedicalData\kagglechallenge\Dermnet\train/Exanthems and Drug Eruptions/viral-exanthems-9.jpg
6,E:\MedicalData\kagglechallenge\Dermnet\train/Exanthems and Drug Eruptions/viral-exanthems-90.jpg
6,E:\MedicalData\kagglechallenge\Dermnet\train/Exanthems and Drug Eruptions/viral-exanthems-91.jpg
6,E:\MedicalData\kagglechallenge\Dermnet\train/Exanthems and Drug Eruptions/viral-exanthems-92.jpg
6,E:\MedicalData\kagglechallenge\Dermnet\train/Exanthems and Drug Eruptions/viral-exanthems-95.jpg
6,E:\MedicalData\kagglechallenge\Dermnet\train/Exanthems and Drug Eruptions/viral-exanthems-97.jpg
7,E:\MedicalData\kagglechallenge\Dermnet\train/Hair Loss Photos Alopecia and other Hair Diseases/acne-keloidalis-1.jpg
7,E:\MedicalData\kagglechallenge\Dermnet\train/Hair Loss Photos Alopecia and other Hair Diseases/acne-keloidalis-10.jpg
7,E:\MedicalData\kagglechallenge\Dermnet\train/Hair Loss Photos Alopecia and other Hair Diseases/acne-keloidalis-11.jpg
7,E:\MedicalData\kagglechallenge\Dermnet\train/Hair Loss Photos Alopecia and other Hair Diseases/acne-keloidalis-12.jpg
7,E:\MedicalData\kagglechallenge\Dermnet\train/Hair Loss Photos Alopecia and other Hair Diseases/acne-keloidalis-13.jpg
7,E:\MedicalData\kagglechallenge\Dermnet\train/Hair Loss Photos Alopecia and other Hair Diseases/acne-keloidalis-19.jpg
7,E:\MedicalData\kagglechallenge\Dermnet\train/Hair Loss Photos Alopecia and other Hair Diseases/acne-keloidalis-22.jpg
7,E:\MedicalData\kagglechallenge\Dermnet\train/Hair Loss Photos Alopecia and other Hair Diseases/acne-keloidalis-23.jpg
7,E:\MedicalData\kagglechallenge\Dermnet\train/Hair Loss Photos Alopecia and other Hair Diseases/acne-keloidalis-24.jpg
7,E:\MedicalData\kagglechallenge\Dermnet\train/Hair Loss Photos Alopecia and other Hair Diseases/acne-keloidalis-25.jpg
7,E:\MedicalData\kagglechallenge\Dermnet\train/Hair Loss Photos Alopecia and other Hair Diseases/acne-keloidalis-26.jpg
7,E:\MedicalData\kagglechallenge\Dermnet\train/Hair Loss Photos Alopecia and other Hair Diseases/acne-keloidalis-3.jpg
7,E:\MedicalData\kagglechallenge\Dermnet\train/Hair Loss Photos Alopecia and other Hair Diseases/acne-keloidalis-30.jpg
7,E:\MedicalData\kagglechallenge\Dermnet\train/Hair Loss Photos Alopecia and other Hair Diseases/acne-keloidalis-32.jpg
7,E:\MedicalData\kagglechallenge\Dermnet\train/Hair Loss Photos Alopecia and other Hair Diseases/acne-keloidalis-33.jpg
7,E:\MedicalData\kagglechallenge\Dermnet\train/Hair Loss Photos Alopecia and other Hair Diseases/acne-keloidalis-34.jpg
7,E:\MedicalData\kagglechallenge\Dermnet\train/Hair Loss Photos Alopecia and other Hair Diseases/acne-keloidalis-35.jpg
7,E:\MedicalData\kagglechallenge\Dermnet\train/Hair Loss Photos Alopecia and other Hair Diseases/acne-keloidalis-36.jpg
7,E:\MedicalData\kagglechallenge\Dermnet\train/Hair Loss Photos Alopecia and other Hair Diseases/acne-keloidalis-37.jpg
7,E:\MedicalData\kagglechallenge\Dermnet\train/Hair Loss Photos Alopecia and other Hair Diseases/acne-keloidalis-38.jpg
7,E:\MedicalData\kagglechallenge\Dermnet\train/Hair Loss Photos Alopecia and other Hair Diseases/acne-keloidalis-39.jpg
7,E:\MedicalData\kagglechallenge\Dermnet\train/Hair Loss Photos Alopecia and other Hair Diseases/acne-keloidalis-4.jpg
7,E:\MedicalData\kagglechallenge\Dermnet\train/Hair Loss Photos Alopecia and other Hair Diseases/acne-keloidalis-41.jpg
7,E:\MedicalData\kagglechallenge\Dermnet\train/Hair Loss Photos Alopecia and other Hair Diseases/acne-keloidalis-42.jpg
7,E:\MedicalData\kagglechallenge\Dermnet\train/Hair Loss Photos Alopecia and other Hair Diseases/acne-keloidalis-43.jpg
7,E:\MedicalData\kagglechallenge\Dermnet\train/Hair Loss Photos Alopecia and other Hair Diseases/acne-keloidalis-45.jpg
7,E:\MedicalData\kagglechallenge\Dermnet\train/Hair Loss Photos Alopecia and other Hair Diseases/acne-keloidalis-47.jpg
7,E:\MedicalData\kagglechallenge\Dermnet\train/Hair Loss Photos Alopecia and other Hair Diseases/acne-keloidalis-48.jpg
7,E:\MedicalData\kagglechallenge\Dermnet\train/Hair Loss Photos Alopecia and other Hair Diseases/acne-keloidalis-49.jpg
7,E:\MedicalData\kagglechallenge\Dermnet\train/Hair Loss Photos Alopecia and other Hair Diseases/acne-keloidalis-50.jpg
7,E:\MedicalData\kagglechallenge\Dermnet\train/Hair Loss Photos Alopecia and other Hair Diseases/acne-keloidalis-51.jpg
7,E:\MedicalData\kagglechallenge\Dermnet\train/Hair Loss Photos Alopecia and other Hair Diseases/acne-keloidalis-53.jpg
7,E:\MedicalData\kagglechallenge\Dermnet\train/Hair Loss Photos Alopecia and other Hair Diseases/acne-keloidalis-54.jpg
7,E:\MedicalData\kagglechallenge\Dermnet\train/Hair Loss Photos Alopecia and other Hair Diseases/acne-keloidalis-55.jpg
7,E:\MedicalData\kagglechallenge\Dermnet\train/Hair Loss Photos Alopecia and other Hair Diseases/acne-keloidalis-56.jpg
7,E:\MedicalData\kagglechallenge\Dermnet\train/Hair Loss Photos Alopecia and other Hair Diseases/acne-keloidalis-57.jpg
7,E:\MedicalData\kagglechallenge\Dermnet\train/Hair Loss Photos Alopecia and other Hair Diseases/acne-keloidalis-58.jpg
7,E:\MedicalData\kagglechallenge\Dermnet\train/Hair Loss Photos Alopecia and other Hair Diseases/acne-keloidalis-59.jpg
7,E:\MedicalData\kagglechallenge\Dermnet\train/Hair Loss Photos Alopecia and other Hair Diseases/acne-keloidalis-6.jpg
7,E:\MedicalData\kagglechallenge\Dermnet\train/Hair Loss Photos Alopecia and other Hair Diseases/acne-keloidalis-60.jpg
7,E:\MedicalData\kagglechallenge\Dermnet\train/Hair Loss Photos Alopecia and other Hair Diseases/acne-keloidalis-61.jpg
7,E:\MedicalData\kagglechallenge\Dermnet\train/Hair Loss Photos Alopecia and other Hair Diseases/acne-keloidalis-63.jpg
7,E:\MedicalData\kagglechallenge\Dermnet\train/Hair Loss Photos Alopecia and other Hair Diseases/acne-keloidalis-7.jpg
7,E:\MedicalData\kagglechallenge\Dermnet\train/Hair Loss Photos Alopecia and other Hair Diseases/acne-keloidalis-8.jpg
7,E:\MedicalData\kagglechallenge\Dermnet\train/Hair Loss Photos Alopecia and other Hair Diseases/acne-keloidalis-9.jpg
7,E:\MedicalData\kagglechallenge\Dermnet\train/Hair Loss Photos Alopecia and other Hair Diseases/alopecia-areata-1.jpg
7,E:\MedicalData\kagglechallenge\Dermnet\train/Hair Loss Photos Alopecia and other Hair Diseases/alopecia-areata-10.jpg
7,E:\MedicalData\kagglechallenge\Dermnet\train/Hair Loss Photos Alopecia and other Hair Diseases/alopecia-areata-100.jpg
7,E:\MedicalData\kagglechallenge\Dermnet\train/Hair Loss Photos Alopecia and other Hair Diseases/alopecia-areata-102.jpg
7,E:\MedicalData\kagglechallenge\Dermnet\train/Hair Loss Photos Alopecia and other Hair Diseases/alopecia-areata-105.jpg
7,E:\MedicalData\kagglechallenge\Dermnet\train/Hair Loss Photos Alopecia and other Hair Diseases/alopecia-areata-106.jpg
7,E:\MedicalData\kagglechallenge\Dermnet\train/Hair Loss Photos Alopecia and other Hair Diseases/alopecia-areata-14.jpg
7,E:\MedicalData\kagglechallenge\Dermnet\train/Hair Loss Photos Alopecia and other Hair Diseases/alopecia-areata-15.jpg
7,E:\MedicalData\kagglechallenge\Dermnet\train/Hair Loss Photos Alopecia and other Hair Diseases/alopecia-areata-16.jpg
7,E:\MedicalData\kagglechallenge\Dermnet\train/Hair Loss Photos Alopecia and other Hair Diseases/alopecia-areata-17.jpg
7,E:\MedicalData\kagglechallenge\Dermnet\train/Hair Loss Photos Alopecia and other Hair Diseases/alopecia-areata-19.jpg
7,E:\MedicalData\kagglechallenge\Dermnet\train/Hair Loss Photos Alopecia and other Hair Diseases/alopecia-areata-2.jpg
7,E:\MedicalData\kagglechallenge\Dermnet\train/Hair Loss Photos Alopecia and other Hair Diseases/alopecia-areata-20.jpg
7,E:\MedicalData\kagglechallenge\Dermnet\train/Hair Loss Photos Alopecia and other Hair Diseases/alopecia-areata-21.jpg
7,E:\MedicalData\kagglechallenge\Dermnet\train/Hair Loss Photos Alopecia and other Hair Diseases/alopecia-areata-24.jpg
7,E:\MedicalData\kagglechallenge\Dermnet\train/Hair Loss Photos Alopecia and other Hair Diseases/alopecia-areata-25.jpg
7,E:\MedicalData\kagglechallenge\Dermnet\train/Hair Loss Photos Alopecia and other Hair Diseases/alopecia-areata-26.jpg
7,E:\MedicalData\kagglechallenge\Dermnet\train/Hair Loss Photos Alopecia and other Hair Diseases/alopecia-areata-27.jpg
7,E:\MedicalData\kagglechallenge\Dermnet\train/Hair Loss Photos Alopecia and other Hair Diseases/alopecia-areata-28.jpg
7,E:\MedicalData\kagglechallenge\Dermnet\train/Hair Loss Photos Alopecia and other Hair Diseases/alopecia-areata-31.jpg
7,E:\MedicalData\kagglechallenge\Dermnet\train/Hair Loss Photos Alopecia and other Hair Diseases/alopecia-areata-32.jpg
7,E:\MedicalData\kagglechallenge\Dermnet\train/Hair Loss Photos Alopecia and other Hair Diseases/alopecia-areata-34.jpg
7,E:\MedicalData\kagglechallenge\Dermnet\train/Hair Loss Photos Alopecia and other Hair Diseases/alopecia-areata-35.jpg
7,E:\MedicalData\kagglechallenge\Dermnet\train/Hair Loss Photos Alopecia and other Hair Diseases/alopecia-areata-36.jpg
7,E:\MedicalData\kagglechallenge\Dermnet\train/Hair Loss Photos Alopecia and other Hair Diseases/alopecia-areata-38.jpg
7,E:\MedicalData\kagglechallenge\Dermnet\train/Hair Loss Photos Alopecia and other Hair Diseases/alopecia-areata-39.jpg
7,E:\MedicalData\kagglechallenge\Dermnet\train/Hair Loss Photos Alopecia and other Hair Diseases/alopecia-areata-4.jpg
7,E:\MedicalData\kagglechallenge\Dermnet\train/Hair Loss Photos Alopecia and other Hair Diseases/alopecia-areata-41.jpg
7,E:\MedicalData\kagglechallenge\Dermnet\train/Hair Loss Photos Alopecia and other Hair Diseases/alopecia-areata-42.jpg
7,E:\MedicalData\kagglechallenge\Dermnet\train/Hair Loss Photos Alopecia and other Hair Diseases/alopecia-areata-43.jpg
7,E:\MedicalData\kagglechallenge\Dermnet\train/Hair Loss Photos Alopecia and other Hair Diseases/alopecia-areata-45.jpg
7,E:\MedicalData\kagglechallenge\Dermnet\train/Hair Loss Photos Alopecia and other Hair Diseases/alopecia-areata-46.jpg
7,E:\MedicalData\kagglechallenge\Dermnet\train/Hair Loss Photos Alopecia and other Hair Diseases/alopecia-areata-47.jpg
7,E:\MedicalData\kagglechallenge\Dermnet\train/Hair Loss Photos Alopecia and other Hair Diseases/alopecia-areata-48.jpg
7,E:\MedicalData\kagglechallenge\Dermnet\train/Hair Loss Photos Alopecia and other Hair Diseases/alopecia-areata-5.jpg
7,E:\MedicalData\kagglechallenge\Dermnet\train/Hair Loss Photos Alopecia and other Hair Diseases/alopecia-areata-50.jpg
7,E:\MedicalData\kagglechallenge\Dermnet\train/Hair Loss Photos Alopecia and other Hair Diseases/alopecia-areata-51.jpg
7,E:\MedicalData\kagglechallenge\Dermnet\train/Hair Loss Photos Alopecia and other Hair Diseases/alopecia-areata-54.jpg
7,E:\MedicalData\kagglechallenge\Dermnet\train/Hair Loss Photos Alopecia and other Hair Diseases/alopecia-areata-56.jpg
7,E:\MedicalData\kagglechallenge\Dermnet\train/Hair Loss Photos Alopecia and other Hair Diseases/alopecia-areata-57.jpg
7,E:\MedicalData\kagglechallenge\Dermnet\train/Hair Loss Photos Alopecia and other Hair Diseases/alopecia-areata-6.jpg
7,E:\MedicalData\kagglechallenge\Dermnet\train/Hair Loss Photos Alopecia and other Hair Diseases/alopecia-areata-60.jpg
7,E:\MedicalData\kagglechallenge\Dermnet\train/Hair Loss Photos Alopecia and other Hair Diseases/alopecia-areata-61.jpg
7,E:\MedicalData\kagglechallenge\Dermnet\train/Hair Loss Photos Alopecia and other Hair Diseases/alopecia-areata-62.jpg
7,E:\MedicalData\kagglechallenge\Dermnet\train/Hair Loss Photos Alopecia and other Hair Diseases/alopecia-areata-63.jpg
7,E:\MedicalData\kagglechallenge\Dermnet\train/Hair Loss Photos Alopecia and other Hair Diseases/alopecia-areata-64.jpg
7,E:\MedicalData\kagglechallenge\Dermnet\train/Hair Loss Photos Alopecia and other Hair Diseases/alopecia-areata-65.jpg
7,E:\MedicalData\kagglechallenge\Dermnet\train/Hair Loss Photos Alopecia and other Hair Diseases/alopecia-areata-66.jpg
7,E:\MedicalData\kagglechallenge\Dermnet\train/Hair Loss Photos Alopecia and other Hair Diseases/alopecia-areata-67.jpg
7,E:\MedicalData\kagglechallenge\Dermnet\train/Hair Loss Photos Alopecia and other Hair Diseases/alopecia-areata-70.jpg
7,E:\MedicalData\kagglechallenge\Dermnet\train/Hair Loss Photos Alopecia and other Hair Diseases/alopecia-areata-71.jpg
7,E:\MedicalData\kagglechallenge\Dermnet\train/Hair Loss Photos Alopecia and other Hair Diseases/alopecia-areata-72.jpg
7,E:\MedicalData\kagglechallenge\Dermnet\train/Hair Loss Photos Alopecia and other Hair Diseases/alopecia-areata-74.jpg
7,E:\MedicalData\kagglechallenge\Dermnet\train/Hair Loss Photos Alopecia and other Hair Diseases/alopecia-areata-75.jpg
7,E:\MedicalData\kagglechallenge\Dermnet\train/Hair Loss Photos Alopecia and other Hair Diseases/alopecia-areata-76.jpg
7,E:\MedicalData\kagglechallenge\Dermnet\train/Hair Loss Photos Alopecia and other Hair Diseases/alopecia-areata-77.jpg
7,E:\MedicalData\kagglechallenge\Dermnet\train/Hair Loss Photos Alopecia and other Hair Diseases/alopecia-areata-78.jpg
7,E:\MedicalData\kagglechallenge\Dermnet\train/Hair Loss Photos Alopecia and other Hair Diseases/alopecia-areata-79.jpg
7,E:\MedicalData\kagglechallenge\Dermnet\train/Hair Loss Photos Alopecia and other Hair Diseases/alopecia-areata-80.jpg
7,E:\MedicalData\kagglechallenge\Dermnet\train/Hair Loss Photos Alopecia and other Hair Diseases/alopecia-areata-81.jpg
7,E:\MedicalData\kagglechallenge\Dermnet\train/Hair Loss Photos Alopecia and other Hair Diseases/alopecia-areata-82.jpg
7,E:\MedicalData\kagglechallenge\Dermnet\train/Hair Loss Photos Alopecia and other Hair Diseases/alopecia-areata-83.jpg
7,E:\MedicalData\kagglechallenge\Dermnet\train/Hair Loss Photos Alopecia and other Hair Diseases/alopecia-areata-84.jpg
7,E:\MedicalData\kagglechallenge\Dermnet\train/Hair Loss Photos Alopecia and other Hair Diseases/alopecia-areata-86.jpg
7,E:\MedicalData\kagglechallenge\Dermnet\train/Hair Loss Photos Alopecia and other Hair Diseases/alopecia-areata-89.jpg
7,E:\MedicalData\kagglechallenge\Dermnet\train/Hair Loss Photos Alopecia and other Hair Diseases/alopecia-areata-9.jpg
7,E:\MedicalData\kagglechallenge\Dermnet\train/Hair Loss Photos Alopecia and other Hair Diseases/alopecia-areata-90.jpg
7,E:\MedicalData\kagglechallenge\Dermnet\train/Hair Loss Photos Alopecia and other Hair Diseases/alopecia-areata-91.jpg
7,E:\MedicalData\kagglechallenge\Dermnet\train/Hair Loss Photos Alopecia and other Hair Diseases/alopecia-areata-93.jpg
7,E:\MedicalData\kagglechallenge\Dermnet\train/Hair Loss Photos Alopecia and other Hair Diseases/alopecia-areata-95.jpg
7,E:\MedicalData\kagglechallenge\Dermnet\train/Hair Loss Photos Alopecia and other Hair Diseases/alopecia-areata-96.jpg
7,E:\MedicalData\kagglechallenge\Dermnet\train/Hair Loss Photos Alopecia and other Hair Diseases/alopecia-areata-97.jpg
7,E:\MedicalData\kagglechallenge\Dermnet\train/Hair Loss Photos Alopecia and other Hair Diseases/alopecia-areata-98.jpg
7,E:\MedicalData\kagglechallenge\Dermnet\train/Hair Loss Photos Alopecia and other Hair Diseases/alopecia-areata-99.jpg
7,E:\MedicalData\kagglechallenge\Dermnet\train/Hair Loss Photos Alopecia and other Hair Diseases/anagen-effluvium-1.jpg
7,E:\MedicalData\kagglechallenge\Dermnet\train/Hair Loss Photos Alopecia and other Hair Diseases/anagen-effluvium-2.jpg
7,E:\MedicalData\kagglechallenge\Dermnet\train/Hair Loss Photos Alopecia and other Hair Diseases/anagen-effluvium-4.jpg
7,E:\MedicalData\kagglechallenge\Dermnet\train/Hair Loss Photos Alopecia and other Hair Diseases/anagen-effluvium-5.jpg
7,E:\MedicalData\kagglechallenge\Dermnet\train/Hair Loss Photos Alopecia and other Hair Diseases/anagen-effluvium-6.jpg
7,E:\MedicalData\kagglechallenge\Dermnet\train/Hair Loss Photos Alopecia and other Hair Diseases/anagen-effluvium-7.jpg
7,E:\MedicalData\kagglechallenge\Dermnet\train/Hair Loss Photos Alopecia and other Hair Diseases/androgenic-alopecia-men-2.jpg
7,E:\MedicalData\kagglechallenge\Dermnet\train/Hair Loss Photos Alopecia and other Hair Diseases/androgenic-alopecia-men-3.jpg
7,E:\MedicalData\kagglechallenge\Dermnet\train/Hair Loss Photos Alopecia and other Hair Diseases/androgenic-alopecia-men-4.jpg
7,E:\MedicalData\kagglechallenge\Dermnet\train/Hair Loss Photos Alopecia and other Hair Diseases/androgenic-alopecia-women-1.jpg
7,E:\MedicalData\kagglechallenge\Dermnet\train/Hair Loss Photos Alopecia and other Hair Diseases/androgenic-alopecia-women-10.jpg
7,E:\MedicalData\kagglechallenge\Dermnet\train/Hair Loss Photos Alopecia and other Hair Diseases/androgenic-alopecia-women-3.jpg
7,E:\MedicalData\kagglechallenge\Dermnet\train/Hair Loss Photos Alopecia and other Hair Diseases/androgenic-alopecia-women-4.jpg
7,E:\MedicalData\kagglechallenge\Dermnet\train/Hair Loss Photos Alopecia and other Hair Diseases/androgenic-alopecia-women-7.jpg
7,E:\MedicalData\kagglechallenge\Dermnet\train/Hair Loss Photos Alopecia and other Hair Diseases/androgenic-alopecia-women-8.jpg
7,E:\MedicalData\kagglechallenge\Dermnet\train/Hair Loss Photos Alopecia and other Hair Diseases/androgenic-alopecia-women-9.jpg
7,E:\MedicalData\kagglechallenge\Dermnet\train/Hair Loss Photos Alopecia and other Hair Diseases/discoid-lupus-1.jpg
7,E:\MedicalData\kagglechallenge\Dermnet\train/Hair Loss Photos Alopecia and other Hair Diseases/dissecting-cellulitis-1.jpg
7,E:\MedicalData\kagglechallenge\Dermnet\train/Hair Loss Photos Alopecia and other Hair Diseases/dissecting-cellulitis-10.jpg
7,E:\MedicalData\kagglechallenge\Dermnet\train/Hair Loss Photos Alopecia and other Hair Diseases/dissecting-cellulitis-12.jpg
7,E:\MedicalData\kagglechallenge\Dermnet\train/Hair Loss Photos Alopecia and other Hair Diseases/dissecting-cellulitis-13.jpg
7,E:\MedicalData\kagglechallenge\Dermnet\train/Hair Loss Photos Alopecia and other Hair Diseases/dissecting-cellulitis-2.jpg
7,E:\MedicalData\kagglechallenge\Dermnet\train/Hair Loss Photos Alopecia and other Hair Diseases/dissecting-cellulitis-4.jpg
7,E:\MedicalData\kagglechallenge\Dermnet\train/Hair Loss Photos Alopecia and other Hair Diseases/dissecting-cellulitis-6.jpg
7,E:\MedicalData\kagglechallenge\Dermnet\train/Hair Loss Photos Alopecia and other Hair Diseases/dissecting-cellulitis-7.jpg
7,E:\MedicalData\kagglechallenge\Dermnet\train/Hair Loss Photos Alopecia and other Hair Diseases/dissecting-cellulitis-8.jpg
7,E:\MedicalData\kagglechallenge\Dermnet\train/Hair Loss Photos Alopecia and other Hair Diseases/folliculitis-decalvans-10.jpg
7,E:\MedicalData\kagglechallenge\Dermnet\train/Hair Loss Photos Alopecia and other Hair Diseases/folliculitis-decalvans-11.jpg
7,E:\MedicalData\kagglechallenge\Dermnet\train/Hair Loss Photos Alopecia and other Hair Diseases/folliculitis-decalvans-12.jpg
7,E:\MedicalData\kagglechallenge\Dermnet\train/Hair Loss Photos Alopecia and other Hair Diseases/folliculitis-decalvans-13.jpg
7,E:\MedicalData\kagglechallenge\Dermnet\train/Hair Loss Photos Alopecia and other Hair Diseases/folliculitis-decalvans-14.jpg
7,E:\MedicalData\kagglechallenge\Dermnet\train/Hair Loss Photos Alopecia and other Hair Diseases/folliculitis-decalvans-2.jpg
7,E:\MedicalData\kagglechallenge\Dermnet\train/Hair Loss Photos Alopecia and other Hair Diseases/folliculitis-decalvans-4.jpg
7,E:\MedicalData\kagglechallenge\Dermnet\train/Hair Loss Photos Alopecia and other Hair Diseases/folliculitis-decalvans-5.jpg
7,E:\MedicalData\kagglechallenge\Dermnet\train/Hair Loss Photos Alopecia and other Hair Diseases/folliculitis-decalvans-6.jpg
7,E:\MedicalData\kagglechallenge\Dermnet\train/Hair Loss Photos Alopecia and other Hair Diseases/folliculitis-decalvans-7.jpg
7,E:\MedicalData\kagglechallenge\Dermnet\train/Hair Loss Photos Alopecia and other Hair Diseases/folliculitis-decalvans-8.jpg
7,E:\MedicalData\kagglechallenge\Dermnet\train/Hair Loss Photos Alopecia and other Hair Diseases/folliculitis-decalvans-9.jpg
7,E:\MedicalData\kagglechallenge\Dermnet\train/Hair Loss Photos Alopecia and other Hair Diseases/hirsutism-3.jpg
7,E:\MedicalData\kagglechallenge\Dermnet\train/Hair Loss Photos Alopecia and other Hair Diseases/hirsutism-4.jpg
7,E:\MedicalData\kagglechallenge\Dermnet\train/Hair Loss Photos Alopecia and other Hair Diseases/hot-comb-alopecia-2.jpg
7,E:\MedicalData\kagglechallenge\Dermnet\train/Hair Loss Photos Alopecia and other Hair Diseases/hot-comb-alopecia-3.jpg
7,E:\MedicalData\kagglechallenge\Dermnet\train/Hair Loss Photos Alopecia and other Hair Diseases/ingrown-eyelash-1.jpg
7,E:\MedicalData\kagglechallenge\Dermnet\train/Hair Loss Photos Alopecia and other Hair Diseases/lichen-planopilaris-1.jpg
7,E:\MedicalData\kagglechallenge\Dermnet\train/Hair Loss Photos Alopecia and other Hair Diseases/lichen-planopilaris-2.jpg
7,E:\MedicalData\kagglechallenge\Dermnet\train/Hair Loss Photos Alopecia and other Hair Diseases/monilethrix-1.jpg
7,E:\MedicalData\kagglechallenge\Dermnet\train/Hair Loss Photos Alopecia and other Hair Diseases/pili-annulati-1.jpg
7,E:\MedicalData\kagglechallenge\Dermnet\train/Hair Loss Photos Alopecia and other Hair Diseases/pili-annulati-2.jpg
7,E:\MedicalData\kagglechallenge\Dermnet\train/Hair Loss Photos Alopecia and other Hair Diseases/pili-annulati-3.jpg
7,E:\MedicalData\kagglechallenge\Dermnet\train/Hair Loss Photos Alopecia and other Hair Diseases/pili-annulati-4.jpg
7,E:\MedicalData\kagglechallenge\Dermnet\train/Hair Loss Photos Alopecia and other Hair Diseases/polytrichia-1.jpg
7,E:\MedicalData\kagglechallenge\Dermnet\train/Hair Loss Photos Alopecia and other Hair Diseases/polytrichia-2.jpg
7,E:\MedicalData\kagglechallenge\Dermnet\train/Hair Loss Photos Alopecia and other Hair Diseases/pseudopelade-2.jpg
7,E:\MedicalData\kagglechallenge\Dermnet\train/Hair Loss Photos Alopecia and other Hair Diseases/pseudopelade-3.jpg
7,E:\MedicalData\kagglechallenge\Dermnet\train/Hair Loss Photos Alopecia and other Hair Diseases/pseudopelade-5.jpg
7,E:\MedicalData\kagglechallenge\Dermnet\train/Hair Loss Photos Alopecia and other Hair Diseases/sheathed-hair-1.jpg
7,E:\MedicalData\kagglechallenge\Dermnet\train/Hair Loss Photos Alopecia and other Hair Diseases/sheathed-hair-2.jpg
7,E:\MedicalData\kagglechallenge\Dermnet\train/Hair Loss Photos Alopecia and other Hair Diseases/telogen-effluvium-1.jpg
7,E:\MedicalData\kagglechallenge\Dermnet\train/Hair Loss Photos Alopecia and other Hair Diseases/telogen-effluvium-2.jpg
7,E:\MedicalData\kagglechallenge\Dermnet\train/Hair Loss Photos Alopecia and other Hair Diseases/telogen-effluvium-3.jpg
7,E:\MedicalData\kagglechallenge\Dermnet\train/Hair Loss Photos Alopecia and other Hair Diseases/telogen-effluvium-8.jpg
7,E:\MedicalData\kagglechallenge\Dermnet\train/Hair Loss Photos Alopecia and other Hair Diseases/traction-alopecia-1.jpg
7,E:\MedicalData\kagglechallenge\Dermnet\train/Hair Loss Photos Alopecia and other Hair Diseases/traction-alopecia-2.jpg
7,E:\MedicalData\kagglechallenge\Dermnet\train/Hair Loss Photos Alopecia and other Hair Diseases/traction-alopecia-3.jpg
7,E:\MedicalData\kagglechallenge\Dermnet\train/Hair Loss Photos Alopecia and other Hair Diseases/trichomycosis-1.jpg
7,E:\MedicalData\kagglechallenge\Dermnet\train/Hair Loss Photos Alopecia and other Hair Diseases/trichomycosis-2.jpg
7,E:\MedicalData\kagglechallenge\Dermnet\train/Hair Loss Photos Alopecia and other Hair Diseases/trichomycosis-3.jpg
7,E:\MedicalData\kagglechallenge\Dermnet\train/Hair Loss Photos Alopecia and other Hair Diseases/trichomycosis-4.jpg
7,E:\MedicalData\kagglechallenge\Dermnet\train/Hair Loss Photos Alopecia and other Hair Diseases/trichomycosis-5.jpg
7,E:\MedicalData\kagglechallenge\Dermnet\train/Hair Loss Photos Alopecia and other Hair Diseases/trichomycosis-7.jpg
7,E:\MedicalData\kagglechallenge\Dermnet\train/Hair Loss Photos Alopecia and other Hair Diseases/trichorrhexis-nodosa-1.jpg
7,E:\MedicalData\kagglechallenge\Dermnet\train/Hair Loss Photos Alopecia and other Hair Diseases/trichorrhexis-nodosa-3.jpg
7,E:\MedicalData\kagglechallenge\Dermnet\train/Hair Loss Photos Alopecia and other Hair Diseases/trichorrhexis-nodosa-4.jpg
7,E:\MedicalData\kagglechallenge\Dermnet\train/Hair Loss Photos Alopecia and other Hair Diseases/trichotillomania-1.jpg
7,E:\MedicalData\kagglechallenge\Dermnet\train/Hair Loss Photos Alopecia and other Hair Diseases/trichotillomania-10.jpg
7,E:\MedicalData\kagglechallenge\Dermnet\train/Hair Loss Photos Alopecia and other Hair Diseases/trichotillomania-13.jpg
7,E:\MedicalData\kagglechallenge\Dermnet\train/Hair Loss Photos Alopecia and other Hair Diseases/trichotillomania-14.jpg
7,E:\MedicalData\kagglechallenge\Dermnet\train/Hair Loss Photos Alopecia and other Hair Diseases/trichotillomania-15.jpg
7,E:\MedicalData\kagglechallenge\Dermnet\train/Hair Loss Photos Alopecia and other Hair Diseases/trichotillomania-16.jpg
7,E:\MedicalData\kagglechallenge\Dermnet\train/Hair Loss Photos Alopecia and other Hair Diseases/trichotillomania-17.jpg
7,E:\MedicalData\kagglechallenge\Dermnet\train/Hair Loss Photos Alopecia and other Hair Diseases/trichotillomania-19.jpg
7,E:\MedicalData\kagglechallenge\Dermnet\train/Hair Loss Photos Alopecia and other Hair Diseases/trichotillomania-21.jpg
7,E:\MedicalData\kagglechallenge\Dermnet\train/Hair Loss Photos Alopecia and other Hair Diseases/trichotillomania-22.jpg
7,E:\MedicalData\kagglechallenge\Dermnet\train/Hair Loss Photos Alopecia and other Hair Diseases/trichotillomania-3.jpg
7,E:\MedicalData\kagglechallenge\Dermnet\train/Hair Loss Photos Alopecia and other Hair Diseases/trichotillomania-4.jpg
7,E:\MedicalData\kagglechallenge\Dermnet\train/Hair Loss Photos Alopecia and other Hair Diseases/trichotillomania-5.jpg
7,E:\MedicalData\kagglechallenge\Dermnet\train/Hair Loss Photos Alopecia and other Hair Diseases/trichotillomania-7.jpg
7,E:\MedicalData\kagglechallenge\Dermnet\train/Hair Loss Photos Alopecia and other Hair Diseases/trichotillomania-8.jpg
7,E:\MedicalData\kagglechallenge\Dermnet\train/Hair Loss Photos Alopecia and other Hair Diseases/trichotillomania-9.jpg
7,E:\MedicalData\kagglechallenge\Dermnet\train/Hair Loss Photos Alopecia and other Hair Diseases/tufted-folliculitis-1.jpg
7,E:\MedicalData\kagglechallenge\Dermnet\train/Hair Loss Photos Alopecia and other Hair Diseases/tufted-folliculitis-10.jpg
7,E:\MedicalData\kagglechallenge\Dermnet\train/Hair Loss Photos Alopecia and other Hair Diseases/tufted-folliculitis-11.jpg
7,E:\MedicalData\kagglechallenge\Dermnet\train/Hair Loss Photos Alopecia and other Hair Diseases/tufted-folliculitis-12.jpg
7,E:\MedicalData\kagglechallenge\Dermnet\train/Hair Loss Photos Alopecia and other Hair Diseases/tufted-folliculitis-13.jpg
7,E:\MedicalData\kagglechallenge\Dermnet\train/Hair Loss Photos Alopecia and other Hair Diseases/tufted-folliculitis-14.jpg
7,E:\MedicalData\kagglechallenge\Dermnet\train/Hair Loss Photos Alopecia and other Hair Diseases/tufted-folliculitis-15.jpg
7,E:\MedicalData\kagglechallenge\Dermnet\train/Hair Loss Photos Alopecia and other Hair Diseases/tufted-folliculitis-16.jpg
7,E:\MedicalData\kagglechallenge\Dermnet\train/Hair Loss Photos Alopecia and other Hair Diseases/tufted-folliculitis-2.jpg
7,E:\MedicalData\kagglechallenge\Dermnet\train/Hair Loss Photos Alopecia and other Hair Diseases/tufted-folliculitis-3.jpg
7,E:\MedicalData\kagglechallenge\Dermnet\train/Hair Loss Photos Alopecia and other Hair Diseases/tufted-folliculitis-8.jpg
8,E:\MedicalData\kagglechallenge\Dermnet\train/Herpes HPV and other STDs Photos/11AnalWarts090801.jpg
8,E:\MedicalData\kagglechallenge\Dermnet\train/Herpes HPV and other STDs Photos/11AnalWarts090802.jpg
8,E:\MedicalData\kagglechallenge\Dermnet\train/Herpes HPV and other STDs Photos/11herpesAnal0913042.jpg
8,E:\MedicalData\kagglechallenge\Dermnet\train/Herpes HPV and other STDs Photos/AIDS-11.jpg
8,E:\MedicalData\kagglechallenge\Dermnet\train/Herpes HPV and other STDs Photos/AIDS-14.jpg
8,E:\MedicalData\kagglechallenge\Dermnet\train/Herpes HPV and other STDs Photos/AIDS-16.jpg
8,E:\MedicalData\kagglechallenge\Dermnet\train/Herpes HPV and other STDs Photos/AIDS-17.jpg
8,E:\MedicalData\kagglechallenge\Dermnet\train/Herpes HPV and other STDs Photos/AIDS-20.jpg
8,E:\MedicalData\kagglechallenge\Dermnet\train/Herpes HPV and other STDs Photos/AIDS-21.jpg
8,E:\MedicalData\kagglechallenge\Dermnet\train/Herpes HPV and other STDs Photos/AIDS-23.jpg
8,E:\MedicalData\kagglechallenge\Dermnet\train/Herpes HPV and other STDs Photos/AIDS-27.jpg
8,E:\MedicalData\kagglechallenge\Dermnet\train/Herpes HPV and other STDs Photos/AIDS-29.jpg
8,E:\MedicalData\kagglechallenge\Dermnet\train/Herpes HPV and other STDs Photos/AIDS-35.jpg
8,E:\MedicalData\kagglechallenge\Dermnet\train/Herpes HPV and other STDs Photos/AIDS-36.jpg
8,E:\MedicalData\kagglechallenge\Dermnet\train/Herpes HPV and other STDs Photos/AIDS-37.jpg
8,E:\MedicalData\kagglechallenge\Dermnet\train/Herpes HPV and other STDs Photos/AIDS-38.jpg
8,E:\MedicalData\kagglechallenge\Dermnet\train/Herpes HPV and other STDs Photos/AIDS-39.jpg
8,E:\MedicalData\kagglechallenge\Dermnet\train/Herpes HPV and other STDs Photos/AIDS-40.jpg
8,E:\MedicalData\kagglechallenge\Dermnet\train/Herpes HPV and other STDs Photos/AIDS-41.jpg
8,E:\MedicalData\kagglechallenge\Dermnet\train/Herpes HPV and other STDs Photos/AIDS-42.jpg
8,E:\MedicalData\kagglechallenge\Dermnet\train/Herpes HPV and other STDs Photos/AIDS-43.jpg
8,E:\MedicalData\kagglechallenge\Dermnet\train/Herpes HPV and other STDs Photos/AIDS-45.jpg
8,E:\MedicalData\kagglechallenge\Dermnet\train/Herpes HPV and other STDs Photos/AIDS-46.jpg
8,E:\MedicalData\kagglechallenge\Dermnet\train/Herpes HPV and other STDs Photos/AIDS-47.jpg
8,E:\MedicalData\kagglechallenge\Dermnet\train/Herpes HPV and other STDs Photos/AIDS-5.jpg
8,E:\MedicalData\kagglechallenge\Dermnet\train/Herpes HPV and other STDs Photos/AIDS-51.jpg
8,E:\MedicalData\kagglechallenge\Dermnet\train/Herpes HPV and other STDs Photos/AIDS-52.jpg
8,E:\MedicalData\kagglechallenge\Dermnet\train/Herpes HPV and other STDs Photos/AIDS-53.jpg
8,E:\MedicalData\kagglechallenge\Dermnet\train/Herpes HPV and other STDs Photos/AIDS-55.jpg
8,E:\MedicalData\kagglechallenge\Dermnet\train/Herpes HPV and other STDs Photos/AIDS-56.jpg
8,E:\MedicalData\kagglechallenge\Dermnet\train/Herpes HPV and other STDs Photos/AIDS-59.jpg
8,E:\MedicalData\kagglechallenge\Dermnet\train/Herpes HPV and other STDs Photos/AIDS-60.jpg
8,E:\MedicalData\kagglechallenge\Dermnet\train/Herpes HPV and other STDs Photos/AIDS-7.jpg
8,E:\MedicalData\kagglechallenge\Dermnet\train/Herpes HPV and other STDs Photos/AIDS-8.jpg
8,E:\MedicalData\kagglechallenge\Dermnet\train/Herpes HPV and other STDs Photos/bacterial-vaginosis-1.jpg
8,E:\MedicalData\kagglechallenge\Dermnet\train/Herpes HPV and other STDs Photos/bowenoid-papulosis-1.jpg
8,E:\MedicalData\kagglechallenge\Dermnet\train/Herpes HPV and other STDs Photos/bowenoid-papulosis-3.jpg
8,E:\MedicalData\kagglechallenge\Dermnet\train/Herpes HPV and other STDs Photos/bowenoid-papulosis-4.jpg
8,E:\MedicalData\kagglechallenge\Dermnet\train/Herpes HPV and other STDs Photos/bowenoid-papulosis-6.jpg
8,E:\MedicalData\kagglechallenge\Dermnet\train/Herpes HPV and other STDs Photos/bowenoid-papulosis-7.jpg
8,E:\MedicalData\kagglechallenge\Dermnet\train/Herpes HPV and other STDs Photos/bowenoid-papulosis-9.jpg
8,E:\MedicalData\kagglechallenge\Dermnet\train/Herpes HPV and other STDs Photos/chancroid-3.jpg
8,E:\MedicalData\kagglechallenge\Dermnet\train/Herpes HPV and other STDs Photos/chancroid-5.jpg
8,E:\MedicalData\kagglechallenge\Dermnet\train/Herpes HPV and other STDs Photos/chancroid-6.jpg
8,E:\MedicalData\kagglechallenge\Dermnet\train/Herpes HPV and other STDs Photos/genital-herpes-simplex-1.jpg
8,E:\MedicalData\kagglechallenge\Dermnet\train/Herpes HPV and other STDs Photos/genital-herpes-simplex-10.jpg
8,E:\MedicalData\kagglechallenge\Dermnet\train/Herpes HPV and other STDs Photos/genital-herpes-simplex-12.jpg
8,E:\MedicalData\kagglechallenge\Dermnet\train/Herpes HPV and other STDs Photos/genital-herpes-simplex-13.jpg
8,E:\MedicalData\kagglechallenge\Dermnet\train/Herpes HPV and other STDs Photos/genital-herpes-simplex-2.jpg
8,E:\MedicalData\kagglechallenge\Dermnet\train/Herpes HPV and other STDs Photos/genital-herpes-simplex-4.jpg
8,E:\MedicalData\kagglechallenge\Dermnet\train/Herpes HPV and other STDs Photos/genital-herpes-simplex-5.jpg
8,E:\MedicalData\kagglechallenge\Dermnet\train/Herpes HPV and other STDs Photos/genital-herpes-simplex-9.jpg
8,E:\MedicalData\kagglechallenge\Dermnet\train/Herpes HPV and other STDs Photos/genital-ulcers-1.jpg
8,E:\MedicalData\kagglechallenge\Dermnet\train/Herpes HPV and other STDs Photos/genital-warts-100.jpg
8,E:\MedicalData\kagglechallenge\Dermnet\train/Herpes HPV and other STDs Photos/genital-warts-101.jpg
8,E:\MedicalData\kagglechallenge\Dermnet\train/Herpes HPV and other STDs Photos/genital-warts-102.jpg
8,E:\MedicalData\kagglechallenge\Dermnet\train/Herpes HPV and other STDs Photos/genital-warts-105.jpg
8,E:\MedicalData\kagglechallenge\Dermnet\train/Herpes HPV and other STDs Photos/genital-warts-108.jpg
8,E:\MedicalData\kagglechallenge\Dermnet\train/Herpes HPV and other STDs Photos/genital-warts-11.jpg
8,E:\MedicalData\kagglechallenge\Dermnet\train/Herpes HPV and other STDs Photos/genital-warts-110.jpg
8,E:\MedicalData\kagglechallenge\Dermnet\train/Herpes HPV and other STDs Photos/genital-warts-111.jpg
8,E:\MedicalData\kagglechallenge\Dermnet\train/Herpes HPV and other STDs Photos/genital-warts-113.jpg
8,E:\MedicalData\kagglechallenge\Dermnet\train/Herpes HPV and other STDs Photos/genital-warts-114.jpg
8,E:\MedicalData\kagglechallenge\Dermnet\train/Herpes HPV and other STDs Photos/genital-warts-115.jpg
8,E:\MedicalData\kagglechallenge\Dermnet\train/Herpes HPV and other STDs Photos/genital-warts-116.jpg
8,E:\MedicalData\kagglechallenge\Dermnet\train/Herpes HPV and other STDs Photos/genital-warts-117.jpg
8,E:\MedicalData\kagglechallenge\Dermnet\train/Herpes HPV and other STDs Photos/genital-warts-118.jpg
8,E:\MedicalData\kagglechallenge\Dermnet\train/Herpes HPV and other STDs Photos/genital-warts-12.jpg
8,E:\MedicalData\kagglechallenge\Dermnet\train/Herpes HPV and other STDs Photos/genital-warts-121.jpg
8,E:\MedicalData\kagglechallenge\Dermnet\train/Herpes HPV and other STDs Photos/genital-warts-123.jpg
8,E:\MedicalData\kagglechallenge\Dermnet\train/Herpes HPV and other STDs Photos/genital-warts-124.jpg
8,E:\MedicalData\kagglechallenge\Dermnet\train/Herpes HPV and other STDs Photos/genital-warts-125.jpg
8,E:\MedicalData\kagglechallenge\Dermnet\train/Herpes HPV and other STDs Photos/genital-warts-127.jpg
8,E:\MedicalData\kagglechallenge\Dermnet\train/Herpes HPV and other STDs Photos/genital-warts-13.jpg
8,E:\MedicalData\kagglechallenge\Dermnet\train/Herpes HPV and other STDs Photos/genital-warts-131.jpg
8,E:\MedicalData\kagglechallenge\Dermnet\train/Herpes HPV and other STDs Photos/genital-warts-132.jpg
8,E:\MedicalData\kagglechallenge\Dermnet\train/Herpes HPV and other STDs Photos/genital-warts-134.jpg
8,E:\MedicalData\kagglechallenge\Dermnet\train/Herpes HPV and other STDs Photos/genital-warts-14.jpg
8,E:\MedicalData\kagglechallenge\Dermnet\train/Herpes HPV and other STDs Photos/genital-warts-15.jpg
8,E:\MedicalData\kagglechallenge\Dermnet\train/Herpes HPV and other STDs Photos/genital-warts-16.jpg
8,E:\MedicalData\kagglechallenge\Dermnet\train/Herpes HPV and other STDs Photos/genital-warts-17.jpg
8,E:\MedicalData\kagglechallenge\Dermnet\train/Herpes HPV and other STDs Photos/genital-warts-18.jpg
8,E:\MedicalData\kagglechallenge\Dermnet\train/Herpes HPV and other STDs Photos/genital-warts-19.jpg
8,E:\MedicalData\kagglechallenge\Dermnet\train/Herpes HPV and other STDs Photos/genital-warts-2.jpg
8,E:\MedicalData\kagglechallenge\Dermnet\train/Herpes HPV and other STDs Photos/genital-warts-22.jpg
8,E:\MedicalData\kagglechallenge\Dermnet\train/Herpes HPV and other STDs Photos/genital-warts-24.jpg
8,E:\MedicalData\kagglechallenge\Dermnet\train/Herpes HPV and other STDs Photos/genital-warts-28.jpg
8,E:\MedicalData\kagglechallenge\Dermnet\train/Herpes HPV and other STDs Photos/genital-warts-3.jpg
8,E:\MedicalData\kagglechallenge\Dermnet\train/Herpes HPV and other STDs Photos/genital-warts-31.jpg
8,E:\MedicalData\kagglechallenge\Dermnet\train/Herpes HPV and other STDs Photos/genital-warts-32.jpg
8,E:\MedicalData\kagglechallenge\Dermnet\train/Herpes HPV and other STDs Photos/genital-warts-33.jpg
8,E:\MedicalData\kagglechallenge\Dermnet\train/Herpes HPV and other STDs Photos/genital-warts-34.jpg
8,E:\MedicalData\kagglechallenge\Dermnet\train/Herpes HPV and other STDs Photos/genital-warts-35.jpg
8,E:\MedicalData\kagglechallenge\Dermnet\train/Herpes HPV and other STDs Photos/genital-warts-36.jpg
8,E:\MedicalData\kagglechallenge\Dermnet\train/Herpes HPV and other STDs Photos/genital-warts-37.jpg
8,E:\MedicalData\kagglechallenge\Dermnet\train/Herpes HPV and other STDs Photos/genital-warts-39.jpg
8,E:\MedicalData\kagglechallenge\Dermnet\train/Herpes HPV and other STDs Photos/genital-warts-4.jpg
8,E:\MedicalData\kagglechallenge\Dermnet\train/Herpes HPV and other STDs Photos/genital-warts-40.jpg
8,E:\MedicalData\kagglechallenge\Dermnet\train/Herpes HPV and other STDs Photos/genital-warts-41.jpg
8,E:\MedicalData\kagglechallenge\Dermnet\train/Herpes HPV and other STDs Photos/genital-warts-42.jpg
8,E:\MedicalData\kagglechallenge\Dermnet\train/Herpes HPV and other STDs Photos/genital-warts-43.jpg
8,E:\MedicalData\kagglechallenge\Dermnet\train/Herpes HPV and other STDs Photos/genital-warts-44.jpg
8,E:\MedicalData\kagglechallenge\Dermnet\train/Herpes HPV and other STDs Photos/genital-warts-45.jpg
8,E:\MedicalData\kagglechallenge\Dermnet\train/Herpes HPV and other STDs Photos/genital-warts-46.jpg
8,E:\MedicalData\kagglechallenge\Dermnet\train/Herpes HPV and other STDs Photos/genital-warts-47.jpg
8,E:\MedicalData\kagglechallenge\Dermnet\train/Herpes HPV and other STDs Photos/genital-warts-48.jpg
8,E:\MedicalData\kagglechallenge\Dermnet\train/Herpes HPV and other STDs Photos/genital-warts-49.jpg
8,E:\MedicalData\kagglechallenge\Dermnet\train/Herpes HPV and other STDs Photos/genital-warts-5.jpg
8,E:\MedicalData\kagglechallenge\Dermnet\train/Herpes HPV and other STDs Photos/genital-warts-50.jpg
8,E:\MedicalData\kagglechallenge\Dermnet\train/Herpes HPV and other STDs Photos/genital-warts-51.jpg
8,E:\MedicalData\kagglechallenge\Dermnet\train/Herpes HPV and other STDs Photos/genital-warts-52.jpg
8,E:\MedicalData\kagglechallenge\Dermnet\train/Herpes HPV and other STDs Photos/genital-warts-53.jpg
8,E:\MedicalData\kagglechallenge\Dermnet\train/Herpes HPV and other STDs Photos/genital-warts-54.jpg
8,E:\MedicalData\kagglechallenge\Dermnet\train/Herpes HPV and other STDs Photos/genital-warts-55.jpg
8,E:\MedicalData\kagglechallenge\Dermnet\train/Herpes HPV and other STDs Photos/genital-warts-58.jpg
8,E:\MedicalData\kagglechallenge\Dermnet\train/Herpes HPV and other STDs Photos/genital-warts-60.jpg
8,E:\MedicalData\kagglechallenge\Dermnet\train/Herpes HPV and other STDs Photos/genital-warts-61.jpg
8,E:\MedicalData\kagglechallenge\Dermnet\train/Herpes HPV and other STDs Photos/genital-warts-62.jpg
8,E:\MedicalData\kagglechallenge\Dermnet\train/Herpes HPV and other STDs Photos/genital-warts-63.jpg
8,E:\MedicalData\kagglechallenge\Dermnet\train/Herpes HPV and other STDs Photos/genital-warts-64.jpg
8,E:\MedicalData\kagglechallenge\Dermnet\train/Herpes HPV and other STDs Photos/genital-warts-65.jpg
8,E:\MedicalData\kagglechallenge\Dermnet\train/Herpes HPV and other STDs Photos/genital-warts-66.jpg
8,E:\MedicalData\kagglechallenge\Dermnet\train/Herpes HPV and other STDs Photos/genital-warts-67.jpg
8,E:\MedicalData\kagglechallenge\Dermnet\train/Herpes HPV and other STDs Photos/genital-warts-68.jpg
8,E:\MedicalData\kagglechallenge\Dermnet\train/Herpes HPV and other STDs Photos/genital-warts-69.jpg
8,E:\MedicalData\kagglechallenge\Dermnet\train/Herpes HPV and other STDs Photos/genital-warts-7.jpg
8,E:\MedicalData\kagglechallenge\Dermnet\train/Herpes HPV and other STDs Photos/genital-warts-70.jpg
8,E:\MedicalData\kagglechallenge\Dermnet\train/Herpes HPV and other STDs Photos/genital-warts-71.jpg
8,E:\MedicalData\kagglechallenge\Dermnet\train/Herpes HPV and other STDs Photos/genital-warts-74.jpg
8,E:\MedicalData\kagglechallenge\Dermnet\train/Herpes HPV and other STDs Photos/genital-warts-76.jpg
8,E:\MedicalData\kagglechallenge\Dermnet\train/Herpes HPV and other STDs Photos/genital-warts-77.jpg
8,E:\MedicalData\kagglechallenge\Dermnet\train/Herpes HPV and other STDs Photos/genital-warts-78.jpg
8,E:\MedicalData\kagglechallenge\Dermnet\train/Herpes HPV and other STDs Photos/genital-warts-8.jpg
8,E:\MedicalData\kagglechallenge\Dermnet\train/Herpes HPV and other STDs Photos/genital-warts-80.jpg
8,E:\MedicalData\kagglechallenge\Dermnet\train/Herpes HPV and other STDs Photos/genital-warts-81.jpg
8,E:\MedicalData\kagglechallenge\Dermnet\train/Herpes HPV and other STDs Photos/genital-warts-82.jpg
8,E:\MedicalData\kagglechallenge\Dermnet\train/Herpes HPV and other STDs Photos/genital-warts-83.jpg
8,E:\MedicalData\kagglechallenge\Dermnet\train/Herpes HPV and other STDs Photos/genital-warts-85.jpg
8,E:\MedicalData\kagglechallenge\Dermnet\train/Herpes HPV and other STDs Photos/genital-warts-88.jpg
8,E:\MedicalData\kagglechallenge\Dermnet\train/Herpes HPV and other STDs Photos/genital-warts-89.jpg
8,E:\MedicalData\kagglechallenge\Dermnet\train/Herpes HPV and other STDs Photos/genital-warts-9.jpg
8,E:\MedicalData\kagglechallenge\Dermnet\train/Herpes HPV and other STDs Photos/genital-warts-90.jpg
8,E:\MedicalData\kagglechallenge\Dermnet\train/Herpes HPV and other STDs Photos/genital-warts-91.jpg
8,E:\MedicalData\kagglechallenge\Dermnet\train/Herpes HPV and other STDs Photos/genital-warts-94.jpg
8,E:\MedicalData\kagglechallenge\Dermnet\train/Herpes HPV and other STDs Photos/genital-warts-95.jpg
8,E:\MedicalData\kagglechallenge\Dermnet\train/Herpes HPV and other STDs Photos/genital-warts-96.jpg
8,E:\MedicalData\kagglechallenge\Dermnet\train/Herpes HPV and other STDs Photos/genital-warts-98.jpg
8,E:\MedicalData\kagglechallenge\Dermnet\train/Herpes HPV and other STDs Photos/genital-warts-99.jpg
8,E:\MedicalData\kagglechallenge\Dermnet\train/Herpes HPV and other STDs Photos/gonorrhea-11.jpg
8,E:\MedicalData\kagglechallenge\Dermnet\train/Herpes HPV and other STDs Photos/gonorrhea-13.jpg
8,E:\MedicalData\kagglechallenge\Dermnet\train/Herpes HPV and other STDs Photos/gonorrhea-2.jpg
8,E:\MedicalData\kagglechallenge\Dermnet\train/Herpes HPV and other STDs Photos/gonorrhea-3.jpg
8,E:\MedicalData\kagglechallenge\Dermnet\train/Herpes HPV and other STDs Photos/gonorrhea-4.jpg
8,E:\MedicalData\kagglechallenge\Dermnet\train/Herpes HPV and other STDs Photos/gonorrhea-5.jpg
8,E:\MedicalData\kagglechallenge\Dermnet\train/Herpes HPV and other STDs Photos/gonorrhea-7.jpg
8,E:\MedicalData\kagglechallenge\Dermnet\train/Herpes HPV and other STDs Photos/gonorrhea-8.jpg
8,E:\MedicalData\kagglechallenge\Dermnet\train/Herpes HPV and other STDs Photos/herpes-type-2-primary-1.jpg
8,E:\MedicalData\kagglechallenge\Dermnet\train/Herpes HPV and other STDs Photos/herpes-type-2-primary-10.jpg
8,E:\MedicalData\kagglechallenge\Dermnet\train/Herpes HPV and other STDs Photos/herpes-type-2-primary-11.jpg
8,E:\MedicalData\kagglechallenge\Dermnet\train/Herpes HPV and other STDs Photos/herpes-type-2-primary-12.jpg
8,E:\MedicalData\kagglechallenge\Dermnet\train/Herpes HPV and other STDs Photos/herpes-type-2-primary-13.jpg
8,E:\MedicalData\kagglechallenge\Dermnet\train/Herpes HPV and other STDs Photos/herpes-type-2-primary-14.jpg
8,E:\MedicalData\kagglechallenge\Dermnet\train/Herpes HPV and other STDs Photos/herpes-type-2-primary-16.jpg
8,E:\MedicalData\kagglechallenge\Dermnet\train/Herpes HPV and other STDs Photos/herpes-type-2-primary-17.jpg
8,E:\MedicalData\kagglechallenge\Dermnet\train/Herpes HPV and other STDs Photos/herpes-type-2-primary-20.jpg
8,E:\MedicalData\kagglechallenge\Dermnet\train/Herpes HPV and other STDs Photos/herpes-type-2-primary-21.jpg
8,E:\MedicalData\kagglechallenge\Dermnet\train/Herpes HPV and other STDs Photos/herpes-type-2-primary-23.jpg
8,E:\MedicalData\kagglechallenge\Dermnet\train/Herpes HPV and other STDs Photos/herpes-type-2-primary-24.jpg
8,E:\MedicalData\kagglechallenge\Dermnet\train/Herpes HPV and other STDs Photos/herpes-type-2-primary-26.jpg
8,E:\MedicalData\kagglechallenge\Dermnet\train/Herpes HPV and other STDs Photos/herpes-type-2-primary-29.jpg
8,E:\MedicalData\kagglechallenge\Dermnet\train/Herpes HPV and other STDs Photos/herpes-type-2-primary-3.jpg
8,E:\MedicalData\kagglechallenge\Dermnet\train/Herpes HPV and other STDs Photos/herpes-type-2-primary-30.jpg
8,E:\MedicalData\kagglechallenge\Dermnet\train/Herpes HPV and other STDs Photos/herpes-type-2-primary-32.jpg
8,E:\MedicalData\kagglechallenge\Dermnet\train/Herpes HPV and other STDs Photos/herpes-type-2-primary-33.jpg
8,E:\MedicalData\kagglechallenge\Dermnet\train/Herpes HPV and other STDs Photos/herpes-type-2-primary-34.jpg
8,E:\MedicalData\kagglechallenge\Dermnet\train/Herpes HPV and other STDs Photos/herpes-type-2-primary-36.jpg
8,E:\MedicalData\kagglechallenge\Dermnet\train/Herpes HPV and other STDs Photos/herpes-type-2-primary-37.jpg
8,E:\MedicalData\kagglechallenge\Dermnet\train/Herpes HPV and other STDs Photos/herpes-type-2-primary-38.jpg
8,E:\MedicalData\kagglechallenge\Dermnet\train/Herpes HPV and other STDs Photos/herpes-type-2-primary-39.jpg
8,E:\MedicalData\kagglechallenge\Dermnet\train/Herpes HPV and other STDs Photos/herpes-type-2-primary-40.jpg
8,E:\MedicalData\kagglechallenge\Dermnet\train/Herpes HPV and other STDs Photos/herpes-type-2-primary-41.jpg
8,E:\MedicalData\kagglechallenge\Dermnet\train/Herpes HPV and other STDs Photos/herpes-type-2-primary-42.jpg
8,E:\MedicalData\kagglechallenge\Dermnet\train/Herpes HPV and other STDs Photos/herpes-type-2-primary-44.jpg
8,E:\MedicalData\kagglechallenge\Dermnet\train/Herpes HPV and other STDs Photos/herpes-type-2-primary-46.jpg
8,E:\MedicalData\kagglechallenge\Dermnet\train/Herpes HPV and other STDs Photos/herpes-type-2-primary-47.jpg
8,E:\MedicalData\kagglechallenge\Dermnet\train/Herpes HPV and other STDs Photos/herpes-type-2-primary-49.jpg
8,E:\MedicalData\kagglechallenge\Dermnet\train/Herpes HPV and other STDs Photos/herpes-type-2-primary-50.jpg
8,E:\MedicalData\kagglechallenge\Dermnet\train/Herpes HPV and other STDs Photos/herpes-type-2-primary-51.jpg
8,E:\MedicalData\kagglechallenge\Dermnet\train/Herpes HPV and other STDs Photos/herpes-type-2-primary-52.jpg
8,E:\MedicalData\kagglechallenge\Dermnet\train/Herpes HPV and other STDs Photos/herpes-type-2-primary-53.jpg
8,E:\MedicalData\kagglechallenge\Dermnet\train/Herpes HPV and other STDs Photos/herpes-type-2-primary-55.jpg
8,E:\MedicalData\kagglechallenge\Dermnet\train/Herpes HPV and other STDs Photos/herpes-type-2-primary-56.jpg
8,E:\MedicalData\kagglechallenge\Dermnet\train/Herpes HPV and other STDs Photos/herpes-type-2-primary-57.jpg
8,E:\MedicalData\kagglechallenge\Dermnet\train/Herpes HPV and other STDs Photos/herpes-type-2-primary-7.jpg
8,E:\MedicalData\kagglechallenge\Dermnet\train/Herpes HPV and other STDs Photos/herpes-type-2-primary-8.jpg
8,E:\MedicalData\kagglechallenge\Dermnet\train/Herpes HPV and other STDs Photos/herpes-type-2-primary-9.jpg
8,E:\MedicalData\kagglechallenge\Dermnet\train/Herpes HPV and other STDs Photos/herpes-type-2-recurrent-1.jpg
8,E:\MedicalData\kagglechallenge\Dermnet\train/Herpes HPV and other STDs Photos/herpes-type-2-recurrent-11.jpg
8,E:\MedicalData\kagglechallenge\Dermnet\train/Herpes HPV and other STDs Photos/herpes-type-2-recurrent-12.jpg
8,E:\MedicalData\kagglechallenge\Dermnet\train/Herpes HPV and other STDs Photos/herpes-type-2-recurrent-13.jpg
8,E:\MedicalData\kagglechallenge\Dermnet\train/Herpes HPV and other STDs Photos/herpes-type-2-recurrent-14.jpg
8,E:\MedicalData\kagglechallenge\Dermnet\train/Herpes HPV and other STDs Photos/herpes-type-2-recurrent-15.jpg
8,E:\MedicalData\kagglechallenge\Dermnet\train/Herpes HPV and other STDs Photos/herpes-type-2-recurrent-16.jpg
8,E:\MedicalData\kagglechallenge\Dermnet\train/Herpes HPV and other STDs Photos/herpes-type-2-recurrent-17.jpg
8,E:\MedicalData\kagglechallenge\Dermnet\train/Herpes HPV and other STDs Photos/herpes-type-2-recurrent-19.jpg
8,E:\MedicalData\kagglechallenge\Dermnet\train/Herpes HPV and other STDs Photos/herpes-type-2-recurrent-2.jpg
8,E:\MedicalData\kagglechallenge\Dermnet\train/Herpes HPV and other STDs Photos/herpes-type-2-recurrent-20.jpg
8,E:\MedicalData\kagglechallenge\Dermnet\train/Herpes HPV and other STDs Photos/herpes-type-2-recurrent-21.jpg
8,E:\MedicalData\kagglechallenge\Dermnet\train/Herpes HPV and other STDs Photos/herpes-type-2-recurrent-22.jpg
8,E:\MedicalData\kagglechallenge\Dermnet\train/Herpes HPV and other STDs Photos/herpes-type-2-recurrent-23.jpg
8,E:\MedicalData\kagglechallenge\Dermnet\train/Herpes HPV and other STDs Photos/herpes-type-2-recurrent-24.jpg
8,E:\MedicalData\kagglechallenge\Dermnet\train/Herpes HPV and other STDs Photos/herpes-type-2-recurrent-25.jpg
8,E:\MedicalData\kagglechallenge\Dermnet\train/Herpes HPV and other STDs Photos/herpes-type-2-recurrent-26.jpg
8,E:\MedicalData\kagglechallenge\Dermnet\train/Herpes HPV and other STDs Photos/herpes-type-2-recurrent-28.jpg
8,E:\MedicalData\kagglechallenge\Dermnet\train/Herpes HPV and other STDs Photos/herpes-type-2-recurrent-29.jpg
8,E:\MedicalData\kagglechallenge\Dermnet\train/Herpes HPV and other STDs Photos/herpes-type-2-recurrent-3.jpg
8,E:\MedicalData\kagglechallenge\Dermnet\train/Herpes HPV and other STDs Photos/herpes-type-2-recurrent-30.jpg
8,E:\MedicalData\kagglechallenge\Dermnet\train/Herpes HPV and other STDs Photos/herpes-type-2-recurrent-31.jpg
8,E:\MedicalData\kagglechallenge\Dermnet\train/Herpes HPV and other STDs Photos/herpes-type-2-recurrent-33.jpg
8,E:\MedicalData\kagglechallenge\Dermnet\train/Herpes HPV and other STDs Photos/herpes-type-2-recurrent-34.jpg
8,E:\MedicalData\kagglechallenge\Dermnet\train/Herpes HPV and other STDs Photos/herpes-type-2-recurrent-37.jpg
8,E:\MedicalData\kagglechallenge\Dermnet\train/Herpes HPV and other STDs Photos/herpes-type-2-recurrent-38.jpg
8,E:\MedicalData\kagglechallenge\Dermnet\train/Herpes HPV and other STDs Photos/herpes-type-2-recurrent-4.jpg
8,E:\MedicalData\kagglechallenge\Dermnet\train/Herpes HPV and other STDs Photos/herpes-type-2-recurrent-40.jpg
8,E:\MedicalData\kagglechallenge\Dermnet\train/Herpes HPV and other STDs Photos/herpes-type-2-recurrent-41.jpg
8,E:\MedicalData\kagglechallenge\Dermnet\train/Herpes HPV and other STDs Photos/herpes-type-2-recurrent-42.jpg
8,E:\MedicalData\kagglechallenge\Dermnet\train/Herpes HPV and other STDs Photos/herpes-type-2-recurrent-43.jpg
8,E:\MedicalData\kagglechallenge\Dermnet\train/Herpes HPV and other STDs Photos/herpes-type-2-recurrent-44.jpg
8,E:\MedicalData\kagglechallenge\Dermnet\train/Herpes HPV and other STDs Photos/herpes-type-2-recurrent-45.jpg
8,E:\MedicalData\kagglechallenge\Dermnet\train/Herpes HPV and other STDs Photos/herpes-type-2-recurrent-46.jpg
8,E:\MedicalData\kagglechallenge\Dermnet\train/Herpes HPV and other STDs Photos/herpes-type-2-recurrent-47.jpg
8,E:\MedicalData\kagglechallenge\Dermnet\train/Herpes HPV and other STDs Photos/herpes-type-2-recurrent-48.jpg
8,E:\MedicalData\kagglechallenge\Dermnet\train/Herpes HPV and other STDs Photos/herpes-type-2-recurrent-5.jpg
8,E:\MedicalData\kagglechallenge\Dermnet\train/Herpes HPV and other STDs Photos/herpes-type-2-recurrent-6.jpg
8,E:\MedicalData\kagglechallenge\Dermnet\train/Herpes HPV and other STDs Photos/herpes-type-2-recurrent-7.jpg
8,E:\MedicalData\kagglechallenge\Dermnet\train/Herpes HPV and other STDs Photos/herpes-type-2-recurrent-8.jpg
8,E:\MedicalData\kagglechallenge\Dermnet\train/Herpes HPV and other STDs Photos/herpes-type-2-recurrent-9.jpg
8,E:\MedicalData\kagglechallenge\Dermnet\train/Herpes HPV and other STDs Photos/lymphogranuloma-venereum-1.jpg
8,E:\MedicalData\kagglechallenge\Dermnet\train/Herpes HPV and other STDs Photos/molluscum-contagiosum-1.jpg
8,E:\MedicalData\kagglechallenge\Dermnet\train/Herpes HPV and other STDs Photos/molluscum-contagiosum-10.jpg
8,E:\MedicalData\kagglechallenge\Dermnet\train/Herpes HPV and other STDs Photos/molluscum-contagiosum-100.jpg
8,E:\MedicalData\kagglechallenge\Dermnet\train/Herpes HPV and other STDs Photos/molluscum-contagiosum-101.jpg
8,E:\MedicalData\kagglechallenge\Dermnet\train/Herpes HPV and other STDs Photos/molluscum-contagiosum-102.jpg
8,E:\MedicalData\kagglechallenge\Dermnet\train/Herpes HPV and other STDs Photos/molluscum-contagiosum-103.jpg
8,E:\MedicalData\kagglechallenge\Dermnet\train/Herpes HPV and other STDs Photos/molluscum-contagiosum-104.jpg
8,E:\MedicalData\kagglechallenge\Dermnet\train/Herpes HPV and other STDs Photos/molluscum-contagiosum-106.jpg
8,E:\MedicalData\kagglechallenge\Dermnet\train/Herpes HPV and other STDs Photos/molluscum-contagiosum-109.jpg
8,E:\MedicalData\kagglechallenge\Dermnet\train/Herpes HPV and other STDs Photos/molluscum-contagiosum-11.jpg
8,E:\MedicalData\kagglechallenge\Dermnet\train/Herpes HPV and other STDs Photos/molluscum-contagiosum-110.jpg
8,E:\MedicalData\kagglechallenge\Dermnet\train/Herpes HPV and other STDs Photos/molluscum-contagiosum-112.jpg
8,E:\MedicalData\kagglechallenge\Dermnet\train/Herpes HPV and other STDs Photos/molluscum-contagiosum-113.jpg
8,E:\MedicalData\kagglechallenge\Dermnet\train/Herpes HPV and other STDs Photos/molluscum-contagiosum-114.jpg
8,E:\MedicalData\kagglechallenge\Dermnet\train/Herpes HPV and other STDs Photos/molluscum-contagiosum-116.jpg
8,E:\MedicalData\kagglechallenge\Dermnet\train/Herpes HPV and other STDs Photos/molluscum-contagiosum-117.jpg
8,E:\MedicalData\kagglechallenge\Dermnet\train/Herpes HPV and other STDs Photos/molluscum-contagiosum-118.jpg
8,E:\MedicalData\kagglechallenge\Dermnet\train/Herpes HPV and other STDs Photos/molluscum-contagiosum-119.jpg
8,E:\MedicalData\kagglechallenge\Dermnet\train/Herpes HPV and other STDs Photos/molluscum-contagiosum-12.jpg
8,E:\MedicalData\kagglechallenge\Dermnet\train/Herpes HPV and other STDs Photos/molluscum-contagiosum-120.jpg
8,E:\MedicalData\kagglechallenge\Dermnet\train/Herpes HPV and other STDs Photos/molluscum-contagiosum-121.jpg
8,E:\MedicalData\kagglechallenge\Dermnet\train/Herpes HPV and other STDs Photos/molluscum-contagiosum-122.jpg
8,E:\MedicalData\kagglechallenge\Dermnet\train/Herpes HPV and other STDs Photos/molluscum-contagiosum-123.jpg
8,E:\MedicalData\kagglechallenge\Dermnet\train/Herpes HPV and other STDs Photos/molluscum-contagiosum-124.jpg
8,E:\MedicalData\kagglechallenge\Dermnet\train/Herpes HPV and other STDs Photos/molluscum-contagiosum-126.jpg
8,E:\MedicalData\kagglechallenge\Dermnet\train/Herpes HPV and other STDs Photos/molluscum-contagiosum-127.jpg
8,E:\MedicalData\kagglechallenge\Dermnet\train/Herpes HPV and other STDs Photos/molluscum-contagiosum-128.jpg
8,E:\MedicalData\kagglechallenge\Dermnet\train/Herpes HPV and other STDs Photos/molluscum-contagiosum-131.jpg
8,E:\MedicalData\kagglechallenge\Dermnet\train/Herpes HPV and other STDs Photos/molluscum-contagiosum-132.jpg
8,E:\MedicalData\kagglechallenge\Dermnet\train/Herpes HPV and other STDs Photos/molluscum-contagiosum-133.jpg
8,E:\MedicalData\kagglechallenge\Dermnet\train/Herpes HPV and other STDs Photos/molluscum-contagiosum-137.jpg
8,E:\MedicalData\kagglechallenge\Dermnet\train/Herpes HPV and other STDs Photos/molluscum-contagiosum-138.jpg
8,E:\MedicalData\kagglechallenge\Dermnet\train/Herpes HPV and other STDs Photos/molluscum-contagiosum-139.jpg
8,E:\MedicalData\kagglechallenge\Dermnet\train/Herpes HPV and other STDs Photos/molluscum-contagiosum-14.jpg
8,E:\MedicalData\kagglechallenge\Dermnet\train/Herpes HPV and other STDs Photos/molluscum-contagiosum-140.jpg
8,E:\MedicalData\kagglechallenge\Dermnet\train/Herpes HPV and other STDs Photos/molluscum-contagiosum-141.jpg
8,E:\MedicalData\kagglechallenge\Dermnet\train/Herpes HPV and other STDs Photos/molluscum-contagiosum-142.jpg
8,E:\MedicalData\kagglechallenge\Dermnet\train/Herpes HPV and other STDs Photos/molluscum-contagiosum-143.jpg
8,E:\MedicalData\kagglechallenge\Dermnet\train/Herpes HPV and other STDs Photos/molluscum-contagiosum-145.jpg
8,E:\MedicalData\kagglechallenge\Dermnet\train/Herpes HPV and other STDs Photos/molluscum-contagiosum-146.jpg
8,E:\MedicalData\kagglechallenge\Dermnet\train/Herpes HPV and other STDs Photos/molluscum-contagiosum-148.jpg
8,E:\MedicalData\kagglechallenge\Dermnet\train/Herpes HPV and other STDs Photos/molluscum-contagiosum-149.jpg
8,E:\MedicalData\kagglechallenge\Dermnet\train/Herpes HPV and other STDs Photos/molluscum-contagiosum-15.jpg
8,E:\MedicalData\kagglechallenge\Dermnet\train/Herpes HPV and other STDs Photos/molluscum-contagiosum-150.jpg
8,E:\MedicalData\kagglechallenge\Dermnet\train/Herpes HPV and other STDs Photos/molluscum-contagiosum-151.jpg
8,E:\MedicalData\kagglechallenge\Dermnet\train/Herpes HPV and other STDs Photos/molluscum-contagiosum-152.jpg
8,E:\MedicalData\kagglechallenge\Dermnet\train/Herpes HPV and other STDs Photos/molluscum-contagiosum-153.jpg
8,E:\MedicalData\kagglechallenge\Dermnet\train/Herpes HPV and other STDs Photos/molluscum-contagiosum-155.jpg
8,E:\MedicalData\kagglechallenge\Dermnet\train/Herpes HPV and other STDs Photos/molluscum-contagiosum-156.jpg
8,E:\MedicalData\kagglechallenge\Dermnet\train/Herpes HPV and other STDs Photos/molluscum-contagiosum-159.jpg
8,E:\MedicalData\kagglechallenge\Dermnet\train/Herpes HPV and other STDs Photos/molluscum-contagiosum-16.jpg
8,E:\MedicalData\kagglechallenge\Dermnet\train/Herpes HPV and other STDs Photos/molluscum-contagiosum-160.jpg
8,E:\MedicalData\kagglechallenge\Dermnet\train/Herpes HPV and other STDs Photos/molluscum-contagiosum-163.jpg
8,E:\MedicalData\kagglechallenge\Dermnet\train/Herpes HPV and other STDs Photos/molluscum-contagiosum-164.jpg
8,E:\MedicalData\kagglechallenge\Dermnet\train/Herpes HPV and other STDs Photos/molluscum-contagiosum-165.jpg
8,E:\MedicalData\kagglechallenge\Dermnet\train/Herpes HPV and other STDs Photos/molluscum-contagiosum-166.jpg
8,E:\MedicalData\kagglechallenge\Dermnet\train/Herpes HPV and other STDs Photos/molluscum-contagiosum-167.jpg
8,E:\MedicalData\kagglechallenge\Dermnet\train/Herpes HPV and other STDs Photos/molluscum-contagiosum-17.jpg
8,E:\MedicalData\kagglechallenge\Dermnet\train/Herpes HPV and other STDs Photos/molluscum-contagiosum-170.jpg
8,E:\MedicalData\kagglechallenge\Dermnet\train/Herpes HPV and other STDs Photos/molluscum-contagiosum-18.jpg
8,E:\MedicalData\kagglechallenge\Dermnet\train/Herpes HPV and other STDs Photos/molluscum-contagiosum-19.jpg
8,E:\MedicalData\kagglechallenge\Dermnet\train/Herpes HPV and other STDs Photos/molluscum-contagiosum-20.jpg
8,E:\MedicalData\kagglechallenge\Dermnet\train/Herpes HPV and other STDs Photos/molluscum-contagiosum-21.jpg
8,E:\MedicalData\kagglechallenge\Dermnet\train/Herpes HPV and other STDs Photos/molluscum-contagiosum-24.jpg
8,E:\MedicalData\kagglechallenge\Dermnet\train/Herpes HPV and other STDs Photos/molluscum-contagiosum-26.jpg
8,E:\MedicalData\kagglechallenge\Dermnet\train/Herpes HPV and other STDs Photos/molluscum-contagiosum-28.jpg
8,E:\MedicalData\kagglechallenge\Dermnet\train/Herpes HPV and other STDs Photos/molluscum-contagiosum-29.jpg
8,E:\MedicalData\kagglechallenge\Dermnet\train/Herpes HPV and other STDs Photos/molluscum-contagiosum-3.jpg
8,E:\MedicalData\kagglechallenge\Dermnet\train/Herpes HPV and other STDs Photos/molluscum-contagiosum-30.jpg
8,E:\MedicalData\kagglechallenge\Dermnet\train/Herpes HPV and other STDs Photos/molluscum-contagiosum-31.jpg
8,E:\MedicalData\kagglechallenge\Dermnet\train/Herpes HPV and other STDs Photos/molluscum-contagiosum-33.jpg
8,E:\MedicalData\kagglechallenge\Dermnet\train/Herpes HPV and other STDs Photos/molluscum-contagiosum-36.jpg
8,E:\MedicalData\kagglechallenge\Dermnet\train/Herpes HPV and other STDs Photos/molluscum-contagiosum-38.jpg
8,E:\MedicalData\kagglechallenge\Dermnet\train/Herpes HPV and other STDs Photos/molluscum-contagiosum-39.jpg
8,E:\MedicalData\kagglechallenge\Dermnet\train/Herpes HPV and other STDs Photos/molluscum-contagiosum-40.jpg
8,E:\MedicalData\kagglechallenge\Dermnet\train/Herpes HPV and other STDs Photos/molluscum-contagiosum-87.jpg
8,E:\MedicalData\kagglechallenge\Dermnet\train/Herpes HPV and other STDs Photos/molluscum-contagiosum-88.jpg
8,E:\MedicalData\kagglechallenge\Dermnet\train/Herpes HPV and other STDs Photos/molluscum-contagiosum-89.jpg
8,E:\MedicalData\kagglechallenge\Dermnet\train/Herpes HPV and other STDs Photos/molluscum-contagiosum-9.jpg
8,E:\MedicalData\kagglechallenge\Dermnet\train/Herpes HPV and other STDs Photos/molluscum-contagiosum-90.jpg
8,E:\MedicalData\kagglechallenge\Dermnet\train/Herpes HPV and other STDs Photos/molluscum-contagiosum-91.jpg
8,E:\MedicalData\kagglechallenge\Dermnet\train/Herpes HPV and other STDs Photos/molluscum-contagiosum-92.jpg
8,E:\MedicalData\kagglechallenge\Dermnet\train/Herpes HPV and other STDs Photos/molluscum-contagiosum-93.jpg
8,E:\MedicalData\kagglechallenge\Dermnet\train/Herpes HPV and other STDs Photos/molluscum-contagiosum-94.jpg
8,E:\MedicalData\kagglechallenge\Dermnet\train/Herpes HPV and other STDs Photos/molluscum-contagiosum-97.jpg
8,E:\MedicalData\kagglechallenge\Dermnet\train/Herpes HPV and other STDs Photos/molluscum-contagiosum-98.jpg
8,E:\MedicalData\kagglechallenge\Dermnet\train/Herpes HPV and other STDs Photos/molluscum-contagiosum-99.jpg
8,E:\MedicalData\kagglechallenge\Dermnet\train/Herpes HPV and other STDs Photos/pearly-penile-papules-10.jpg
8,E:\MedicalData\kagglechallenge\Dermnet\train/Herpes HPV and other STDs Photos/pearly-penile-papules-11.jpg
8,E:\MedicalData\kagglechallenge\Dermnet\train/Herpes HPV and other STDs Photos/pearly-penile-papules-12.jpg
8,E:\MedicalData\kagglechallenge\Dermnet\train/Herpes HPV and other STDs Photos/pearly-penile-papules-13.jpg
8,E:\MedicalData\kagglechallenge\Dermnet\train/Herpes HPV and other STDs Photos/pearly-penile-papules-14.jpg
8,E:\MedicalData\kagglechallenge\Dermnet\train/Herpes HPV and other STDs Photos/pearly-penile-papules-15.jpg
8,E:\MedicalData\kagglechallenge\Dermnet\train/Herpes HPV and other STDs Photos/pearly-penile-papules-2.jpg
8,E:\MedicalData\kagglechallenge\Dermnet\train/Herpes HPV and other STDs Photos/pearly-penile-papules-3.jpg
8,E:\MedicalData\kagglechallenge\Dermnet\train/Herpes HPV and other STDs Photos/pearly-penile-papules-4.jpg
8,E:\MedicalData\kagglechallenge\Dermnet\train/Herpes HPV and other STDs Photos/pearly-penile-papules-5.jpg
8,E:\MedicalData\kagglechallenge\Dermnet\train/Herpes HPV and other STDs Photos/pearly-penile-papules-6.jpg
8,E:\MedicalData\kagglechallenge\Dermnet\train/Herpes HPV and other STDs Photos/pearly-penile-papules-7.jpg
8,E:\MedicalData\kagglechallenge\Dermnet\train/Herpes HPV and other STDs Photos/syphilis-13.jpg
8,E:\MedicalData\kagglechallenge\Dermnet\train/Herpes HPV and other STDs Photos/syphilis-15.jpg
8,E:\MedicalData\kagglechallenge\Dermnet\train/Herpes HPV and other STDs Photos/syphilis-16.jpg
8,E:\MedicalData\kagglechallenge\Dermnet\train/Herpes HPV and other STDs Photos/syphilis-17.jpg
8,E:\MedicalData\kagglechallenge\Dermnet\train/Herpes HPV and other STDs Photos/syphilis-18.jpg
8,E:\MedicalData\kagglechallenge\Dermnet\train/Herpes HPV and other STDs Photos/syphilis-19.jpg
8,E:\MedicalData\kagglechallenge\Dermnet\train/Herpes HPV and other STDs Photos/syphilis-2.jpg
8,E:\MedicalData\kagglechallenge\Dermnet\train/Herpes HPV and other STDs Photos/syphilis-20.jpg
8,E:\MedicalData\kagglechallenge\Dermnet\train/Herpes HPV and other STDs Photos/syphilis-22.jpg
8,E:\MedicalData\kagglechallenge\Dermnet\train/Herpes HPV and other STDs Photos/syphilis-23.jpg
8,E:\MedicalData\kagglechallenge\Dermnet\train/Herpes HPV and other STDs Photos/syphilis-5.jpg
8,E:\MedicalData\kagglechallenge\Dermnet\train/Herpes HPV and other STDs Photos/syphilis-8.jpg
8,E:\MedicalData\kagglechallenge\Dermnet\train/Herpes HPV and other STDs Photos/syphilis-9.jpg
8,E:\MedicalData\kagglechallenge\Dermnet\train/Herpes HPV and other STDs Photos/warts-genital-1.jpg
8,E:\MedicalData\kagglechallenge\Dermnet\train/Herpes HPV and other STDs Photos/warts-genital-3.jpg
8,E:\MedicalData\kagglechallenge\Dermnet\train/Herpes HPV and other STDs Photos/warts-mouth-1.jpg
8,E:\MedicalData\kagglechallenge\Dermnet\train/Herpes HPV and other STDs Photos/warts-mouth-3.jpg
8,E:\MedicalData\kagglechallenge\Dermnet\train/Herpes HPV and other STDs Photos/warts-mouth-4.jpg
8,E:\MedicalData\kagglechallenge\Dermnet\train/Herpes HPV and other STDs Photos/warts-mouth-5.jpg
9,E:\MedicalData\kagglechallenge\Dermnet\train/Light Diseases and Disorders of Pigmentation/actinic-comedones-1.jpg
9,E:\MedicalData\kagglechallenge\Dermnet\train/Light Diseases and Disorders of Pigmentation/actinic-comedones-10.jpg
9,E:\MedicalData\kagglechallenge\Dermnet\train/Light Diseases and Disorders of Pigmentation/actinic-comedones-11.jpg
9,E:\MedicalData\kagglechallenge\Dermnet\train/Light Diseases and Disorders of Pigmentation/actinic-comedones-12.jpg
9,E:\MedicalData\kagglechallenge\Dermnet\train/Light Diseases and Disorders of Pigmentation/actinic-comedones-13.jpg
9,E:\MedicalData\kagglechallenge\Dermnet\train/Light Diseases and Disorders of Pigmentation/actinic-comedones-14.jpg
9,E:\MedicalData\kagglechallenge\Dermnet\train/Light Diseases and Disorders of Pigmentation/actinic-comedones-15.jpg
9,E:\MedicalData\kagglechallenge\Dermnet\train/Light Diseases and Disorders of Pigmentation/actinic-comedones-2.jpg
9,E:\MedicalData\kagglechallenge\Dermnet\train/Light Diseases and Disorders of Pigmentation/actinic-comedones-4.jpg
9,E:\MedicalData\kagglechallenge\Dermnet\train/Light Diseases and Disorders of Pigmentation/actinic-comedones-5.jpg
9,E:\MedicalData\kagglechallenge\Dermnet\train/Light Diseases and Disorders of Pigmentation/actinic-comedones-6.jpg
9,E:\MedicalData\kagglechallenge\Dermnet\train/Light Diseases and Disorders of Pigmentation/actinic-comedones-8.jpg
9,E:\MedicalData\kagglechallenge\Dermnet\train/Light Diseases and Disorders of Pigmentation/actinic-comedones-9.jpg
9,E:\MedicalData\kagglechallenge\Dermnet\train/Light Diseases and Disorders of Pigmentation/actinic-granuloma-1.jpg
9,E:\MedicalData\kagglechallenge\Dermnet\train/Light Diseases and Disorders of Pigmentation/actinic-granuloma-2.jpg
9,E:\MedicalData\kagglechallenge\Dermnet\train/Light Diseases and Disorders of Pigmentation/actinic-granuloma-3.jpg
9,E:\MedicalData\kagglechallenge\Dermnet\train/Light Diseases and Disorders of Pigmentation/actinic-granuloma-4.jpg
9,E:\MedicalData\kagglechallenge\Dermnet\train/Light Diseases and Disorders of Pigmentation/actinic-granuloma-5.jpg
9,E:\MedicalData\kagglechallenge\Dermnet\train/Light Diseases and Disorders of Pigmentation/albinism-1.jpg
9,E:\MedicalData\kagglechallenge\Dermnet\train/Light Diseases and Disorders of Pigmentation/albinism-10.jpg
9,E:\MedicalData\kagglechallenge\Dermnet\train/Light Diseases and Disorders of Pigmentation/albinism-3.jpg
9,E:\MedicalData\kagglechallenge\Dermnet\train/Light Diseases and Disorders of Pigmentation/albinism-5.jpg
9,E:\MedicalData\kagglechallenge\Dermnet\train/Light Diseases and Disorders of Pigmentation/albinism-9.jpg
9,E:\MedicalData\kagglechallenge\Dermnet\train/Light Diseases and Disorders of Pigmentation/argyria-1.jpg
9,E:\MedicalData\kagglechallenge\Dermnet\train/Light Diseases and Disorders of Pigmentation/argyria-2.jpg
9,E:\MedicalData\kagglechallenge\Dermnet\train/Light Diseases and Disorders of Pigmentation/cafe-au-lait-spots-1.jpg
9,E:\MedicalData\kagglechallenge\Dermnet\train/Light Diseases and Disorders of Pigmentation/cafe-au-lait-spots-2.jpg
9,E:\MedicalData\kagglechallenge\Dermnet\train/Light Diseases and Disorders of Pigmentation/cafe-au-lait-spots-3.jpg
9,E:\MedicalData\kagglechallenge\Dermnet\train/Light Diseases and Disorders of Pigmentation/colloid-milia-1.jpg
9,E:\MedicalData\kagglechallenge\Dermnet\train/Light Diseases and Disorders of Pigmentation/colloid-milia-10.jpg
9,E:\MedicalData\kagglechallenge\Dermnet\train/Light Diseases and Disorders of Pigmentation/colloid-milia-2.jpg
9,E:\MedicalData\kagglechallenge\Dermnet\train/Light Diseases and Disorders of Pigmentation/colloid-milia-3.jpg
9,E:\MedicalData\kagglechallenge\Dermnet\train/Light Diseases and Disorders of Pigmentation/colloid-milia-4.jpg
9,E:\MedicalData\kagglechallenge\Dermnet\train/Light Diseases and Disorders of Pigmentation/colloid-milia-6.jpg
9,E:\MedicalData\kagglechallenge\Dermnet\train/Light Diseases and Disorders of Pigmentation/colloid-milia-8.jpg
9,E:\MedicalData\kagglechallenge\Dermnet\train/Light Diseases and Disorders of Pigmentation/colloid-milia-9.jpg
9,E:\MedicalData\kagglechallenge\Dermnet\train/Light Diseases and Disorders of Pigmentation/erythema-ab-igne-1.jpg
9,E:\MedicalData\kagglechallenge\Dermnet\train/Light Diseases and Disorders of Pigmentation/erythema-ab-igne-11.jpg
9,E:\MedicalData\kagglechallenge\Dermnet\train/Light Diseases and Disorders of Pigmentation/erythema-ab-igne-12.jpg
9,E:\MedicalData\kagglechallenge\Dermnet\train/Light Diseases and Disorders of Pigmentation/erythema-ab-igne-14.jpg
9,E:\MedicalData\kagglechallenge\Dermnet\train/Light Diseases and Disorders of Pigmentation/erythema-ab-igne-15.jpg
9,E:\MedicalData\kagglechallenge\Dermnet\train/Light Diseases and Disorders of Pigmentation/erythema-ab-igne-17.jpg
9,E:\MedicalData\kagglechallenge\Dermnet\train/Light Diseases and Disorders of Pigmentation/erythema-ab-igne-18.jpg
9,E:\MedicalData\kagglechallenge\Dermnet\train/Light Diseases and Disorders of Pigmentation/erythema-ab-igne-19.jpg
9,E:\MedicalData\kagglechallenge\Dermnet\train/Light Diseases and Disorders of Pigmentation/erythema-ab-igne-2.jpg
9,E:\MedicalData\kagglechallenge\Dermnet\train/Light Diseases and Disorders of Pigmentation/erythema-ab-igne-20.jpg
9,E:\MedicalData\kagglechallenge\Dermnet\train/Light Diseases and Disorders of Pigmentation/erythema-ab-igne-21.jpg
9,E:\MedicalData\kagglechallenge\Dermnet\train/Light Diseases and Disorders of Pigmentation/erythema-ab-igne-24.jpg
9,E:\MedicalData\kagglechallenge\Dermnet\train/Light Diseases and Disorders of Pigmentation/erythema-ab-igne-3.jpg
9,E:\MedicalData\kagglechallenge\Dermnet\train/Light Diseases and Disorders of Pigmentation/erythema-ab-igne-5.jpg
9,E:\MedicalData\kagglechallenge\Dermnet\train/Light Diseases and Disorders of Pigmentation/erythema-ab-igne-6.jpg
9,E:\MedicalData\kagglechallenge\Dermnet\train/Light Diseases and Disorders of Pigmentation/erythema-ab-igne-9.jpg
9,E:\MedicalData\kagglechallenge\Dermnet\train/Light Diseases and Disorders of Pigmentation/erythema-dyschromium-perstans-1.jpg
9,E:\MedicalData\kagglechallenge\Dermnet\train/Light Diseases and Disorders of Pigmentation/erythema-dyschromium-perstans-2.jpg
9,E:\MedicalData\kagglechallenge\Dermnet\train/Light Diseases and Disorders of Pigmentation/erythema-dyschromium-perstans-5.jpg
9,E:\MedicalData\kagglechallenge\Dermnet\train/Light Diseases and Disorders of Pigmentation/erythema-dyschromium-perstans-6.jpg
9,E:\MedicalData\kagglechallenge\Dermnet\train/Light Diseases and Disorders of Pigmentation/erythromelanosis-follicularis-faciei-colli-1.jpg
9,E:\MedicalData\kagglechallenge\Dermnet\train/Light Diseases and Disorders of Pigmentation/erythromelanosis-follicularis-faciei-colli-2.jpg
9,E:\MedicalData\kagglechallenge\Dermnet\train/Light Diseases and Disorders of Pigmentation/erythromelanosis-follicularis-faciei-colli-3.jpg
9,E:\MedicalData\kagglechallenge\Dermnet\train/Light Diseases and Disorders of Pigmentation/erythromelanosis-follicularis-faciei-colli-4.jpg
9,E:\MedicalData\kagglechallenge\Dermnet\train/Light Diseases and Disorders of Pigmentation/erythromelanosis-follicularis-faciei-colli-5.jpg
9,E:\MedicalData\kagglechallenge\Dermnet\train/Light Diseases and Disorders of Pigmentation/erythropoietic-protoporphyria-1.jpg
9,E:\MedicalData\kagglechallenge\Dermnet\train/Light Diseases and Disorders of Pigmentation/erythropoietic-protoporphyria-2.jpg
9,E:\MedicalData\kagglechallenge\Dermnet\train/Light Diseases and Disorders of Pigmentation/erythropoietic-protoporphyria-3.jpg
9,E:\MedicalData\kagglechallenge\Dermnet\train/Light Diseases and Disorders of Pigmentation/freckles-1.jpg
9,E:\MedicalData\kagglechallenge\Dermnet\train/Light Diseases and Disorders of Pigmentation/hydroa-aestivale-4.jpg
9,E:\MedicalData\kagglechallenge\Dermnet\train/Light Diseases and Disorders of Pigmentation/hydroa-vacciniforme-1.jpg
9,E:\MedicalData\kagglechallenge\Dermnet\train/Light Diseases and Disorders of Pigmentation/hydroa-vacciniforme-2.jpg
9,E:\MedicalData\kagglechallenge\Dermnet\train/Light Diseases and Disorders of Pigmentation/hydroa-vacciniforme-3.jpg
9,E:\MedicalData\kagglechallenge\Dermnet\train/Light Diseases and Disorders of Pigmentation/hydroa-vacciniforme-4.jpg
9,E:\MedicalData\kagglechallenge\Dermnet\train/Light Diseases and Disorders of Pigmentation/hydroa-vacciniforme-7.jpg
9,E:\MedicalData\kagglechallenge\Dermnet\train/Light Diseases and Disorders of Pigmentation/hydroa-vacciniforme-8.jpg
9,E:\MedicalData\kagglechallenge\Dermnet\train/Light Diseases and Disorders of Pigmentation/idiopathic-guttate-hypomelanosis-1.jpg
9,E:\MedicalData\kagglechallenge\Dermnet\train/Light Diseases and Disorders of Pigmentation/idiopathic-guttate-hypomelanosis-10.jpg
9,E:\MedicalData\kagglechallenge\Dermnet\train/Light Diseases and Disorders of Pigmentation/idiopathic-guttate-hypomelanosis-12.jpg
9,E:\MedicalData\kagglechallenge\Dermnet\train/Light Diseases and Disorders of Pigmentation/idiopathic-guttate-hypomelanosis-14.jpg
9,E:\MedicalData\kagglechallenge\Dermnet\train/Light Diseases and Disorders of Pigmentation/idiopathic-guttate-hypomelanosis-15.jpg
9,E:\MedicalData\kagglechallenge\Dermnet\train/Light Diseases and Disorders of Pigmentation/idiopathic-guttate-hypomelanosis-16.jpg
9,E:\MedicalData\kagglechallenge\Dermnet\train/Light Diseases and Disorders of Pigmentation/idiopathic-guttate-hypomelanosis-17.jpg
9,E:\MedicalData\kagglechallenge\Dermnet\train/Light Diseases and Disorders of Pigmentation/idiopathic-guttate-hypomelanosis-18.jpg
9,E:\MedicalData\kagglechallenge\Dermnet\train/Light Diseases and Disorders of Pigmentation/idiopathic-guttate-hypomelanosis-19.jpg
9,E:\MedicalData\kagglechallenge\Dermnet\train/Light Diseases and Disorders of Pigmentation/idiopathic-guttate-hypomelanosis-3.jpg
9,E:\MedicalData\kagglechallenge\Dermnet\train/Light Diseases and Disorders of Pigmentation/idiopathic-guttate-hypomelanosis-5.jpg
9,E:\MedicalData\kagglechallenge\Dermnet\train/Light Diseases and Disorders of Pigmentation/idiopathic-guttate-hypomelanosis-6.jpg
9,E:\MedicalData\kagglechallenge\Dermnet\train/Light Diseases and Disorders of Pigmentation/idiopathic-guttate-hypomelanosis-8.jpg
9,E:\MedicalData\kagglechallenge\Dermnet\train/Light Diseases and Disorders of Pigmentation/lentigo-adults-10.jpg
9,E:\MedicalData\kagglechallenge\Dermnet\train/Light Diseases and Disorders of Pigmentation/lentigo-adults-12.jpg
9,E:\MedicalData\kagglechallenge\Dermnet\train/Light Diseases and Disorders of Pigmentation/lentigo-adults-13.jpg
9,E:\MedicalData\kagglechallenge\Dermnet\train/Light Diseases and Disorders of Pigmentation/lentigo-adults-14.jpg
9,E:\MedicalData\kagglechallenge\Dermnet\train/Light Diseases and Disorders of Pigmentation/lentigo-adults-15.jpg
9,E:\MedicalData\kagglechallenge\Dermnet\train/Light Diseases and Disorders of Pigmentation/lentigo-adults-18.jpg
9,E:\MedicalData\kagglechallenge\Dermnet\train/Light Diseases and Disorders of Pigmentation/lentigo-adults-19.jpg
9,E:\MedicalData\kagglechallenge\Dermnet\train/Light Diseases and Disorders of Pigmentation/lentigo-adults-2.jpg
9,E:\MedicalData\kagglechallenge\Dermnet\train/Light Diseases and Disorders of Pigmentation/lentigo-adults-21.jpg
9,E:\MedicalData\kagglechallenge\Dermnet\train/Light Diseases and Disorders of Pigmentation/lentigo-adults-22.jpg
9,E:\MedicalData\kagglechallenge\Dermnet\train/Light Diseases and Disorders of Pigmentation/lentigo-adults-24.jpg
9,E:\MedicalData\kagglechallenge\Dermnet\train/Light Diseases and Disorders of Pigmentation/lentigo-adults-25.jpg
9,E:\MedicalData\kagglechallenge\Dermnet\train/Light Diseases and Disorders of Pigmentation/lentigo-adults-26.jpg
9,E:\MedicalData\kagglechallenge\Dermnet\train/Light Diseases and Disorders of Pigmentation/lentigo-adults-27.jpg
9,E:\MedicalData\kagglechallenge\Dermnet\train/Light Diseases and Disorders of Pigmentation/lentigo-adults-29.jpg
9,E:\MedicalData\kagglechallenge\Dermnet\train/Light Diseases and Disorders of Pigmentation/lentigo-adults-30.jpg
9,E:\MedicalData\kagglechallenge\Dermnet\train/Light Diseases and Disorders of Pigmentation/lentigo-adults-31.jpg
9,E:\MedicalData\kagglechallenge\Dermnet\train/Light Diseases and Disorders of Pigmentation/lentigo-adults-32.jpg
9,E:\MedicalData\kagglechallenge\Dermnet\train/Light Diseases and Disorders of Pigmentation/lentigo-adults-33.jpg
9,E:\MedicalData\kagglechallenge\Dermnet\train/Light Diseases and Disorders of Pigmentation/lentigo-adults-38.jpg
9,E:\MedicalData\kagglechallenge\Dermnet\train/Light Diseases and Disorders of Pigmentation/lentigo-adults-39.jpg
9,E:\MedicalData\kagglechallenge\Dermnet\train/Light Diseases and Disorders of Pigmentation/lentigo-adults-4.jpg
9,E:\MedicalData\kagglechallenge\Dermnet\train/Light Diseases and Disorders of Pigmentation/lentigo-adults-40.jpg
9,E:\MedicalData\kagglechallenge\Dermnet\train/Light Diseases and Disorders of Pigmentation/lentigo-adults-43.jpg
9,E:\MedicalData\kagglechallenge\Dermnet\train/Light Diseases and Disorders of Pigmentation/lentigo-adults-44.jpg
9,E:\MedicalData\kagglechallenge\Dermnet\train/Light Diseases and Disorders of Pigmentation/lentigo-adults-45.jpg
9,E:\MedicalData\kagglechallenge\Dermnet\train/Light Diseases and Disorders of Pigmentation/lentigo-adults-46.jpg
9,E:\MedicalData\kagglechallenge\Dermnet\train/Light Diseases and Disorders of Pigmentation/lentigo-adults-47.jpg
9,E:\MedicalData\kagglechallenge\Dermnet\train/Light Diseases and Disorders of Pigmentation/lentigo-adults-49.jpg
9,E:\MedicalData\kagglechallenge\Dermnet\train/Light Diseases and Disorders of Pigmentation/lentigo-adults-5.jpg
9,E:\MedicalData\kagglechallenge\Dermnet\train/Light Diseases and Disorders of Pigmentation/lentigo-adults-50.jpg
9,E:\MedicalData\kagglechallenge\Dermnet\train/Light Diseases and Disorders of Pigmentation/lentigo-adults-51.jpg
9,E:\MedicalData\kagglechallenge\Dermnet\train/Light Diseases and Disorders of Pigmentation/lentigo-adults-52.jpg
9,E:\MedicalData\kagglechallenge\Dermnet\train/Light Diseases and Disorders of Pigmentation/lentigo-adults-53.jpg
9,E:\MedicalData\kagglechallenge\Dermnet\train/Light Diseases and Disorders of Pigmentation/lentigo-adults-54.jpg
9,E:\MedicalData\kagglechallenge\Dermnet\train/Light Diseases and Disorders of Pigmentation/lentigo-adults-56.jpg
9,E:\MedicalData\kagglechallenge\Dermnet\train/Light Diseases and Disorders of Pigmentation/lentigo-adults-58.jpg
9,E:\MedicalData\kagglechallenge\Dermnet\train/Light Diseases and Disorders of Pigmentation/lentigo-adults-6.jpg
9,E:\MedicalData\kagglechallenge\Dermnet\train/Light Diseases and Disorders of Pigmentation/lentigo-adults-60.jpg
9,E:\MedicalData\kagglechallenge\Dermnet\train/Light Diseases and Disorders of Pigmentation/lentigo-adults-61.jpg
9,E:\MedicalData\kagglechallenge\Dermnet\train/Light Diseases and Disorders of Pigmentation/lentigo-adults-63.jpg
9,E:\MedicalData\kagglechallenge\Dermnet\train/Light Diseases and Disorders of Pigmentation/lentigo-adults-64.jpg
9,E:\MedicalData\kagglechallenge\Dermnet\train/Light Diseases and Disorders of Pigmentation/lentigo-adults-65.jpg
9,E:\MedicalData\kagglechallenge\Dermnet\train/Light Diseases and Disorders of Pigmentation/lentigo-adults-66.jpg
9,E:\MedicalData\kagglechallenge\Dermnet\train/Light Diseases and Disorders of Pigmentation/lentigo-adults-67.jpg
9,E:\MedicalData\kagglechallenge\Dermnet\train/Light Diseases and Disorders of Pigmentation/lentigo-adults-68.jpg
9,E:\MedicalData\kagglechallenge\Dermnet\train/Light Diseases and Disorders of Pigmentation/lentigo-adults-69.jpg
9,E:\MedicalData\kagglechallenge\Dermnet\train/Light Diseases and Disorders of Pigmentation/lentigo-adults-7.jpg
9,E:\MedicalData\kagglechallenge\Dermnet\train/Light Diseases and Disorders of Pigmentation/lentigo-adults-70.jpg
9,E:\MedicalData\kagglechallenge\Dermnet\train/Light Diseases and Disorders of Pigmentation/lentigo-adults-72.jpg
9,E:\MedicalData\kagglechallenge\Dermnet\train/Light Diseases and Disorders of Pigmentation/lentigo-adults-73.jpg
9,E:\MedicalData\kagglechallenge\Dermnet\train/Light Diseases and Disorders of Pigmentation/lentigo-adults-75.jpg
9,E:\MedicalData\kagglechallenge\Dermnet\train/Light Diseases and Disorders of Pigmentation/lentigo-adults-76.jpg
9,E:\MedicalData\kagglechallenge\Dermnet\train/Light Diseases and Disorders of Pigmentation/lentigo-adults-77.jpg
9,E:\MedicalData\kagglechallenge\Dermnet\train/Light Diseases and Disorders of Pigmentation/lentigo-adults-78.jpg
9,E:\MedicalData\kagglechallenge\Dermnet\train/Light Diseases and Disorders of Pigmentation/lentigo-adults-79.jpg
9,E:\MedicalData\kagglechallenge\Dermnet\train/Light Diseases and Disorders of Pigmentation/lentigo-adults-81.jpg
9,E:\MedicalData\kagglechallenge\Dermnet\train/Light Diseases and Disorders of Pigmentation/lentigo-adults-82.jpg
9,E:\MedicalData\kagglechallenge\Dermnet\train/Light Diseases and Disorders of Pigmentation/lentigo-adults-83.jpg
9,E:\MedicalData\kagglechallenge\Dermnet\train/Light Diseases and Disorders of Pigmentation/lentigo-adults-84.jpg
9,E:\MedicalData\kagglechallenge\Dermnet\train/Light Diseases and Disorders of Pigmentation/lentigo-adults-86.jpg
9,E:\MedicalData\kagglechallenge\Dermnet\train/Light Diseases and Disorders of Pigmentation/lentigo-adults-88.jpg
9,E:\MedicalData\kagglechallenge\Dermnet\train/Light Diseases and Disorders of Pigmentation/lentigo-adults-9.jpg
9,E:\MedicalData\kagglechallenge\Dermnet\train/Light Diseases and Disorders of Pigmentation/lentigo-adults-90.jpg
9,E:\MedicalData\kagglechallenge\Dermnet\train/Light Diseases and Disorders of Pigmentation/lentigo-adults-91.jpg
9,E:\MedicalData\kagglechallenge\Dermnet\train/Light Diseases and Disorders of Pigmentation/lentigo-adults-92.jpg
9,E:\MedicalData\kagglechallenge\Dermnet\train/Light Diseases and Disorders of Pigmentation/lentigo-children-1.jpg
9,E:\MedicalData\kagglechallenge\Dermnet\train/Light Diseases and Disorders of Pigmentation/melasma-1.jpg
9,E:\MedicalData\kagglechallenge\Dermnet\train/Light Diseases and Disorders of Pigmentation/melasma-10.jpg
9,E:\MedicalData\kagglechallenge\Dermnet\train/Light Diseases and Disorders of Pigmentation/melasma-11.jpg
9,E:\MedicalData\kagglechallenge\Dermnet\train/Light Diseases and Disorders of Pigmentation/melasma-12.jpg
9,E:\MedicalData\kagglechallenge\Dermnet\train/Light Diseases and Disorders of Pigmentation/melasma-14.jpg
9,E:\MedicalData\kagglechallenge\Dermnet\train/Light Diseases and Disorders of Pigmentation/melasma-17.jpg
9,E:\MedicalData\kagglechallenge\Dermnet\train/Light Diseases and Disorders of Pigmentation/melasma-18.jpg
9,E:\MedicalData\kagglechallenge\Dermnet\train/Light Diseases and Disorders of Pigmentation/melasma-19.jpg
9,E:\MedicalData\kagglechallenge\Dermnet\train/Light Diseases and Disorders of Pigmentation/melasma-2.jpg
9,E:\MedicalData\kagglechallenge\Dermnet\train/Light Diseases and Disorders of Pigmentation/melasma-20.jpg
9,E:\MedicalData\kagglechallenge\Dermnet\train/Light Diseases and Disorders of Pigmentation/melasma-25.jpg
9,E:\MedicalData\kagglechallenge\Dermnet\train/Light Diseases and Disorders of Pigmentation/melasma-27.jpg
9,E:\MedicalData\kagglechallenge\Dermnet\train/Light Diseases and Disorders of Pigmentation/melasma-28.jpg
9,E:\MedicalData\kagglechallenge\Dermnet\train/Light Diseases and Disorders of Pigmentation/melasma-3.jpg
9,E:\MedicalData\kagglechallenge\Dermnet\train/Light Diseases and Disorders of Pigmentation/melasma-31.jpg
9,E:\MedicalData\kagglechallenge\Dermnet\train/Light Diseases and Disorders of Pigmentation/melasma-33.jpg
9,E:\MedicalData\kagglechallenge\Dermnet\train/Light Diseases and Disorders of Pigmentation/melasma-37.jpg
9,E:\MedicalData\kagglechallenge\Dermnet\train/Light Diseases and Disorders of Pigmentation/melasma-38.jpg
9,E:\MedicalData\kagglechallenge\Dermnet\train/Light Diseases and Disorders of Pigmentation/melasma-39.jpg
9,E:\MedicalData\kagglechallenge\Dermnet\train/Light Diseases and Disorders of Pigmentation/melasma-4.jpg
9,E:\MedicalData\kagglechallenge\Dermnet\train/Light Diseases and Disorders of Pigmentation/melasma-41.jpg
9,E:\MedicalData\kagglechallenge\Dermnet\train/Light Diseases and Disorders of Pigmentation/melasma-42.jpg
9,E:\MedicalData\kagglechallenge\Dermnet\train/Light Diseases and Disorders of Pigmentation/melasma-5.jpg
9,E:\MedicalData\kagglechallenge\Dermnet\train/Light Diseases and Disorders of Pigmentation/melasma-7.jpg
9,E:\MedicalData\kagglechallenge\Dermnet\train/Light Diseases and Disorders of Pigmentation/melasma-9.jpg
9,E:\MedicalData\kagglechallenge\Dermnet\train/Light Diseases and Disorders of Pigmentation/milia-10.jpg
9,E:\MedicalData\kagglechallenge\Dermnet\train/Light Diseases and Disorders of Pigmentation/milia-12.jpg
9,E:\MedicalData\kagglechallenge\Dermnet\train/Light Diseases and Disorders of Pigmentation/milia-13.jpg
9,E:\MedicalData\kagglechallenge\Dermnet\train/Light Diseases and Disorders of Pigmentation/milia-14.jpg
9,E:\MedicalData\kagglechallenge\Dermnet\train/Light Diseases and Disorders of Pigmentation/milia-15.jpg
9,E:\MedicalData\kagglechallenge\Dermnet\train/Light Diseases and Disorders of Pigmentation/milia-16.jpg
9,E:\MedicalData\kagglechallenge\Dermnet\train/Light Diseases and Disorders of Pigmentation/milia-18.jpg
9,E:\MedicalData\kagglechallenge\Dermnet\train/Light Diseases and Disorders of Pigmentation/milia-19.jpg
9,E:\MedicalData\kagglechallenge\Dermnet\train/Light Diseases and Disorders of Pigmentation/milia-5.jpg
9,E:\MedicalData\kagglechallenge\Dermnet\train/Light Diseases and Disorders of Pigmentation/milia-8.jpg
9,E:\MedicalData\kagglechallenge\Dermnet\train/Light Diseases and Disorders of Pigmentation/mongolian-spot-1.jpg
9,E:\MedicalData\kagglechallenge\Dermnet\train/Light Diseases and Disorders of Pigmentation/mongolian-spot-3.jpg
9,E:\MedicalData\kagglechallenge\Dermnet\train/Light Diseases and Disorders of Pigmentation/mongolian-spot-4.jpg
9,E:\MedicalData\kagglechallenge\Dermnet\train/Light Diseases and Disorders of Pigmentation/nevus-anemicus-1.jpg
9,E:\MedicalData\kagglechallenge\Dermnet\train/Light Diseases and Disorders of Pigmentation/nevus-anemicus-11.jpg
9,E:\MedicalData\kagglechallenge\Dermnet\train/Light Diseases and Disorders of Pigmentation/nevus-anemicus-13.jpg
9,E:\MedicalData\kagglechallenge\Dermnet\train/Light Diseases and Disorders of Pigmentation/nevus-anemicus-15.jpg
9,E:\MedicalData\kagglechallenge\Dermnet\train/Light Diseases and Disorders of Pigmentation/nevus-anemicus-2.jpg
9,E:\MedicalData\kagglechallenge\Dermnet\train/Light Diseases and Disorders of Pigmentation/nevus-anemicus-3.jpg
9,E:\MedicalData\kagglechallenge\Dermnet\train/Light Diseases and Disorders of Pigmentation/nevus-anemicus-5.jpg
9,E:\MedicalData\kagglechallenge\Dermnet\train/Light Diseases and Disorders of Pigmentation/nevus-anemicus-7.jpg
9,E:\MedicalData\kagglechallenge\Dermnet\train/Light Diseases and Disorders of Pigmentation/nevus-anemicus-8.jpg
9,E:\MedicalData\kagglechallenge\Dermnet\train/Light Diseases and Disorders of Pigmentation/nevus-anemicus-9.jpg
9,E:\MedicalData\kagglechallenge\Dermnet\train/Light Diseases and Disorders of Pigmentation/phototoxic-reactions-10.jpg
9,E:\MedicalData\kagglechallenge\Dermnet\train/Light Diseases and Disorders of Pigmentation/phototoxic-reactions-105.jpg
9,E:\MedicalData\kagglechallenge\Dermnet\train/Light Diseases and Disorders of Pigmentation/phototoxic-reactions-107.jpg
9,E:\MedicalData\kagglechallenge\Dermnet\train/Light Diseases and Disorders of Pigmentation/phototoxic-reactions-108.jpg
9,E:\MedicalData\kagglechallenge\Dermnet\train/Light Diseases and Disorders of Pigmentation/phototoxic-reactions-109.jpg
9,E:\MedicalData\kagglechallenge\Dermnet\train/Light Diseases and Disorders of Pigmentation/phototoxic-reactions-11.jpg
9,E:\MedicalData\kagglechallenge\Dermnet\train/Light Diseases and Disorders of Pigmentation/phototoxic-reactions-111.jpg
9,E:\MedicalData\kagglechallenge\Dermnet\train/Light Diseases and Disorders of Pigmentation/phototoxic-reactions-112.jpg
9,E:\MedicalData\kagglechallenge\Dermnet\train/Light Diseases and Disorders of Pigmentation/phototoxic-reactions-114.jpg
9,E:\MedicalData\kagglechallenge\Dermnet\train/Light Diseases and Disorders of Pigmentation/phototoxic-reactions-115.jpg
9,E:\MedicalData\kagglechallenge\Dermnet\train/Light Diseases and Disorders of Pigmentation/phototoxic-reactions-116.jpg
9,E:\MedicalData\kagglechallenge\Dermnet\train/Light Diseases and Disorders of Pigmentation/phototoxic-reactions-12.jpg
9,E:\MedicalData\kagglechallenge\Dermnet\train/Light Diseases and Disorders of Pigmentation/phototoxic-reactions-13.jpg
9,E:\MedicalData\kagglechallenge\Dermnet\train/Light Diseases and Disorders of Pigmentation/phototoxic-reactions-16.jpg
9,E:\MedicalData\kagglechallenge\Dermnet\train/Light Diseases and Disorders of Pigmentation/phototoxic-reactions-18.jpg
9,E:\MedicalData\kagglechallenge\Dermnet\train/Light Diseases and Disorders of Pigmentation/phototoxic-reactions-2.jpg
9,E:\MedicalData\kagglechallenge\Dermnet\train/Light Diseases and Disorders of Pigmentation/phototoxic-reactions-20.jpg
9,E:\MedicalData\kagglechallenge\Dermnet\train/Light Diseases and Disorders of Pigmentation/phototoxic-reactions-21.jpg
9,E:\MedicalData\kagglechallenge\Dermnet\train/Light Diseases and Disorders of Pigmentation/phototoxic-reactions-23.jpg
9,E:\MedicalData\kagglechallenge\Dermnet\train/Light Diseases and Disorders of Pigmentation/phototoxic-reactions-26.jpg
9,E:\MedicalData\kagglechallenge\Dermnet\train/Light Diseases and Disorders of Pigmentation/phototoxic-reactions-27.jpg
9,E:\MedicalData\kagglechallenge\Dermnet\train/Light Diseases and Disorders of Pigmentation/phototoxic-reactions-28.jpg
9,E:\MedicalData\kagglechallenge\Dermnet\train/Light Diseases and Disorders of Pigmentation/phototoxic-reactions-33.jpg
9,E:\MedicalData\kagglechallenge\Dermnet\train/Light Diseases and Disorders of Pigmentation/phototoxic-reactions-36.jpg
9,E:\MedicalData\kagglechallenge\Dermnet\train/Light Diseases and Disorders of Pigmentation/phototoxic-reactions-37.jpg
9,E:\MedicalData\kagglechallenge\Dermnet\train/Light Diseases and Disorders of Pigmentation/phototoxic-reactions-39.jpg
9,E:\MedicalData\kagglechallenge\Dermnet\train/Light Diseases and Disorders of Pigmentation/phototoxic-reactions-4.jpg
9,E:\MedicalData\kagglechallenge\Dermnet\train/Light Diseases and Disorders of Pigmentation/phototoxic-reactions-40.jpg
9,E:\MedicalData\kagglechallenge\Dermnet\train/Light Diseases and Disorders of Pigmentation/phototoxic-reactions-41.jpg
9,E:\MedicalData\kagglechallenge\Dermnet\train/Light Diseases and Disorders of Pigmentation/phototoxic-reactions-42.jpg
9,E:\MedicalData\kagglechallenge\Dermnet\train/Light Diseases and Disorders of Pigmentation/phototoxic-reactions-43.jpg
9,E:\MedicalData\kagglechallenge\Dermnet\train/Light Diseases and Disorders of Pigmentation/phototoxic-reactions-44.jpg
9,E:\MedicalData\kagglechallenge\Dermnet\train/Light Diseases and Disorders of Pigmentation/phototoxic-reactions-45.jpg
9,E:\MedicalData\kagglechallenge\Dermnet\train/Light Diseases and Disorders of Pigmentation/phototoxic-reactions-48.jpg
9,E:\MedicalData\kagglechallenge\Dermnet\train/Light Diseases and Disorders of Pigmentation/phototoxic-reactions-49.jpg
9,E:\MedicalData\kagglechallenge\Dermnet\train/Light Diseases and Disorders of Pigmentation/phototoxic-reactions-5.jpg
9,E:\MedicalData\kagglechallenge\Dermnet\train/Light Diseases and Disorders of Pigmentation/phototoxic-reactions-50.jpg
9,E:\MedicalData\kagglechallenge\Dermnet\train/Light Diseases and Disorders of Pigmentation/phototoxic-reactions-51.jpg
9,E:\MedicalData\kagglechallenge\Dermnet\train/Light Diseases and Disorders of Pigmentation/phototoxic-reactions-52.jpg
9,E:\MedicalData\kagglechallenge\Dermnet\train/Light Diseases and Disorders of Pigmentation/phototoxic-reactions-54.jpg
9,E:\MedicalData\kagglechallenge\Dermnet\train/Light Diseases and Disorders of Pigmentation/phototoxic-reactions-55.jpg
9,E:\MedicalData\kagglechallenge\Dermnet\train/Light Diseases and Disorders of Pigmentation/phototoxic-reactions-56.jpg
9,E:\MedicalData\kagglechallenge\Dermnet\train/Light Diseases and Disorders of Pigmentation/phototoxic-reactions-57.jpg
9,E:\MedicalData\kagglechallenge\Dermnet\train/Light Diseases and Disorders of Pigmentation/phototoxic-reactions-58.jpg
9,E:\MedicalData\kagglechallenge\Dermnet\train/Light Diseases and Disorders of Pigmentation/phototoxic-reactions-59.jpg
9,E:\MedicalData\kagglechallenge\Dermnet\train/Light Diseases and Disorders of Pigmentation/phototoxic-reactions-6.jpg
9,E:\MedicalData\kagglechallenge\Dermnet\train/Light Diseases and Disorders of Pigmentation/phototoxic-reactions-61.jpg
9,E:\MedicalData\kagglechallenge\Dermnet\train/Light Diseases and Disorders of Pigmentation/phototoxic-reactions-63.jpg
9,E:\MedicalData\kagglechallenge\Dermnet\train/Light Diseases and Disorders of Pigmentation/phototoxic-reactions-64.jpg
9,E:\MedicalData\kagglechallenge\Dermnet\train/Light Diseases and Disorders of Pigmentation/phototoxic-reactions-65.jpg
9,E:\MedicalData\kagglechallenge\Dermnet\train/Light Diseases and Disorders of Pigmentation/phototoxic-reactions-67.jpg
9,E:\MedicalData\kagglechallenge\Dermnet\train/Light Diseases and Disorders of Pigmentation/phototoxic-reactions-69.jpg
9,E:\MedicalData\kagglechallenge\Dermnet\train/Light Diseases and Disorders of Pigmentation/phototoxic-reactions-70.jpg
9,E:\MedicalData\kagglechallenge\Dermnet\train/Light Diseases and Disorders of Pigmentation/phototoxic-reactions-73.jpg
9,E:\MedicalData\kagglechallenge\Dermnet\train/Light Diseases and Disorders of Pigmentation/phototoxic-reactions-77.jpg
9,E:\MedicalData\kagglechallenge\Dermnet\train/Light Diseases and Disorders of Pigmentation/phototoxic-reactions-78.jpg
9,E:\MedicalData\kagglechallenge\Dermnet\train/Light Diseases and Disorders of Pigmentation/phototoxic-reactions-79.jpg
9,E:\MedicalData\kagglechallenge\Dermnet\train/Light Diseases and Disorders of Pigmentation/phototoxic-reactions-8.jpg
9,E:\MedicalData\kagglechallenge\Dermnet\train/Light Diseases and Disorders of Pigmentation/phototoxic-reactions-84.jpg
9,E:\MedicalData\kagglechallenge\Dermnet\train/Light Diseases and Disorders of Pigmentation/phototoxic-reactions-86.jpg
9,E:\MedicalData\kagglechallenge\Dermnet\train/Light Diseases and Disorders of Pigmentation/phototoxic-reactions-88.jpg
9,E:\MedicalData\kagglechallenge\Dermnet\train/Light Diseases and Disorders of Pigmentation/phototoxic-reactions-89.jpg
9,E:\MedicalData\kagglechallenge\Dermnet\train/Light Diseases and Disorders of Pigmentation/phototoxic-reactions-91.jpg
9,E:\MedicalData\kagglechallenge\Dermnet\train/Light Diseases and Disorders of Pigmentation/phototoxic-reactions-92.jpg
9,E:\MedicalData\kagglechallenge\Dermnet\train/Light Diseases and Disorders of Pigmentation/phototoxic-reactions-94.jpg
9,E:\MedicalData\kagglechallenge\Dermnet\train/Light Diseases and Disorders of Pigmentation/phototoxic-reactions-96.jpg
9,E:\MedicalData\kagglechallenge\Dermnet\train/Light Diseases and Disorders of Pigmentation/phototoxic-reactions-97.jpg
9,E:\MedicalData\kagglechallenge\Dermnet\train/Light Diseases and Disorders of Pigmentation/phototoxic-reactions-doxycycline-6.jpg
9,E:\MedicalData\kagglechallenge\Dermnet\train/Light Diseases and Disorders of Pigmentation/phototoxic-reactions-doxycycline-7.jpg
9,E:\MedicalData\kagglechallenge\Dermnet\train/Light Diseases and Disorders of Pigmentation/phototoxic-reactions-lime-juice-.jpg
9,E:\MedicalData\kagglechallenge\Dermnet\train/Light Diseases and Disorders of Pigmentation/phototoxic-reactions-lime-juice-2.jpg
9,E:\MedicalData\kagglechallenge\Dermnet\train/Light Diseases and Disorders of Pigmentation/phototoxic-reactions-lime-juice-3.jpg
9,E:\MedicalData\kagglechallenge\Dermnet\train/Light Diseases and Disorders of Pigmentation/piebaldism-1.jpg
9,E:\MedicalData\kagglechallenge\Dermnet\train/Light Diseases and Disorders of Pigmentation/piebaldism-3.jpg
9,E:\MedicalData\kagglechallenge\Dermnet\train/Light Diseases and Disorders of Pigmentation/piebaldism-4.jpg
9,E:\MedicalData\kagglechallenge\Dermnet\train/Light Diseases and Disorders of Pigmentation/piebaldism-6.jpg
9,E:\MedicalData\kagglechallenge\Dermnet\train/Light Diseases and Disorders of Pigmentation/poikiloderma-civatte-1.jpg
9,E:\MedicalData\kagglechallenge\Dermnet\train/Light Diseases and Disorders of Pigmentation/poikiloderma-civatte-10.jpg
9,E:\MedicalData\kagglechallenge\Dermnet\train/Light Diseases and Disorders of Pigmentation/poikiloderma-civatte-11.jpg
9,E:\MedicalData\kagglechallenge\Dermnet\train/Light Diseases and Disorders of Pigmentation/poikiloderma-civatte-12.jpg
9,E:\MedicalData\kagglechallenge\Dermnet\train/Light Diseases and Disorders of Pigmentation/poikiloderma-civatte-13.jpg
9,E:\MedicalData\kagglechallenge\Dermnet\train/Light Diseases and Disorders of Pigmentation/poikiloderma-civatte-5.jpg
9,E:\MedicalData\kagglechallenge\Dermnet\train/Light Diseases and Disorders of Pigmentation/poikiloderma-civatte-6.jpg
9,E:\MedicalData\kagglechallenge\Dermnet\train/Light Diseases and Disorders of Pigmentation/polymorphous-light-eruption-1.jpg
9,E:\MedicalData\kagglechallenge\Dermnet\train/Light Diseases and Disorders of Pigmentation/polymorphous-light-eruption-10.jpg
9,E:\MedicalData\kagglechallenge\Dermnet\train/Light Diseases and Disorders of Pigmentation/polymorphous-light-eruption-11.jpg
9,E:\MedicalData\kagglechallenge\Dermnet\train/Light Diseases and Disorders of Pigmentation/polymorphous-light-eruption-12.jpg
9,E:\MedicalData\kagglechallenge\Dermnet\train/Light Diseases and Disorders of Pigmentation/polymorphous-light-eruption-13.jpg
9,E:\MedicalData\kagglechallenge\Dermnet\train/Light Diseases and Disorders of Pigmentation/polymorphous-light-eruption-14.jpg
9,E:\MedicalData\kagglechallenge\Dermnet\train/Light Diseases and Disorders of Pigmentation/polymorphous-light-eruption-16.jpg
9,E:\MedicalData\kagglechallenge\Dermnet\train/Light Diseases and Disorders of Pigmentation/polymorphous-light-eruption-19.jpg
9,E:\MedicalData\kagglechallenge\Dermnet\train/Light Diseases and Disorders of Pigmentation/polymorphous-light-eruption-20.jpg
9,E:\MedicalData\kagglechallenge\Dermnet\train/Light Diseases and Disorders of Pigmentation/polymorphous-light-eruption-23.jpg
9,E:\MedicalData\kagglechallenge\Dermnet\train/Light Diseases and Disorders of Pigmentation/polymorphous-light-eruption-24.jpg
9,E:\MedicalData\kagglechallenge\Dermnet\train/Light Diseases and Disorders of Pigmentation/polymorphous-light-eruption-25.jpg
9,E:\MedicalData\kagglechallenge\Dermnet\train/Light Diseases and Disorders of Pigmentation/polymorphous-light-eruption-26.jpg
9,E:\MedicalData\kagglechallenge\Dermnet\train/Light Diseases and Disorders of Pigmentation/polymorphous-light-eruption-27.jpg
9,E:\MedicalData\kagglechallenge\Dermnet\train/Light Diseases and Disorders of Pigmentation/polymorphous-light-eruption-28.jpg
9,E:\MedicalData\kagglechallenge\Dermnet\train/Light Diseases and Disorders of Pigmentation/polymorphous-light-eruption-29.jpg
9,E:\MedicalData\kagglechallenge\Dermnet\train/Light Diseases and Disorders of Pigmentation/polymorphous-light-eruption-3.jpg
9,E:\MedicalData\kagglechallenge\Dermnet\train/Light Diseases and Disorders of Pigmentation/polymorphous-light-eruption-30.jpg
9,E:\MedicalData\kagglechallenge\Dermnet\train/Light Diseases and Disorders of Pigmentation/polymorphous-light-eruption-31.jpg
9,E:\MedicalData\kagglechallenge\Dermnet\train/Light Diseases and Disorders of Pigmentation/polymorphous-light-eruption-32.jpg
9,E:\MedicalData\kagglechallenge\Dermnet\train/Light Diseases and Disorders of Pigmentation/polymorphous-light-eruption-34.jpg
9,E:\MedicalData\kagglechallenge\Dermnet\train/Light Diseases and Disorders of Pigmentation/polymorphous-light-eruption-35.jpg
9,E:\MedicalData\kagglechallenge\Dermnet\train/Light Diseases and Disorders of Pigmentation/polymorphous-light-eruption-36.jpg
9,E:\MedicalData\kagglechallenge\Dermnet\train/Light Diseases and Disorders of Pigmentation/polymorphous-light-eruption-37.jpg
9,E:\MedicalData\kagglechallenge\Dermnet\train/Light Diseases and Disorders of Pigmentation/polymorphous-light-eruption-38.jpg
9,E:\MedicalData\kagglechallenge\Dermnet\train/Light Diseases and Disorders of Pigmentation/polymorphous-light-eruption-39.jpg
9,E:\MedicalData\kagglechallenge\Dermnet\train/Light Diseases and Disorders of Pigmentation/polymorphous-light-eruption-4.jpg
9,E:\MedicalData\kagglechallenge\Dermnet\train/Light Diseases and Disorders of Pigmentation/polymorphous-light-eruption-40.jpg
9,E:\MedicalData\kagglechallenge\Dermnet\train/Light Diseases and Disorders of Pigmentation/polymorphous-light-eruption-41.jpg
9,E:\MedicalData\kagglechallenge\Dermnet\train/Light Diseases and Disorders of Pigmentation/polymorphous-light-eruption-42.jpg
9,E:\MedicalData\kagglechallenge\Dermnet\train/Light Diseases and Disorders of Pigmentation/polymorphous-light-eruption-7.jpg
9,E:\MedicalData\kagglechallenge\Dermnet\train/Light Diseases and Disorders of Pigmentation/polymorphous-light-eruption-8.jpg
9,E:\MedicalData\kagglechallenge\Dermnet\train/Light Diseases and Disorders of Pigmentation/polymorphous-light-eruption-9.jpg
9,E:\MedicalData\kagglechallenge\Dermnet\train/Light Diseases and Disorders of Pigmentation/porphyrias-11.jpg
9,E:\MedicalData\kagglechallenge\Dermnet\train/Light Diseases and Disorders of Pigmentation/porphyrias-13.jpg
9,E:\MedicalData\kagglechallenge\Dermnet\train/Light Diseases and Disorders of Pigmentation/porphyrias-14.jpg
9,E:\MedicalData\kagglechallenge\Dermnet\train/Light Diseases and Disorders of Pigmentation/porphyrias-15.jpg
9,E:\MedicalData\kagglechallenge\Dermnet\train/Light Diseases and Disorders of Pigmentation/porphyrias-17.jpg
9,E:\MedicalData\kagglechallenge\Dermnet\train/Light Diseases and Disorders of Pigmentation/porphyrias-18.jpg
9,E:\MedicalData\kagglechallenge\Dermnet\train/Light Diseases and Disorders of Pigmentation/porphyrias-19.jpg
9,E:\MedicalData\kagglechallenge\Dermnet\train/Light Diseases and Disorders of Pigmentation/porphyrias-22.jpg
9,E:\MedicalData\kagglechallenge\Dermnet\train/Light Diseases and Disorders of Pigmentation/porphyrias-23.jpg
9,E:\MedicalData\kagglechallenge\Dermnet\train/Light Diseases and Disorders of Pigmentation/porphyrias-25.jpg
9,E:\MedicalData\kagglechallenge\Dermnet\train/Light Diseases and Disorders of Pigmentation/porphyrias-27.jpg
9,E:\MedicalData\kagglechallenge\Dermnet\train/Light Diseases and Disorders of Pigmentation/porphyrias-28.jpg
9,E:\MedicalData\kagglechallenge\Dermnet\train/Light Diseases and Disorders of Pigmentation/porphyrias-29.jpg
9,E:\MedicalData\kagglechallenge\Dermnet\train/Light Diseases and Disorders of Pigmentation/porphyrias-30.jpg
9,E:\MedicalData\kagglechallenge\Dermnet\train/Light Diseases and Disorders of Pigmentation/porphyrias-31.jpg
9,E:\MedicalData\kagglechallenge\Dermnet\train/Light Diseases and Disorders of Pigmentation/porphyrias-32.jpg
9,E:\MedicalData\kagglechallenge\Dermnet\train/Light Diseases and Disorders of Pigmentation/porphyrias-33.jpg
9,E:\MedicalData\kagglechallenge\Dermnet\train/Light Diseases and Disorders of Pigmentation/porphyrias-34.jpg
9,E:\MedicalData\kagglechallenge\Dermnet\train/Light Diseases and Disorders of Pigmentation/porphyrias-35.jpg
9,E:\MedicalData\kagglechallenge\Dermnet\train/Light Diseases and Disorders of Pigmentation/porphyrias-38.jpg
9,E:\MedicalData\kagglechallenge\Dermnet\train/Light Diseases and Disorders of Pigmentation/porphyrias-4.jpg
9,E:\MedicalData\kagglechallenge\Dermnet\train/Light Diseases and Disorders of Pigmentation/porphyrias-40.jpg
9,E:\MedicalData\kagglechallenge\Dermnet\train/Light Diseases and Disorders of Pigmentation/porphyrias-41.jpg
9,E:\MedicalData\kagglechallenge\Dermnet\train/Light Diseases and Disorders of Pigmentation/porphyrias-42.jpg
9,E:\MedicalData\kagglechallenge\Dermnet\train/Light Diseases and Disorders of Pigmentation/porphyrias-43.jpg
9,E:\MedicalData\kagglechallenge\Dermnet\train/Light Diseases and Disorders of Pigmentation/porphyrias-46.jpg
9,E:\MedicalData\kagglechallenge\Dermnet\train/Light Diseases and Disorders of Pigmentation/porphyrias-47.jpg
9,E:\MedicalData\kagglechallenge\Dermnet\train/Light Diseases and Disorders of Pigmentation/porphyrias-49.jpg
9,E:\MedicalData\kagglechallenge\Dermnet\train/Light Diseases and Disorders of Pigmentation/porphyrias-5.jpg
9,E:\MedicalData\kagglechallenge\Dermnet\train/Light Diseases and Disorders of Pigmentation/porphyrias-50.jpg
9,E:\MedicalData\kagglechallenge\Dermnet\train/Light Diseases and Disorders of Pigmentation/porphyrias-53.jpg
9,E:\MedicalData\kagglechallenge\Dermnet\train/Light Diseases and Disorders of Pigmentation/porphyrias-55.jpg
9,E:\MedicalData\kagglechallenge\Dermnet\train/Light Diseases and Disorders of Pigmentation/porphyrias-56.jpg
9,E:\MedicalData\kagglechallenge\Dermnet\train/Light Diseases and Disorders of Pigmentation/porphyrias-57.jpg
9,E:\MedicalData\kagglechallenge\Dermnet\train/Light Diseases and Disorders of Pigmentation/porphyrias-58.jpg
9,E:\MedicalData\kagglechallenge\Dermnet\train/Light Diseases and Disorders of Pigmentation/porphyrias-6.jpg
9,E:\MedicalData\kagglechallenge\Dermnet\train/Light Diseases and Disorders of Pigmentation/porphyrias-60.jpg
9,E:\MedicalData\kagglechallenge\Dermnet\train/Light Diseases and Disorders of Pigmentation/porphyrias-64.jpg
9,E:\MedicalData\kagglechallenge\Dermnet\train/Light Diseases and Disorders of Pigmentation/porphyrias-66.jpg
9,E:\MedicalData\kagglechallenge\Dermnet\train/Light Diseases and Disorders of Pigmentation/porphyrias-67.jpg
9,E:\MedicalData\kagglechallenge\Dermnet\train/Light Diseases and Disorders of Pigmentation/porphyrias-68.jpg
9,E:\MedicalData\kagglechallenge\Dermnet\train/Light Diseases and Disorders of Pigmentation/porphyrias-72.jpg
9,E:\MedicalData\kagglechallenge\Dermnet\train/Light Diseases and Disorders of Pigmentation/porphyrias-73.jpg
9,E:\MedicalData\kagglechallenge\Dermnet\train/Light Diseases and Disorders of Pigmentation/porphyrias-74.jpg
9,E:\MedicalData\kagglechallenge\Dermnet\train/Light Diseases and Disorders of Pigmentation/porphyrias-75.jpg
9,E:\MedicalData\kagglechallenge\Dermnet\train/Light Diseases and Disorders of Pigmentation/porphyrias-76.jpg
9,E:\MedicalData\kagglechallenge\Dermnet\train/Light Diseases and Disorders of Pigmentation/post-inflammatory-hyperpigmentation-1.jpg
9,E:\MedicalData\kagglechallenge\Dermnet\train/Light Diseases and Disorders of Pigmentation/post-inflammatory-hyperpigmentation-2.jpg
9,E:\MedicalData\kagglechallenge\Dermnet\train/Light Diseases and Disorders of Pigmentation/post-inflammatory-hyperpigmentation-4.jpg
9,E:\MedicalData\kagglechallenge\Dermnet\train/Light Diseases and Disorders of Pigmentation/post-inflammatory-hyperpigmentation-5.jpg
9,E:\MedicalData\kagglechallenge\Dermnet\train/Light Diseases and Disorders of Pigmentation/post-inflammatory-hyperpigmentation-6.jpg
9,E:\MedicalData\kagglechallenge\Dermnet\train/Light Diseases and Disorders of Pigmentation/pseudo-porphyria-1.jpg
9,E:\MedicalData\kagglechallenge\Dermnet\train/Light Diseases and Disorders of Pigmentation/pseudo-porphyria-3.jpg
9,E:\MedicalData\kagglechallenge\Dermnet\train/Light Diseases and Disorders of Pigmentation/pseudo-porphyria-5.jpg
9,E:\MedicalData\kagglechallenge\Dermnet\train/Light Diseases and Disorders of Pigmentation/pseudo-porphyria-6.jpg
9,E:\MedicalData\kagglechallenge\Dermnet\train/Light Diseases and Disorders of Pigmentation/pseudo-porphyria-7.jpg
9,E:\MedicalData\kagglechallenge\Dermnet\train/Light Diseases and Disorders of Pigmentation/pseudo-porphyria-8.jpg
9,E:\MedicalData\kagglechallenge\Dermnet\train/Light Diseases and Disorders of Pigmentation/pseudo-porphyria-9.jpg
9,E:\MedicalData\kagglechallenge\Dermnet\train/Light Diseases and Disorders of Pigmentation/radiation-dermatitis-1.jpg
9,E:\MedicalData\kagglechallenge\Dermnet\train/Light Diseases and Disorders of Pigmentation/radiation-dermatitis-2.jpg
9,E:\MedicalData\kagglechallenge\Dermnet\train/Light Diseases and Disorders of Pigmentation/radiation-dermatitis-4.jpg
9,E:\MedicalData\kagglechallenge\Dermnet\train/Light Diseases and Disorders of Pigmentation/sun-damaged-skin-1.jpg
9,E:\MedicalData\kagglechallenge\Dermnet\train/Light Diseases and Disorders of Pigmentation/sun-damaged-skin-10.jpg
9,E:\MedicalData\kagglechallenge\Dermnet\train/Light Diseases and Disorders of Pigmentation/sun-damaged-skin-100.jpg
9,E:\MedicalData\kagglechallenge\Dermnet\train/Light Diseases and Disorders of Pigmentation/sun-damaged-skin-101.jpg
9,E:\MedicalData\kagglechallenge\Dermnet\train/Light Diseases and Disorders of Pigmentation/sun-damaged-skin-103.jpg
9,E:\MedicalData\kagglechallenge\Dermnet\train/Light Diseases and Disorders of Pigmentation/sun-damaged-skin-106.jpg
9,E:\MedicalData\kagglechallenge\Dermnet\train/Light Diseases and Disorders of Pigmentation/sun-damaged-skin-109.jpg
9,E:\MedicalData\kagglechallenge\Dermnet\train/Light Diseases and Disorders of Pigmentation/sun-damaged-skin-11.jpg
9,E:\MedicalData\kagglechallenge\Dermnet\train/Light Diseases and Disorders of Pigmentation/sun-damaged-skin-110.jpg
9,E:\MedicalData\kagglechallenge\Dermnet\train/Light Diseases and Disorders of Pigmentation/sun-damaged-skin-111.jpg
9,E:\MedicalData\kagglechallenge\Dermnet\train/Light Diseases and Disorders of Pigmentation/sun-damaged-skin-114.jpg
9,E:\MedicalData\kagglechallenge\Dermnet\train/Light Diseases and Disorders of Pigmentation/sun-damaged-skin-115.jpg
9,E:\MedicalData\kagglechallenge\Dermnet\train/Light Diseases and Disorders of Pigmentation/sun-damaged-skin-116.jpg
9,E:\MedicalData\kagglechallenge\Dermnet\train/Light Diseases and Disorders of Pigmentation/sun-damaged-skin-120.jpg
9,E:\MedicalData\kagglechallenge\Dermnet\train/Light Diseases and Disorders of Pigmentation/sun-damaged-skin-121.jpg
9,E:\MedicalData\kagglechallenge\Dermnet\train/Light Diseases and Disorders of Pigmentation/sun-damaged-skin-122.jpg
9,E:\MedicalData\kagglechallenge\Dermnet\train/Light Diseases and Disorders of Pigmentation/sun-damaged-skin-123.jpg
9,E:\MedicalData\kagglechallenge\Dermnet\train/Light Diseases and Disorders of Pigmentation/sun-damaged-skin-124.jpg
9,E:\MedicalData\kagglechallenge\Dermnet\train/Light Diseases and Disorders of Pigmentation/sun-damaged-skin-128.jpg
9,E:\MedicalData\kagglechallenge\Dermnet\train/Light Diseases and Disorders of Pigmentation/sun-damaged-skin-13.jpg
9,E:\MedicalData\kagglechallenge\Dermnet\train/Light Diseases and Disorders of Pigmentation/sun-damaged-skin-131.jpg
9,E:\MedicalData\kagglechallenge\Dermnet\train/Light Diseases and Disorders of Pigmentation/sun-damaged-skin-132.jpg
9,E:\MedicalData\kagglechallenge\Dermnet\train/Light Diseases and Disorders of Pigmentation/sun-damaged-skin-133.jpg
9,E:\MedicalData\kagglechallenge\Dermnet\train/Light Diseases and Disorders of Pigmentation/sun-damaged-skin-135.jpg
9,E:\MedicalData\kagglechallenge\Dermnet\train/Light Diseases and Disorders of Pigmentation/sun-damaged-skin-136.jpg
9,E:\MedicalData\kagglechallenge\Dermnet\train/Light Diseases and Disorders of Pigmentation/sun-damaged-skin-15.jpg
9,E:\MedicalData\kagglechallenge\Dermnet\train/Light Diseases and Disorders of Pigmentation/sun-damaged-skin-16.jpg
9,E:\MedicalData\kagglechallenge\Dermnet\train/Light Diseases and Disorders of Pigmentation/sun-damaged-skin-17.jpg
9,E:\MedicalData\kagglechallenge\Dermnet\train/Light Diseases and Disorders of Pigmentation/sun-damaged-skin-2.jpg
9,E:\MedicalData\kagglechallenge\Dermnet\train/Light Diseases and Disorders of Pigmentation/sun-damaged-skin-20.jpg
9,E:\MedicalData\kagglechallenge\Dermnet\train/Light Diseases and Disorders of Pigmentation/sun-damaged-skin-22.jpg
9,E:\MedicalData\kagglechallenge\Dermnet\train/Light Diseases and Disorders of Pigmentation/sun-damaged-skin-23.jpg
9,E:\MedicalData\kagglechallenge\Dermnet\train/Light Diseases and Disorders of Pigmentation/sun-damaged-skin-24.jpg
9,E:\MedicalData\kagglechallenge\Dermnet\train/Light Diseases and Disorders of Pigmentation/sun-damaged-skin-26.jpg
9,E:\MedicalData\kagglechallenge\Dermnet\train/Light Diseases and Disorders of Pigmentation/sun-damaged-skin-28.jpg
9,E:\MedicalData\kagglechallenge\Dermnet\train/Light Diseases and Disorders of Pigmentation/sun-damaged-skin-29.jpg
9,E:\MedicalData\kagglechallenge\Dermnet\train/Light Diseases and Disorders of Pigmentation/sun-damaged-skin-31.jpg
9,E:\MedicalData\kagglechallenge\Dermnet\train/Light Diseases and Disorders of Pigmentation/sun-damaged-skin-33.jpg
9,E:\MedicalData\kagglechallenge\Dermnet\train/Light Diseases and Disorders of Pigmentation/sun-damaged-skin-34.jpg
9,E:\MedicalData\kagglechallenge\Dermnet\train/Light Diseases and Disorders of Pigmentation/sun-damaged-skin-37.jpg
9,E:\MedicalData\kagglechallenge\Dermnet\train/Light Diseases and Disorders of Pigmentation/sun-damaged-skin-39.jpg
9,E:\MedicalData\kagglechallenge\Dermnet\train/Light Diseases and Disorders of Pigmentation/sun-damaged-skin-4.jpg
9,E:\MedicalData\kagglechallenge\Dermnet\train/Light Diseases and Disorders of Pigmentation/sun-damaged-skin-40.jpg
9,E:\MedicalData\kagglechallenge\Dermnet\train/Light Diseases and Disorders of Pigmentation/sun-damaged-skin-41.jpg
9,E:\MedicalData\kagglechallenge\Dermnet\train/Light Diseases and Disorders of Pigmentation/sun-damaged-skin-42.jpg
9,E:\MedicalData\kagglechallenge\Dermnet\train/Light Diseases and Disorders of Pigmentation/sun-damaged-skin-44.jpg
9,E:\MedicalData\kagglechallenge\Dermnet\train/Light Diseases and Disorders of Pigmentation/sun-damaged-skin-45.jpg
9,E:\MedicalData\kagglechallenge\Dermnet\train/Light Diseases and Disorders of Pigmentation/sun-damaged-skin-47.jpg
9,E:\MedicalData\kagglechallenge\Dermnet\train/Light Diseases and Disorders of Pigmentation/sun-damaged-skin-48.jpg
9,E:\MedicalData\kagglechallenge\Dermnet\train/Light Diseases and Disorders of Pigmentation/sun-damaged-skin-49.jpg
9,E:\MedicalData\kagglechallenge\Dermnet\train/Light Diseases and Disorders of Pigmentation/sun-damaged-skin-5.jpg
9,E:\MedicalData\kagglechallenge\Dermnet\train/Light Diseases and Disorders of Pigmentation/sun-damaged-skin-50.jpg
9,E:\MedicalData\kagglechallenge\Dermnet\train/Light Diseases and Disorders of Pigmentation/sun-damaged-skin-55.jpg
9,E:\MedicalData\kagglechallenge\Dermnet\train/Light Diseases and Disorders of Pigmentation/sun-damaged-skin-56.jpg
9,E:\MedicalData\kagglechallenge\Dermnet\train/Light Diseases and Disorders of Pigmentation/sun-damaged-skin-57.jpg
9,E:\MedicalData\kagglechallenge\Dermnet\train/Light Diseases and Disorders of Pigmentation/sun-damaged-skin-58.jpg
9,E:\MedicalData\kagglechallenge\Dermnet\train/Light Diseases and Disorders of Pigmentation/sun-damaged-skin-6.jpg
9,E:\MedicalData\kagglechallenge\Dermnet\train/Light Diseases and Disorders of Pigmentation/sun-damaged-skin-60.jpg
9,E:\MedicalData\kagglechallenge\Dermnet\train/Light Diseases and Disorders of Pigmentation/sun-damaged-skin-61.jpg
9,E:\MedicalData\kagglechallenge\Dermnet\train/Light Diseases and Disorders of Pigmentation/sun-damaged-skin-62.jpg
9,E:\MedicalData\kagglechallenge\Dermnet\train/Light Diseases and Disorders of Pigmentation/sun-damaged-skin-63.jpg
9,E:\MedicalData\kagglechallenge\Dermnet\train/Light Diseases and Disorders of Pigmentation/sun-damaged-skin-64.jpg
9,E:\MedicalData\kagglechallenge\Dermnet\train/Light Diseases and Disorders of Pigmentation/sun-damaged-skin-65.jpg
9,E:\MedicalData\kagglechallenge\Dermnet\train/Light Diseases and Disorders of Pigmentation/sun-damaged-skin-67.jpg
9,E:\MedicalData\kagglechallenge\Dermnet\train/Light Diseases and Disorders of Pigmentation/sun-damaged-skin-68.jpg
9,E:\MedicalData\kagglechallenge\Dermnet\train/Light Diseases and Disorders of Pigmentation/sun-damaged-skin-69.jpg
9,E:\MedicalData\kagglechallenge\Dermnet\train/Light Diseases and Disorders of Pigmentation/sun-damaged-skin-70.jpg
9,E:\MedicalData\kagglechallenge\Dermnet\train/Light Diseases and Disorders of Pigmentation/sun-damaged-skin-71.jpg
9,E:\MedicalData\kagglechallenge\Dermnet\train/Light Diseases and Disorders of Pigmentation/sun-damaged-skin-74.jpg
9,E:\MedicalData\kagglechallenge\Dermnet\train/Light Diseases and Disorders of Pigmentation/sun-damaged-skin-76.jpg
9,E:\MedicalData\kagglechallenge\Dermnet\train/Light Diseases and Disorders of Pigmentation/sun-damaged-skin-77.jpg
9,E:\MedicalData\kagglechallenge\Dermnet\train/Light Diseases and Disorders of Pigmentation/sun-damaged-skin-78.jpg
9,E:\MedicalData\kagglechallenge\Dermnet\train/Light Diseases and Disorders of Pigmentation/sun-damaged-skin-79.jpg
9,E:\MedicalData\kagglechallenge\Dermnet\train/Light Diseases and Disorders of Pigmentation/sun-damaged-skin-8.jpg
9,E:\MedicalData\kagglechallenge\Dermnet\train/Light Diseases and Disorders of Pigmentation/sun-damaged-skin-81.jpg
9,E:\MedicalData\kagglechallenge\Dermnet\train/Light Diseases and Disorders of Pigmentation/sun-damaged-skin-82.jpg
9,E:\MedicalData\kagglechallenge\Dermnet\train/Light Diseases and Disorders of Pigmentation/sun-damaged-skin-85.jpg
9,E:\MedicalData\kagglechallenge\Dermnet\train/Light Diseases and Disorders of Pigmentation/sun-damaged-skin-86.jpg
9,E:\MedicalData\kagglechallenge\Dermnet\train/Light Diseases and Disorders of Pigmentation/sun-damaged-skin-87.jpg
9,E:\MedicalData\kagglechallenge\Dermnet\train/Light Diseases and Disorders of Pigmentation/sun-damaged-skin-88.jpg
9,E:\MedicalData\kagglechallenge\Dermnet\train/Light Diseases and Disorders of Pigmentation/sun-damaged-skin-89.jpg
9,E:\MedicalData\kagglechallenge\Dermnet\train/Light Diseases and Disorders of Pigmentation/sun-damaged-skin-91.jpg
9,E:\MedicalData\kagglechallenge\Dermnet\train/Light Diseases and Disorders of Pigmentation/sun-damaged-skin-92.jpg
9,E:\MedicalData\kagglechallenge\Dermnet\train/Light Diseases and Disorders of Pigmentation/sun-damaged-skin-94.jpg
9,E:\MedicalData\kagglechallenge\Dermnet\train/Light Diseases and Disorders of Pigmentation/sun-damaged-skin-95.jpg
9,E:\MedicalData\kagglechallenge\Dermnet\train/Light Diseases and Disorders of Pigmentation/sun-damaged-skin-97.jpg
9,E:\MedicalData\kagglechallenge\Dermnet\train/Light Diseases and Disorders of Pigmentation/sun-damaged-skin-98.jpg
9,E:\MedicalData\kagglechallenge\Dermnet\train/Light Diseases and Disorders of Pigmentation/sun-damaged-skin-99.jpg
9,E:\MedicalData\kagglechallenge\Dermnet\train/Light Diseases and Disorders of Pigmentation/sunburn-1.jpg
9,E:\MedicalData\kagglechallenge\Dermnet\train/Light Diseases and Disorders of Pigmentation/sunburn-2.jpg
9,E:\MedicalData\kagglechallenge\Dermnet\train/Light Diseases and Disorders of Pigmentation/sunburn-3.jpg
9,E:\MedicalData\kagglechallenge\Dermnet\train/Light Diseases and Disorders of Pigmentation/sunburn-4.jpg
9,E:\MedicalData\kagglechallenge\Dermnet\train/Light Diseases and Disorders of Pigmentation/sunburn-5.jpg
9,E:\MedicalData\kagglechallenge\Dermnet\train/Light Diseases and Disorders of Pigmentation/sunburn-6.jpg
9,E:\MedicalData\kagglechallenge\Dermnet\train/Light Diseases and Disorders of Pigmentation/sunburn-7.jpg
9,E:\MedicalData\kagglechallenge\Dermnet\train/Light Diseases and Disorders of Pigmentation/sunburn-8.jpg
9,E:\MedicalData\kagglechallenge\Dermnet\train/Light Diseases and Disorders of Pigmentation/vitiligo-12.jpg
9,E:\MedicalData\kagglechallenge\Dermnet\train/Light Diseases and Disorders of Pigmentation/vitiligo-13.jpg
9,E:\MedicalData\kagglechallenge\Dermnet\train/Light Diseases and Disorders of Pigmentation/vitiligo-14.jpg
9,E:\MedicalData\kagglechallenge\Dermnet\train/Light Diseases and Disorders of Pigmentation/vitiligo-18.jpg
9,E:\MedicalData\kagglechallenge\Dermnet\train/Light Diseases and Disorders of Pigmentation/vitiligo-19.jpg
9,E:\MedicalData\kagglechallenge\Dermnet\train/Light Diseases and Disorders of Pigmentation/vitiligo-2.jpg
9,E:\MedicalData\kagglechallenge\Dermnet\train/Light Diseases and Disorders of Pigmentation/vitiligo-22.jpg
9,E:\MedicalData\kagglechallenge\Dermnet\train/Light Diseases and Disorders of Pigmentation/vitiligo-24.jpg
9,E:\MedicalData\kagglechallenge\Dermnet\train/Light Diseases and Disorders of Pigmentation/vitiligo-27.jpg
9,E:\MedicalData\kagglechallenge\Dermnet\train/Light Diseases and Disorders of Pigmentation/vitiligo-28.jpg
9,E:\MedicalData\kagglechallenge\Dermnet\train/Light Diseases and Disorders of Pigmentation/vitiligo-29.jpg
9,E:\MedicalData\kagglechallenge\Dermnet\train/Light Diseases and Disorders of Pigmentation/vitiligo-3.jpg
9,E:\MedicalData\kagglechallenge\Dermnet\train/Light Diseases and Disorders of Pigmentation/vitiligo-30.jpg
9,E:\MedicalData\kagglechallenge\Dermnet\train/Light Diseases and Disorders of Pigmentation/vitiligo-33.jpg
9,E:\MedicalData\kagglechallenge\Dermnet\train/Light Diseases and Disorders of Pigmentation/vitiligo-34.jpg
9,E:\MedicalData\kagglechallenge\Dermnet\train/Light Diseases and Disorders of Pigmentation/vitiligo-37.jpg
9,E:\MedicalData\kagglechallenge\Dermnet\train/Light Diseases and Disorders of Pigmentation/vitiligo-38.jpg
9,E:\MedicalData\kagglechallenge\Dermnet\train/Light Diseases and Disorders of Pigmentation/vitiligo-42.jpg
9,E:\MedicalData\kagglechallenge\Dermnet\train/Light Diseases and Disorders of Pigmentation/vitiligo-43.jpg
9,E:\MedicalData\kagglechallenge\Dermnet\train/Light Diseases and Disorders of Pigmentation/vitiligo-45.jpg
9,E:\MedicalData\kagglechallenge\Dermnet\train/Light Diseases and Disorders of Pigmentation/vitiligo-46.jpg
9,E:\MedicalData\kagglechallenge\Dermnet\train/Light Diseases and Disorders of Pigmentation/vitiligo-47.jpg
9,E:\MedicalData\kagglechallenge\Dermnet\train/Light Diseases and Disorders of Pigmentation/vitiligo-48.jpg
9,E:\MedicalData\kagglechallenge\Dermnet\train/Light Diseases and Disorders of Pigmentation/vitiligo-49.jpg
9,E:\MedicalData\kagglechallenge\Dermnet\train/Light Diseases and Disorders of Pigmentation/vitiligo-51.jpg
9,E:\MedicalData\kagglechallenge\Dermnet\train/Light Diseases and Disorders of Pigmentation/vitiligo-52.jpg
9,E:\MedicalData\kagglechallenge\Dermnet\train/Light Diseases and Disorders of Pigmentation/vitiligo-6.jpg
9,E:\MedicalData\kagglechallenge\Dermnet\train/Light Diseases and Disorders of Pigmentation/vitiligo-7.jpg
9,E:\MedicalData\kagglechallenge\Dermnet\train/Light Diseases and Disorders of Pigmentation/vitiligo-8.jpg
9,E:\MedicalData\kagglechallenge\Dermnet\train/Light Diseases and Disorders of Pigmentation/vitiligo-9.jpg
9,E:\MedicalData\kagglechallenge\Dermnet\train/Light Diseases and Disorders of Pigmentation/weathering-nodules-1.jpg
9,E:\MedicalData\kagglechallenge\Dermnet\train/Light Diseases and Disorders of Pigmentation/weathering-nodules-2.jpg
9,E:\MedicalData\kagglechallenge\Dermnet\train/Light Diseases and Disorders of Pigmentation/weathering-nodules-3.jpg
9,E:\MedicalData\kagglechallenge\Dermnet\train/Light Diseases and Disorders of Pigmentation/weathering-nodules-4.jpg
10,E:\MedicalData\kagglechallenge\Dermnet\train/Lupus and other Connective Tissue diseases/acrocyanosis-2.jpg
10,E:\MedicalData\kagglechallenge\Dermnet\train/Lupus and other Connective Tissue diseases/acrocyanosis-3.jpg
10,E:\MedicalData\kagglechallenge\Dermnet\train/Lupus and other Connective Tissue diseases/atrophoderma-2.jpg
10,E:\MedicalData\kagglechallenge\Dermnet\train/Lupus and other Connective Tissue diseases/atrophoderma-5.jpg
10,E:\MedicalData\kagglechallenge\Dermnet\train/Lupus and other Connective Tissue diseases/calcinosis-cutis-1.jpg
10,E:\MedicalData\kagglechallenge\Dermnet\train/Lupus and other Connective Tissue diseases/calcinosis-cutis-2.jpg
10,E:\MedicalData\kagglechallenge\Dermnet\train/Lupus and other Connective Tissue diseases/calcinosis-cutis-3.jpg
10,E:\MedicalData\kagglechallenge\Dermnet\train/Lupus and other Connective Tissue diseases/chilblains-perniosis-1.jpg
10,E:\MedicalData\kagglechallenge\Dermnet\train/Lupus and other Connective Tissue diseases/chilblains-perniosis-10.jpg
10,E:\MedicalData\kagglechallenge\Dermnet\train/Lupus and other Connective Tissue diseases/chilblains-perniosis-12.jpg
10,E:\MedicalData\kagglechallenge\Dermnet\train/Lupus and other Connective Tissue diseases/chilblains-perniosis-13.jpg
10,E:\MedicalData\kagglechallenge\Dermnet\train/Lupus and other Connective Tissue diseases/chilblains-perniosis-14.jpg
10,E:\MedicalData\kagglechallenge\Dermnet\train/Lupus and other Connective Tissue diseases/chilblains-perniosis-15.jpg
10,E:\MedicalData\kagglechallenge\Dermnet\train/Lupus and other Connective Tissue diseases/chilblains-perniosis-16.jpg
10,E:\MedicalData\kagglechallenge\Dermnet\train/Lupus and other Connective Tissue diseases/chilblains-perniosis-18.jpg
10,E:\MedicalData\kagglechallenge\Dermnet\train/Lupus and other Connective Tissue diseases/chilblains-perniosis-2.jpg
10,E:\MedicalData\kagglechallenge\Dermnet\train/Lupus and other Connective Tissue diseases/chilblains-perniosis-20.jpg
10,E:\MedicalData\kagglechallenge\Dermnet\train/Lupus and other Connective Tissue diseases/chilblains-perniosis-21.jpg
10,E:\MedicalData\kagglechallenge\Dermnet\train/Lupus and other Connective Tissue diseases/chilblains-perniosis-22.jpg
10,E:\MedicalData\kagglechallenge\Dermnet\train/Lupus and other Connective Tissue diseases/chilblains-perniosis-23.jpg
10,E:\MedicalData\kagglechallenge\Dermnet\train/Lupus and other Connective Tissue diseases/chilblains-perniosis-24.jpg
10,E:\MedicalData\kagglechallenge\Dermnet\train/Lupus and other Connective Tissue diseases/chilblains-perniosis-25.jpg
10,E:\MedicalData\kagglechallenge\Dermnet\train/Lupus and other Connective Tissue diseases/chilblains-perniosis-27.jpg
10,E:\MedicalData\kagglechallenge\Dermnet\train/Lupus and other Connective Tissue diseases/chilblains-perniosis-3.jpg
10,E:\MedicalData\kagglechallenge\Dermnet\train/Lupus and other Connective Tissue diseases/chilblains-perniosis-30.jpg
10,E:\MedicalData\kagglechallenge\Dermnet\train/Lupus and other Connective Tissue diseases/chilblains-perniosis-31.jpg
10,E:\MedicalData\kagglechallenge\Dermnet\train/Lupus and other Connective Tissue diseases/chilblains-perniosis-32.jpg
10,E:\MedicalData\kagglechallenge\Dermnet\train/Lupus and other Connective Tissue diseases/chilblains-perniosis-33.jpg
10,E:\MedicalData\kagglechallenge\Dermnet\train/Lupus and other Connective Tissue diseases/chilblains-perniosis-34.jpg
10,E:\MedicalData\kagglechallenge\Dermnet\train/Lupus and other Connective Tissue diseases/chilblains-perniosis-35.jpg
10,E:\MedicalData\kagglechallenge\Dermnet\train/Lupus and other Connective Tissue diseases/chilblains-perniosis-36.jpg
10,E:\MedicalData\kagglechallenge\Dermnet\train/Lupus and other Connective Tissue diseases/chilblains-perniosis-37.jpg
10,E:\MedicalData\kagglechallenge\Dermnet\train/Lupus and other Connective Tissue diseases/chilblains-perniosis-40.jpg
10,E:\MedicalData\kagglechallenge\Dermnet\train/Lupus and other Connective Tissue diseases/chilblains-perniosis-41.jpg
10,E:\MedicalData\kagglechallenge\Dermnet\train/Lupus and other Connective Tissue diseases/chilblains-perniosis-42.jpg
10,E:\MedicalData\kagglechallenge\Dermnet\train/Lupus and other Connective Tissue diseases/chilblains-perniosis-5.jpg
10,E:\MedicalData\kagglechallenge\Dermnet\train/Lupus and other Connective Tissue diseases/chilblains-perniosis-6.jpg
10,E:\MedicalData\kagglechallenge\Dermnet\train/Lupus and other Connective Tissue diseases/chilblains-perniosis-7.jpg
10,E:\MedicalData\kagglechallenge\Dermnet\train/Lupus and other Connective Tissue diseases/chilblains-perniosis-8.jpg
10,E:\MedicalData\kagglechallenge\Dermnet\train/Lupus and other Connective Tissue diseases/chilblains-perniosis-9.jpg
10,E:\MedicalData\kagglechallenge\Dermnet\train/Lupus and other Connective Tissue diseases/crest-syndrome-1.jpg
10,E:\MedicalData\kagglechallenge\Dermnet\train/Lupus and other Connective Tissue diseases/crest-syndrome-10.jpg
10,E:\MedicalData\kagglechallenge\Dermnet\train/Lupus and other Connective Tissue diseases/crest-syndrome-11.jpg
10,E:\MedicalData\kagglechallenge\Dermnet\train/Lupus and other Connective Tissue diseases/crest-syndrome-13.jpg
10,E:\MedicalData\kagglechallenge\Dermnet\train/Lupus and other Connective Tissue diseases/crest-syndrome-17.jpg
10,E:\MedicalData\kagglechallenge\Dermnet\train/Lupus and other Connective Tissue diseases/crest-syndrome-18.jpg
10,E:\MedicalData\kagglechallenge\Dermnet\train/Lupus and other Connective Tissue diseases/crest-syndrome-21.jpg
10,E:\MedicalData\kagglechallenge\Dermnet\train/Lupus and other Connective Tissue diseases/crest-syndrome-23.jpg
10,E:\MedicalData\kagglechallenge\Dermnet\train/Lupus and other Connective Tissue diseases/crest-syndrome-24.jpg
10,E:\MedicalData\kagglechallenge\Dermnet\train/Lupus and other Connective Tissue diseases/crest-syndrome-25.jpg
10,E:\MedicalData\kagglechallenge\Dermnet\train/Lupus and other Connective Tissue diseases/crest-syndrome-26.jpg
10,E:\MedicalData\kagglechallenge\Dermnet\train/Lupus and other Connective Tissue diseases/crest-syndrome-3.jpg
10,E:\MedicalData\kagglechallenge\Dermnet\train/Lupus and other Connective Tissue diseases/crest-syndrome-31.jpg
10,E:\MedicalData\kagglechallenge\Dermnet\train/Lupus and other Connective Tissue diseases/crest-syndrome-32.jpg
10,E:\MedicalData\kagglechallenge\Dermnet\train/Lupus and other Connective Tissue diseases/crest-syndrome-33.jpg
10,E:\MedicalData\kagglechallenge\Dermnet\train/Lupus and other Connective Tissue diseases/crest-syndrome-34.jpg
10,E:\MedicalData\kagglechallenge\Dermnet\train/Lupus and other Connective Tissue diseases/crest-syndrome-35.jpg
10,E:\MedicalData\kagglechallenge\Dermnet\train/Lupus and other Connective Tissue diseases/crest-syndrome-36.jpg
10,E:\MedicalData\kagglechallenge\Dermnet\train/Lupus and other Connective Tissue diseases/crest-syndrome-37.jpg
10,E:\MedicalData\kagglechallenge\Dermnet\train/Lupus and other Connective Tissue diseases/crest-syndrome-38.jpg
10,E:\MedicalData\kagglechallenge\Dermnet\train/Lupus and other Connective Tissue diseases/crest-syndrome-39.jpg
10,E:\MedicalData\kagglechallenge\Dermnet\train/Lupus and other Connective Tissue diseases/crest-syndrome-40.jpg
10,E:\MedicalData\kagglechallenge\Dermnet\train/Lupus and other Connective Tissue diseases/crest-syndrome-43.jpg
10,E:\MedicalData\kagglechallenge\Dermnet\train/Lupus and other Connective Tissue diseases/crest-syndrome-45.jpg
10,E:\MedicalData\kagglechallenge\Dermnet\train/Lupus and other Connective Tissue diseases/crest-syndrome-47.jpg
10,E:\MedicalData\kagglechallenge\Dermnet\train/Lupus and other Connective Tissue diseases/crest-syndrome-6.jpg
10,E:\MedicalData\kagglechallenge\Dermnet\train/Lupus and other Connective Tissue diseases/crest-syndrome-7.jpg
10,E:\MedicalData\kagglechallenge\Dermnet\train/Lupus and other Connective Tissue diseases/crest-syndrome-9.jpg
10,E:\MedicalData\kagglechallenge\Dermnet\train/Lupus and other Connective Tissue diseases/dermatomyositis-11.jpg
10,E:\MedicalData\kagglechallenge\Dermnet\train/Lupus and other Connective Tissue diseases/dermatomyositis-12.jpg
10,E:\MedicalData\kagglechallenge\Dermnet\train/Lupus and other Connective Tissue diseases/dermatomyositis-13.jpg
10,E:\MedicalData\kagglechallenge\Dermnet\train/Lupus and other Connective Tissue diseases/dermatomyositis-14.jpg
10,E:\MedicalData\kagglechallenge\Dermnet\train/Lupus and other Connective Tissue diseases/dermatomyositis-15.jpg
10,E:\MedicalData\kagglechallenge\Dermnet\train/Lupus and other Connective Tissue diseases/dermatomyositis-16.jpg
10,E:\MedicalData\kagglechallenge\Dermnet\train/Lupus and other Connective Tissue diseases/dermatomyositis-17.jpg
10,E:\MedicalData\kagglechallenge\Dermnet\train/Lupus and other Connective Tissue diseases/dermatomyositis-18.jpg
10,E:\MedicalData\kagglechallenge\Dermnet\train/Lupus and other Connective Tissue diseases/dermatomyositis-19.jpg
10,E:\MedicalData\kagglechallenge\Dermnet\train/Lupus and other Connective Tissue diseases/dermatomyositis-20.jpg
10,E:\MedicalData\kagglechallenge\Dermnet\train/Lupus and other Connective Tissue diseases/dermatomyositis-21.jpg
10,E:\MedicalData\kagglechallenge\Dermnet\train/Lupus and other Connective Tissue diseases/dermatomyositis-22.jpg
10,E:\MedicalData\kagglechallenge\Dermnet\train/Lupus and other Connective Tissue diseases/dermatomyositis-23.jpg
10,E:\MedicalData\kagglechallenge\Dermnet\train/Lupus and other Connective Tissue diseases/dermatomyositis-26.jpg
10,E:\MedicalData\kagglechallenge\Dermnet\train/Lupus and other Connective Tissue diseases/dermatomyositis-27.jpg
10,E:\MedicalData\kagglechallenge\Dermnet\train/Lupus and other Connective Tissue diseases/dermatomyositis-28.jpg
10,E:\MedicalData\kagglechallenge\Dermnet\train/Lupus and other Connective Tissue diseases/dermatomyositis-29.jpg
10,E:\MedicalData\kagglechallenge\Dermnet\train/Lupus and other Connective Tissue diseases/dermatomyositis-32.jpg
10,E:\MedicalData\kagglechallenge\Dermnet\train/Lupus and other Connective Tissue diseases/dermatomyositis-33.jpg
10,E:\MedicalData\kagglechallenge\Dermnet\train/Lupus and other Connective Tissue diseases/dermatomyositis-34.jpg
10,E:\MedicalData\kagglechallenge\Dermnet\train/Lupus and other Connective Tissue diseases/dermatomyositis-35.jpg
10,E:\MedicalData\kagglechallenge\Dermnet\train/Lupus and other Connective Tissue diseases/dermatomyositis-38.jpg
10,E:\MedicalData\kagglechallenge\Dermnet\train/Lupus and other Connective Tissue diseases/dermatomyositis-39.jpg
10,E:\MedicalData\kagglechallenge\Dermnet\train/Lupus and other Connective Tissue diseases/dermatomyositis-4.jpg
10,E:\MedicalData\kagglechallenge\Dermnet\train/Lupus and other Connective Tissue diseases/dermatomyositis-40.jpg
10,E:\MedicalData\kagglechallenge\Dermnet\train/Lupus and other Connective Tissue diseases/dermatomyositis-42.jpg
10,E:\MedicalData\kagglechallenge\Dermnet\train/Lupus and other Connective Tissue diseases/dermatomyositis-43.jpg
10,E:\MedicalData\kagglechallenge\Dermnet\train/Lupus and other Connective Tissue diseases/dermatomyositis-44.jpg
10,E:\MedicalData\kagglechallenge\Dermnet\train/Lupus and other Connective Tissue diseases/dermatomyositis-46.jpg
10,E:\MedicalData\kagglechallenge\Dermnet\train/Lupus and other Connective Tissue diseases/dermatomyositis-47.jpg
10,E:\MedicalData\kagglechallenge\Dermnet\train/Lupus and other Connective Tissue diseases/dermatomyositis-48.jpg
10,E:\MedicalData\kagglechallenge\Dermnet\train/Lupus and other Connective Tissue diseases/dermatomyositis-49.jpg
10,E:\MedicalData\kagglechallenge\Dermnet\train/Lupus and other Connective Tissue diseases/dermatomyositis-5.jpg
10,E:\MedicalData\kagglechallenge\Dermnet\train/Lupus and other Connective Tissue diseases/dermatomyositis-50.jpg
10,E:\MedicalData\kagglechallenge\Dermnet\train/Lupus and other Connective Tissue diseases/dermatomyositis-51.jpg
10,E:\MedicalData\kagglechallenge\Dermnet\train/Lupus and other Connective Tissue diseases/dermatomyositis-52.jpg
10,E:\MedicalData\kagglechallenge\Dermnet\train/Lupus and other Connective Tissue diseases/dermatomyositis-53.jpg
10,E:\MedicalData\kagglechallenge\Dermnet\train/Lupus and other Connective Tissue diseases/dermatomyositis-54.jpg
10,E:\MedicalData\kagglechallenge\Dermnet\train/Lupus and other Connective Tissue diseases/dermatomyositis-55.jpg
10,E:\MedicalData\kagglechallenge\Dermnet\train/Lupus and other Connective Tissue diseases/dermatomyositis-56.jpg
10,E:\MedicalData\kagglechallenge\Dermnet\train/Lupus and other Connective Tissue diseases/dermatomyositis-59.jpg
10,E:\MedicalData\kagglechallenge\Dermnet\train/Lupus and other Connective Tissue diseases/dermatomyositis-6.jpg
10,E:\MedicalData\kagglechallenge\Dermnet\train/Lupus and other Connective Tissue diseases/dermatomyositis-7.jpg
10,E:\MedicalData\kagglechallenge\Dermnet\train/Lupus and other Connective Tissue diseases/dupuytren-contracture-1.jpg
10,E:\MedicalData\kagglechallenge\Dermnet\train/Lupus and other Connective Tissue diseases/dupuytren-contracture-2.jpg
10,E:\MedicalData\kagglechallenge\Dermnet\train/Lupus and other Connective Tissue diseases/erythromelalgia-3.jpg
10,E:\MedicalData\kagglechallenge\Dermnet\train/Lupus and other Connective Tissue diseases/erythromelalgia-4.jpg
10,E:\MedicalData\kagglechallenge\Dermnet\train/Lupus and other Connective Tissue diseases/lupus-acute-12.jpg
10,E:\MedicalData\kagglechallenge\Dermnet\train/Lupus and other Connective Tissue diseases/lupus-acute-13.jpg
10,E:\MedicalData\kagglechallenge\Dermnet\train/Lupus and other Connective Tissue diseases/lupus-acute-15.jpg
10,E:\MedicalData\kagglechallenge\Dermnet\train/Lupus and other Connective Tissue diseases/lupus-acute-16.jpg
10,E:\MedicalData\kagglechallenge\Dermnet\train/Lupus and other Connective Tissue diseases/lupus-acute-19.jpg
10,E:\MedicalData\kagglechallenge\Dermnet\train/Lupus and other Connective Tissue diseases/lupus-acute-20.jpg
10,E:\MedicalData\kagglechallenge\Dermnet\train/Lupus and other Connective Tissue diseases/lupus-acute-21.jpg
10,E:\MedicalData\kagglechallenge\Dermnet\train/Lupus and other Connective Tissue diseases/lupus-acute-23.jpg
10,E:\MedicalData\kagglechallenge\Dermnet\train/Lupus and other Connective Tissue diseases/lupus-acute-25.jpg
10,E:\MedicalData\kagglechallenge\Dermnet\train/Lupus and other Connective Tissue diseases/lupus-acute-26.jpg
10,E:\MedicalData\kagglechallenge\Dermnet\train/Lupus and other Connective Tissue diseases/lupus-acute-27.jpg
10,E:\MedicalData\kagglechallenge\Dermnet\train/Lupus and other Connective Tissue diseases/lupus-acute-28.jpg
10,E:\MedicalData\kagglechallenge\Dermnet\train/Lupus and other Connective Tissue diseases/lupus-acute-3.jpg
10,E:\MedicalData\kagglechallenge\Dermnet\train/Lupus and other Connective Tissue diseases/lupus-acute-30.jpg
10,E:\MedicalData\kagglechallenge\Dermnet\train/Lupus and other Connective Tissue diseases/lupus-acute-32.jpg
10,E:\MedicalData\kagglechallenge\Dermnet\train/Lupus and other Connective Tissue diseases/lupus-acute-34.jpg
10,E:\MedicalData\kagglechallenge\Dermnet\train/Lupus and other Connective Tissue diseases/lupus-acute-35.jpg
10,E:\MedicalData\kagglechallenge\Dermnet\train/Lupus and other Connective Tissue diseases/lupus-acute-36.jpg
10,E:\MedicalData\kagglechallenge\Dermnet\train/Lupus and other Connective Tissue diseases/lupus-acute-37.jpg
10,E:\MedicalData\kagglechallenge\Dermnet\train/Lupus and other Connective Tissue diseases/lupus-acute-4.jpg
10,E:\MedicalData\kagglechallenge\Dermnet\train/Lupus and other Connective Tissue diseases/lupus-acute-41.jpg
10,E:\MedicalData\kagglechallenge\Dermnet\train/Lupus and other Connective Tissue diseases/lupus-acute-42.jpg
10,E:\MedicalData\kagglechallenge\Dermnet\train/Lupus and other Connective Tissue diseases/lupus-acute-45.jpg
10,E:\MedicalData\kagglechallenge\Dermnet\train/Lupus and other Connective Tissue diseases/lupus-acute-47.jpg
10,E:\MedicalData\kagglechallenge\Dermnet\train/Lupus and other Connective Tissue diseases/lupus-acute-48.jpg
10,E:\MedicalData\kagglechallenge\Dermnet\train/Lupus and other Connective Tissue diseases/lupus-acute-5.jpg
10,E:\MedicalData\kagglechallenge\Dermnet\train/Lupus and other Connective Tissue diseases/lupus-acute-50.jpg
10,E:\MedicalData\kagglechallenge\Dermnet\train/Lupus and other Connective Tissue diseases/lupus-acute-51.jpg
10,E:\MedicalData\kagglechallenge\Dermnet\train/Lupus and other Connective Tissue diseases/lupus-acute-52.jpg
10,E:\MedicalData\kagglechallenge\Dermnet\train/Lupus and other Connective Tissue diseases/lupus-acute-53.jpg
10,E:\MedicalData\kagglechallenge\Dermnet\train/Lupus and other Connective Tissue diseases/lupus-acute-54.jpg
10,E:\MedicalData\kagglechallenge\Dermnet\train/Lupus and other Connective Tissue diseases/lupus-acute-55.jpg
10,E:\MedicalData\kagglechallenge\Dermnet\train/Lupus and other Connective Tissue diseases/lupus-acute-6.jpg
10,E:\MedicalData\kagglechallenge\Dermnet\train/Lupus and other Connective Tissue diseases/lupus-acute-8.jpg
10,E:\MedicalData\kagglechallenge\Dermnet\train/Lupus and other Connective Tissue diseases/lupus-acute-9.jpg
10,E:\MedicalData\kagglechallenge\Dermnet\train/Lupus and other Connective Tissue diseases/lupus-chronic-cutaneous-1.jpg
10,E:\MedicalData\kagglechallenge\Dermnet\train/Lupus and other Connective Tissue diseases/lupus-chronic-cutaneous-10.jpg
10,E:\MedicalData\kagglechallenge\Dermnet\train/Lupus and other Connective Tissue diseases/lupus-chronic-cutaneous-100.jpg
10,E:\MedicalData\kagglechallenge\Dermnet\train/Lupus and other Connective Tissue diseases/lupus-chronic-cutaneous-101.jpg
10,E:\MedicalData\kagglechallenge\Dermnet\train/Lupus and other Connective Tissue diseases/lupus-chronic-cutaneous-104.jpg
10,E:\MedicalData\kagglechallenge\Dermnet\train/Lupus and other Connective Tissue diseases/lupus-chronic-cutaneous-105.jpg
10,E:\MedicalData\kagglechallenge\Dermnet\train/Lupus and other Connective Tissue diseases/lupus-chronic-cutaneous-106.jpg
10,E:\MedicalData\kagglechallenge\Dermnet\train/Lupus and other Connective Tissue diseases/lupus-chronic-cutaneous-107.jpg
10,E:\MedicalData\kagglechallenge\Dermnet\train/Lupus and other Connective Tissue diseases/lupus-chronic-cutaneous-108.jpg
10,E:\MedicalData\kagglechallenge\Dermnet\train/Lupus and other Connective Tissue diseases/lupus-chronic-cutaneous-109.jpg
10,E:\MedicalData\kagglechallenge\Dermnet\train/Lupus and other Connective Tissue diseases/lupus-chronic-cutaneous-11.jpg
10,E:\MedicalData\kagglechallenge\Dermnet\train/Lupus and other Connective Tissue diseases/lupus-chronic-cutaneous-110.jpg
10,E:\MedicalData\kagglechallenge\Dermnet\train/Lupus and other Connective Tissue diseases/lupus-chronic-cutaneous-111.jpg
10,E:\MedicalData\kagglechallenge\Dermnet\train/Lupus and other Connective Tissue diseases/lupus-chronic-cutaneous-112.jpg
10,E:\MedicalData\kagglechallenge\Dermnet\train/Lupus and other Connective Tissue diseases/lupus-chronic-cutaneous-113.jpg
10,E:\MedicalData\kagglechallenge\Dermnet\train/Lupus and other Connective Tissue diseases/lupus-chronic-cutaneous-114.jpg
10,E:\MedicalData\kagglechallenge\Dermnet\train/Lupus and other Connective Tissue diseases/lupus-chronic-cutaneous-117.jpg
10,E:\MedicalData\kagglechallenge\Dermnet\train/Lupus and other Connective Tissue diseases/lupus-chronic-cutaneous-119.jpg
10,E:\MedicalData\kagglechallenge\Dermnet\train/Lupus and other Connective Tissue diseases/lupus-chronic-cutaneous-12.jpg
10,E:\MedicalData\kagglechallenge\Dermnet\train/Lupus and other Connective Tissue diseases/lupus-chronic-cutaneous-121.jpg
10,E:\MedicalData\kagglechallenge\Dermnet\train/Lupus and other Connective Tissue diseases/lupus-chronic-cutaneous-122.jpg
10,E:\MedicalData\kagglechallenge\Dermnet\train/Lupus and other Connective Tissue diseases/lupus-chronic-cutaneous-123.jpg
10,E:\MedicalData\kagglechallenge\Dermnet\train/Lupus and other Connective Tissue diseases/lupus-chronic-cutaneous-125.jpg
10,E:\MedicalData\kagglechallenge\Dermnet\train/Lupus and other Connective Tissue diseases/lupus-chronic-cutaneous-126.jpg
10,E:\MedicalData\kagglechallenge\Dermnet\train/Lupus and other Connective Tissue diseases/lupus-chronic-cutaneous-128.jpg
10,E:\MedicalData\kagglechallenge\Dermnet\train/Lupus and other Connective Tissue diseases/lupus-chronic-cutaneous-13.jpg
10,E:\MedicalData\kagglechallenge\Dermnet\train/Lupus and other Connective Tissue diseases/lupus-chronic-cutaneous-130.jpg
10,E:\MedicalData\kagglechallenge\Dermnet\train/Lupus and other Connective Tissue diseases/lupus-chronic-cutaneous-132.jpg
10,E:\MedicalData\kagglechallenge\Dermnet\train/Lupus and other Connective Tissue diseases/lupus-chronic-cutaneous-133.jpg
10,E:\MedicalData\kagglechallenge\Dermnet\train/Lupus and other Connective Tissue diseases/lupus-chronic-cutaneous-134.jpg
10,E:\MedicalData\kagglechallenge\Dermnet\train/Lupus and other Connective Tissue diseases/lupus-chronic-cutaneous-135.jpg
10,E:\MedicalData\kagglechallenge\Dermnet\train/Lupus and other Connective Tissue diseases/lupus-chronic-cutaneous-136.jpg
10,E:\MedicalData\kagglechallenge\Dermnet\train/Lupus and other Connective Tissue diseases/lupus-chronic-cutaneous-137.jpg
10,E:\MedicalData\kagglechallenge\Dermnet\train/Lupus and other Connective Tissue diseases/lupus-chronic-cutaneous-138.jpg
10,E:\MedicalData\kagglechallenge\Dermnet\train/Lupus and other Connective Tissue diseases/lupus-chronic-cutaneous-140.jpg
10,E:\MedicalData\kagglechallenge\Dermnet\train/Lupus and other Connective Tissue diseases/lupus-chronic-cutaneous-141.jpg
10,E:\MedicalData\kagglechallenge\Dermnet\train/Lupus and other Connective Tissue diseases/lupus-chronic-cutaneous-142.jpg
10,E:\MedicalData\kagglechallenge\Dermnet\train/Lupus and other Connective Tissue diseases/lupus-chronic-cutaneous-145.jpg
10,E:\MedicalData\kagglechallenge\Dermnet\train/Lupus and other Connective Tissue diseases/lupus-chronic-cutaneous-146.jpg
10,E:\MedicalData\kagglechallenge\Dermnet\train/Lupus and other Connective Tissue diseases/lupus-chronic-cutaneous-15.jpg
10,E:\MedicalData\kagglechallenge\Dermnet\train/Lupus and other Connective Tissue diseases/lupus-chronic-cutaneous-16.jpg
10,E:\MedicalData\kagglechallenge\Dermnet\train/Lupus and other Connective Tissue diseases/lupus-chronic-cutaneous-17.jpg
10,E:\MedicalData\kagglechallenge\Dermnet\train/Lupus and other Connective Tissue diseases/lupus-chronic-cutaneous-18.jpg
10,E:\MedicalData\kagglechallenge\Dermnet\train/Lupus and other Connective Tissue diseases/lupus-chronic-cutaneous-19.jpg
10,E:\MedicalData\kagglechallenge\Dermnet\train/Lupus and other Connective Tissue diseases/lupus-chronic-cutaneous-2.jpg
10,E:\MedicalData\kagglechallenge\Dermnet\train/Lupus and other Connective Tissue diseases/lupus-chronic-cutaneous-21.jpg
10,E:\MedicalData\kagglechallenge\Dermnet\train/Lupus and other Connective Tissue diseases/lupus-chronic-cutaneous-22.jpg
10,E:\MedicalData\kagglechallenge\Dermnet\train/Lupus and other Connective Tissue diseases/lupus-chronic-cutaneous-24.jpg
10,E:\MedicalData\kagglechallenge\Dermnet\train/Lupus and other Connective Tissue diseases/lupus-chronic-cutaneous-25.jpg
10,E:\MedicalData\kagglechallenge\Dermnet\train/Lupus and other Connective Tissue diseases/lupus-chronic-cutaneous-26.jpg
10,E:\MedicalData\kagglechallenge\Dermnet\train/Lupus and other Connective Tissue diseases/lupus-chronic-cutaneous-27.jpg
10,E:\MedicalData\kagglechallenge\Dermnet\train/Lupus and other Connective Tissue diseases/lupus-chronic-cutaneous-3.jpg
10,E:\MedicalData\kagglechallenge\Dermnet\train/Lupus and other Connective Tissue diseases/lupus-chronic-cutaneous-30.jpg
10,E:\MedicalData\kagglechallenge\Dermnet\train/Lupus and other Connective Tissue diseases/lupus-chronic-cutaneous-31.jpg
10,E:\MedicalData\kagglechallenge\Dermnet\train/Lupus and other Connective Tissue diseases/lupus-chronic-cutaneous-34.jpg
10,E:\MedicalData\kagglechallenge\Dermnet\train/Lupus and other Connective Tissue diseases/lupus-chronic-cutaneous-344.jpg
10,E:\MedicalData\kagglechallenge\Dermnet\train/Lupus and other Connective Tissue diseases/lupus-chronic-cutaneous-346.jpg
10,E:\MedicalData\kagglechallenge\Dermnet\train/Lupus and other Connective Tissue diseases/lupus-chronic-cutaneous-35.jpg
10,E:\MedicalData\kagglechallenge\Dermnet\train/Lupus and other Connective Tissue diseases/lupus-chronic-cutaneous-37.jpg
10,E:\MedicalData\kagglechallenge\Dermnet\train/Lupus and other Connective Tissue diseases/lupus-chronic-cutaneous-39.jpg
10,E:\MedicalData\kagglechallenge\Dermnet\train/Lupus and other Connective Tissue diseases/lupus-chronic-cutaneous-41.jpg
10,E:\MedicalData\kagglechallenge\Dermnet\train/Lupus and other Connective Tissue diseases/lupus-chronic-cutaneous-43.jpg
10,E:\MedicalData\kagglechallenge\Dermnet\train/Lupus and other Connective Tissue diseases/lupus-chronic-cutaneous-46.jpg
10,E:\MedicalData\kagglechallenge\Dermnet\train/Lupus and other Connective Tissue diseases/lupus-chronic-cutaneous-48.jpg
10,E:\MedicalData\kagglechallenge\Dermnet\train/Lupus and other Connective Tissue diseases/lupus-chronic-cutaneous-49.jpg
10,E:\MedicalData\kagglechallenge\Dermnet\train/Lupus and other Connective Tissue diseases/lupus-chronic-cutaneous-52.jpg
10,E:\MedicalData\kagglechallenge\Dermnet\train/Lupus and other Connective Tissue diseases/lupus-chronic-cutaneous-54.jpg
10,E:\MedicalData\kagglechallenge\Dermnet\train/Lupus and other Connective Tissue diseases/lupus-chronic-cutaneous-55.jpg
10,E:\MedicalData\kagglechallenge\Dermnet\train/Lupus and other Connective Tissue diseases/lupus-chronic-cutaneous-56.jpg
10,E:\MedicalData\kagglechallenge\Dermnet\train/Lupus and other Connective Tissue diseases/lupus-chronic-cutaneous-57.jpg
10,E:\MedicalData\kagglechallenge\Dermnet\train/Lupus and other Connective Tissue diseases/lupus-chronic-cutaneous-58.jpg
10,E:\MedicalData\kagglechallenge\Dermnet\train/Lupus and other Connective Tissue diseases/lupus-chronic-cutaneous-59.jpg
10,E:\MedicalData\kagglechallenge\Dermnet\train/Lupus and other Connective Tissue diseases/lupus-chronic-cutaneous-6.jpg
10,E:\MedicalData\kagglechallenge\Dermnet\train/Lupus and other Connective Tissue diseases/lupus-chronic-cutaneous-60.jpg
10,E:\MedicalData\kagglechallenge\Dermnet\train/Lupus and other Connective Tissue diseases/lupus-chronic-cutaneous-61.jpg
10,E:\MedicalData\kagglechallenge\Dermnet\train/Lupus and other Connective Tissue diseases/lupus-chronic-cutaneous-62.jpg
10,E:\MedicalData\kagglechallenge\Dermnet\train/Lupus and other Connective Tissue diseases/lupus-chronic-cutaneous-63.jpg
10,E:\MedicalData\kagglechallenge\Dermnet\train/Lupus and other Connective Tissue diseases/lupus-chronic-cutaneous-65.jpg
10,E:\MedicalData\kagglechallenge\Dermnet\train/Lupus and other Connective Tissue diseases/lupus-chronic-cutaneous-68.jpg
10,E:\MedicalData\kagglechallenge\Dermnet\train/Lupus and other Connective Tissue diseases/lupus-chronic-cutaneous-69.jpg
10,E:\MedicalData\kagglechallenge\Dermnet\train/Lupus and other Connective Tissue diseases/lupus-chronic-cutaneous-7.jpg
10,E:\MedicalData\kagglechallenge\Dermnet\train/Lupus and other Connective Tissue diseases/lupus-chronic-cutaneous-71.jpg
10,E:\MedicalData\kagglechallenge\Dermnet\train/Lupus and other Connective Tissue diseases/lupus-chronic-cutaneous-72.jpg
10,E:\MedicalData\kagglechallenge\Dermnet\train/Lupus and other Connective Tissue diseases/lupus-chronic-cutaneous-73.jpg
10,E:\MedicalData\kagglechallenge\Dermnet\train/Lupus and other Connective Tissue diseases/lupus-chronic-cutaneous-74.jpg
10,E:\MedicalData\kagglechallenge\Dermnet\train/Lupus and other Connective Tissue diseases/lupus-chronic-cutaneous-75.jpg
10,E:\MedicalData\kagglechallenge\Dermnet\train/Lupus and other Connective Tissue diseases/lupus-chronic-cutaneous-76.jpg
10,E:\MedicalData\kagglechallenge\Dermnet\train/Lupus and other Connective Tissue diseases/lupus-chronic-cutaneous-77.jpg
10,E:\MedicalData\kagglechallenge\Dermnet\train/Lupus and other Connective Tissue diseases/lupus-chronic-cutaneous-79.jpg
10,E:\MedicalData\kagglechallenge\Dermnet\train/Lupus and other Connective Tissue diseases/lupus-chronic-cutaneous-80.jpg
10,E:\MedicalData\kagglechallenge\Dermnet\train/Lupus and other Connective Tissue diseases/lupus-chronic-cutaneous-82.jpg
10,E:\MedicalData\kagglechallenge\Dermnet\train/Lupus and other Connective Tissue diseases/lupus-chronic-cutaneous-84.jpg
10,E:\MedicalData\kagglechallenge\Dermnet\train/Lupus and other Connective Tissue diseases/lupus-chronic-cutaneous-86.jpg
10,E:\MedicalData\kagglechallenge\Dermnet\train/Lupus and other Connective Tissue diseases/lupus-chronic-cutaneous-87.jpg
10,E:\MedicalData\kagglechallenge\Dermnet\train/Lupus and other Connective Tissue diseases/lupus-chronic-cutaneous-9.jpg
10,E:\MedicalData\kagglechallenge\Dermnet\train/Lupus and other Connective Tissue diseases/lupus-chronic-cutaneous-92.jpg
10,E:\MedicalData\kagglechallenge\Dermnet\train/Lupus and other Connective Tissue diseases/lupus-chronic-cutaneous-94.jpg
10,E:\MedicalData\kagglechallenge\Dermnet\train/Lupus and other Connective Tissue diseases/lupus-chronic-cutaneous-96.jpg
10,E:\MedicalData\kagglechallenge\Dermnet\train/Lupus and other Connective Tissue diseases/lupus-chronic-cutaneous-99.jpg
10,E:\MedicalData\kagglechallenge\Dermnet\train/Lupus and other Connective Tissue diseases/lupus-neonatal-1.jpg
10,E:\MedicalData\kagglechallenge\Dermnet\train/Lupus and other Connective Tissue diseases/lupus-neonatal-2.jpg
10,E:\MedicalData\kagglechallenge\Dermnet\train/Lupus and other Connective Tissue diseases/lupus-subacute-12.jpg
10,E:\MedicalData\kagglechallenge\Dermnet\train/Lupus and other Connective Tissue diseases/lupus-subacute-14.jpg
10,E:\MedicalData\kagglechallenge\Dermnet\train/Lupus and other Connective Tissue diseases/lupus-subacute-15.jpg
10,E:\MedicalData\kagglechallenge\Dermnet\train/Lupus and other Connective Tissue diseases/lupus-subacute-3.jpg
10,E:\MedicalData\kagglechallenge\Dermnet\train/Lupus and other Connective Tissue diseases/lupus-subacute-4.jpg
10,E:\MedicalData\kagglechallenge\Dermnet\train/Lupus and other Connective Tissue diseases/lupus-subacute-5.jpg
10,E:\MedicalData\kagglechallenge\Dermnet\train/Lupus and other Connective Tissue diseases/macular-atrophy-3.jpg
10,E:\MedicalData\kagglechallenge\Dermnet\train/Lupus and other Connective Tissue diseases/macular-atrophy-4.jpg
10,E:\MedicalData\kagglechallenge\Dermnet\train/Lupus and other Connective Tissue diseases/macular-atrophy-6.jpg
10,E:\MedicalData\kagglechallenge\Dermnet\train/Lupus and other Connective Tissue diseases/macular-atrophy-7.jpg
10,E:\MedicalData\kagglechallenge\Dermnet\train/Lupus and other Connective Tissue diseases/mixed-connective-tissue-disease-3.jpg
10,E:\MedicalData\kagglechallenge\Dermnet\train/Lupus and other Connective Tissue diseases/morphea-101.jpg
10,E:\MedicalData\kagglechallenge\Dermnet\train/Lupus and other Connective Tissue diseases/morphea-102.jpg
10,E:\MedicalData\kagglechallenge\Dermnet\train/Lupus and other Connective Tissue diseases/morphea-103.jpg
10,E:\MedicalData\kagglechallenge\Dermnet\train/Lupus and other Connective Tissue diseases/morphea-104.jpg
10,E:\MedicalData\kagglechallenge\Dermnet\train/Lupus and other Connective Tissue diseases/morphea-105.jpg
10,E:\MedicalData\kagglechallenge\Dermnet\train/Lupus and other Connective Tissue diseases/morphea-107.jpg
10,E:\MedicalData\kagglechallenge\Dermnet\train/Lupus and other Connective Tissue diseases/morphea-109.jpg
10,E:\MedicalData\kagglechallenge\Dermnet\train/Lupus and other Connective Tissue diseases/morphea-111.jpg
10,E:\MedicalData\kagglechallenge\Dermnet\train/Lupus and other Connective Tissue diseases/morphea-112.jpg
10,E:\MedicalData\kagglechallenge\Dermnet\train/Lupus and other Connective Tissue diseases/morphea-113.jpg
10,E:\MedicalData\kagglechallenge\Dermnet\train/Lupus and other Connective Tissue diseases/morphea-13.jpg
10,E:\MedicalData\kagglechallenge\Dermnet\train/Lupus and other Connective Tissue diseases/morphea-15.jpg
10,E:\MedicalData\kagglechallenge\Dermnet\train/Lupus and other Connective Tissue diseases/morphea-16.jpg
10,E:\MedicalData\kagglechallenge\Dermnet\train/Lupus and other Connective Tissue diseases/morphea-17.jpg
10,E:\MedicalData\kagglechallenge\Dermnet\train/Lupus and other Connective Tissue diseases/morphea-18.jpg
10,E:\MedicalData\kagglechallenge\Dermnet\train/Lupus and other Connective Tissue diseases/morphea-2.jpg
10,E:\MedicalData\kagglechallenge\Dermnet\train/Lupus and other Connective Tissue diseases/morphea-20.jpg
10,E:\MedicalData\kagglechallenge\Dermnet\train/Lupus and other Connective Tissue diseases/morphea-21.jpg
10,E:\MedicalData\kagglechallenge\Dermnet\train/Lupus and other Connective Tissue diseases/morphea-27.jpg
10,E:\MedicalData\kagglechallenge\Dermnet\train/Lupus and other Connective Tissue diseases/morphea-3.jpg
10,E:\MedicalData\kagglechallenge\Dermnet\train/Lupus and other Connective Tissue diseases/morphea-30.jpg
10,E:\MedicalData\kagglechallenge\Dermnet\train/Lupus and other Connective Tissue diseases/morphea-34.jpg
10,E:\MedicalData\kagglechallenge\Dermnet\train/Lupus and other Connective Tissue diseases/morphea-35.jpg
10,E:\MedicalData\kagglechallenge\Dermnet\train/Lupus and other Connective Tissue diseases/morphea-36.jpg
10,E:\MedicalData\kagglechallenge\Dermnet\train/Lupus and other Connective Tissue diseases/morphea-39.jpg
10,E:\MedicalData\kagglechallenge\Dermnet\train/Lupus and other Connective Tissue diseases/morphea-41.jpg
10,E:\MedicalData\kagglechallenge\Dermnet\train/Lupus and other Connective Tissue diseases/morphea-43.jpg
10,E:\MedicalData\kagglechallenge\Dermnet\train/Lupus and other Connective Tissue diseases/morphea-44.jpg
10,E:\MedicalData\kagglechallenge\Dermnet\train/Lupus and other Connective Tissue diseases/morphea-46.jpg
10,E:\MedicalData\kagglechallenge\Dermnet\train/Lupus and other Connective Tissue diseases/morphea-47.jpg
10,E:\MedicalData\kagglechallenge\Dermnet\train/Lupus and other Connective Tissue diseases/morphea-49.jpg
10,E:\MedicalData\kagglechallenge\Dermnet\train/Lupus and other Connective Tissue diseases/morphea-50.jpg
10,E:\MedicalData\kagglechallenge\Dermnet\train/Lupus and other Connective Tissue diseases/morphea-52.jpg
10,E:\MedicalData\kagglechallenge\Dermnet\train/Lupus and other Connective Tissue diseases/morphea-53.jpg
10,E:\MedicalData\kagglechallenge\Dermnet\train/Lupus and other Connective Tissue diseases/morphea-54.jpg
10,E:\MedicalData\kagglechallenge\Dermnet\train/Lupus and other Connective Tissue diseases/morphea-59.jpg
10,E:\MedicalData\kagglechallenge\Dermnet\train/Lupus and other Connective Tissue diseases/morphea-6.jpg
10,E:\MedicalData\kagglechallenge\Dermnet\train/Lupus and other Connective Tissue diseases/morphea-65.jpg
10,E:\MedicalData\kagglechallenge\Dermnet\train/Lupus and other Connective Tissue diseases/morphea-66.jpg
10,E:\MedicalData\kagglechallenge\Dermnet\train/Lupus and other Connective Tissue diseases/morphea-67.jpg
10,E:\MedicalData\kagglechallenge\Dermnet\train/Lupus and other Connective Tissue diseases/morphea-70.jpg
10,E:\MedicalData\kagglechallenge\Dermnet\train/Lupus and other Connective Tissue diseases/morphea-72.jpg
10,E:\MedicalData\kagglechallenge\Dermnet\train/Lupus and other Connective Tissue diseases/morphea-73.jpg
10,E:\MedicalData\kagglechallenge\Dermnet\train/Lupus and other Connective Tissue diseases/morphea-74.jpg
10,E:\MedicalData\kagglechallenge\Dermnet\train/Lupus and other Connective Tissue diseases/morphea-75.jpg
10,E:\MedicalData\kagglechallenge\Dermnet\train/Lupus and other Connective Tissue diseases/morphea-76.jpg
10,E:\MedicalData\kagglechallenge\Dermnet\train/Lupus and other Connective Tissue diseases/morphea-77.jpg
10,E:\MedicalData\kagglechallenge\Dermnet\train/Lupus and other Connective Tissue diseases/morphea-78.jpg
10,E:\MedicalData\kagglechallenge\Dermnet\train/Lupus and other Connective Tissue diseases/morphea-8.jpg
10,E:\MedicalData\kagglechallenge\Dermnet\train/Lupus and other Connective Tissue diseases/morphea-81.jpg
10,E:\MedicalData\kagglechallenge\Dermnet\train/Lupus and other Connective Tissue diseases/morphea-82.jpg
10,E:\MedicalData\kagglechallenge\Dermnet\train/Lupus and other Connective Tissue diseases/morphea-83.jpg
10,E:\MedicalData\kagglechallenge\Dermnet\train/Lupus and other Connective Tissue diseases/morphea-85.jpg
10,E:\MedicalData\kagglechallenge\Dermnet\train/Lupus and other Connective Tissue diseases/morphea-86.jpg
10,E:\MedicalData\kagglechallenge\Dermnet\train/Lupus and other Connective Tissue diseases/morphea-87.jpg
10,E:\MedicalData\kagglechallenge\Dermnet\train/Lupus and other Connective Tissue diseases/morphea-89.jpg
10,E:\MedicalData\kagglechallenge\Dermnet\train/Lupus and other Connective Tissue diseases/morphea-9.jpg
10,E:\MedicalData\kagglechallenge\Dermnet\train/Lupus and other Connective Tissue diseases/morphea-91.jpg
10,E:\MedicalData\kagglechallenge\Dermnet\train/Lupus and other Connective Tissue diseases/morphea-93.jpg
10,E:\MedicalData\kagglechallenge\Dermnet\train/Lupus and other Connective Tissue diseases/morphea-95.jpg
10,E:\MedicalData\kagglechallenge\Dermnet\train/Lupus and other Connective Tissue diseases/morphea-98.jpg
10,E:\MedicalData\kagglechallenge\Dermnet\train/Lupus and other Connective Tissue diseases/morphea-99.jpg
10,E:\MedicalData\kagglechallenge\Dermnet\train/Lupus and other Connective Tissue diseases/mucinosis-2.jpg
10,E:\MedicalData\kagglechallenge\Dermnet\train/Lupus and other Connective Tissue diseases/mucinosis-5.jpg
10,E:\MedicalData\kagglechallenge\Dermnet\train/Lupus and other Connective Tissue diseases/raynaud-disease-2.jpg
10,E:\MedicalData\kagglechallenge\Dermnet\train/Lupus and other Connective Tissue diseases/raynaud-disease-4.jpg
10,E:\MedicalData\kagglechallenge\Dermnet\train/Lupus and other Connective Tissue diseases/raynaud-disease-5.jpg
10,E:\MedicalData\kagglechallenge\Dermnet\train/Lupus and other Connective Tissue diseases/raynaud-disease-6.jpg
10,E:\MedicalData\kagglechallenge\Dermnet\train/Lupus and other Connective Tissue diseases/reflex-sympathetic-dystrophy-1.jpg
10,E:\MedicalData\kagglechallenge\Dermnet\train/Lupus and other Connective Tissue diseases/rheumatoid-nodule-1.jpg
10,E:\MedicalData\kagglechallenge\Dermnet\train/Lupus and other Connective Tissue diseases/rheumatoid-nodule-2.jpg
10,E:\MedicalData\kagglechallenge\Dermnet\train/Lupus and other Connective Tissue diseases/rheumatoid-nodule-4.jpg
10,E:\MedicalData\kagglechallenge\Dermnet\train/Lupus and other Connective Tissue diseases/rheumatoid-nodule-5.jpg
10,E:\MedicalData\kagglechallenge\Dermnet\train/Lupus and other Connective Tissue diseases/rheumatoid-nodule-6.jpg
10,E:\MedicalData\kagglechallenge\Dermnet\train/Lupus and other Connective Tissue diseases/rheumatoid-nodule-7.jpg
10,E:\MedicalData\kagglechallenge\Dermnet\train/Lupus and other Connective Tissue diseases/scleroderma-1.jpg
10,E:\MedicalData\kagglechallenge\Dermnet\train/Lupus and other Connective Tissue diseases/scleroderma-10.jpg
10,E:\MedicalData\kagglechallenge\Dermnet\train/Lupus and other Connective Tissue diseases/scleroderma-12.jpg
10,E:\MedicalData\kagglechallenge\Dermnet\train/Lupus and other Connective Tissue diseases/scleroderma-13.jpg
10,E:\MedicalData\kagglechallenge\Dermnet\train/Lupus and other Connective Tissue diseases/scleroderma-16.jpg
10,E:\MedicalData\kagglechallenge\Dermnet\train/Lupus and other Connective Tissue diseases/scleroderma-18.jpg
10,E:\MedicalData\kagglechallenge\Dermnet\train/Lupus and other Connective Tissue diseases/scleroderma-2.jpg
10,E:\MedicalData\kagglechallenge\Dermnet\train/Lupus and other Connective Tissue diseases/scleroderma-20.jpg
10,E:\MedicalData\kagglechallenge\Dermnet\train/Lupus and other Connective Tissue diseases/scleroderma-21.jpg
10,E:\MedicalData\kagglechallenge\Dermnet\train/Lupus and other Connective Tissue diseases/scleroderma-23.jpg
10,E:\MedicalData\kagglechallenge\Dermnet\train/Lupus and other Connective Tissue diseases/scleroderma-25.jpg
10,E:\MedicalData\kagglechallenge\Dermnet\train/Lupus and other Connective Tissue diseases/scleroderma-26.jpg
10,E:\MedicalData\kagglechallenge\Dermnet\train/Lupus and other Connective Tissue diseases/scleroderma-29.jpg
10,E:\MedicalData\kagglechallenge\Dermnet\train/Lupus and other Connective Tissue diseases/scleroderma-3.jpg
10,E:\MedicalData\kagglechallenge\Dermnet\train/Lupus and other Connective Tissue diseases/scleroderma-31.jpg
10,E:\MedicalData\kagglechallenge\Dermnet\train/Lupus and other Connective Tissue diseases/scleroderma-32.jpg
10,E:\MedicalData\kagglechallenge\Dermnet\train/Lupus and other Connective Tissue diseases/scleroderma-33.jpg
10,E:\MedicalData\kagglechallenge\Dermnet\train/Lupus and other Connective Tissue diseases/scleroderma-34.jpg
10,E:\MedicalData\kagglechallenge\Dermnet\train/Lupus and other Connective Tissue diseases/scleroderma-35.jpg
10,E:\MedicalData\kagglechallenge\Dermnet\train/Lupus and other Connective Tissue diseases/scleroderma-36.jpg
10,E:\MedicalData\kagglechallenge\Dermnet\train/Lupus and other Connective Tissue diseases/scleroderma-37.jpg
10,E:\MedicalData\kagglechallenge\Dermnet\train/Lupus and other Connective Tissue diseases/scleroderma-38.jpg
10,E:\MedicalData\kagglechallenge\Dermnet\train/Lupus and other Connective Tissue diseases/scleroderma-39.jpg
10,E:\MedicalData\kagglechallenge\Dermnet\train/Lupus and other Connective Tissue diseases/scleroderma-4.jpg
10,E:\MedicalData\kagglechallenge\Dermnet\train/Lupus and other Connective Tissue diseases/scleroderma-42.jpg
10,E:\MedicalData\kagglechallenge\Dermnet\train/Lupus and other Connective Tissue diseases/scleroderma-43.jpg
10,E:\MedicalData\kagglechallenge\Dermnet\train/Lupus and other Connective Tissue diseases/scleroderma-44.jpg
10,E:\MedicalData\kagglechallenge\Dermnet\train/Lupus and other Connective Tissue diseases/scleroderma-6.jpg
10,E:\MedicalData\kagglechallenge\Dermnet\train/Lupus and other Connective Tissue diseases/scleroderma-7.jpg
10,E:\MedicalData\kagglechallenge\Dermnet\train/Lupus and other Connective Tissue diseases/scleroderma-9.jpg
10,E:\MedicalData\kagglechallenge\Dermnet\train/Lupus and other Connective Tissue diseases/temporal-arteritis-1.jpg
11,E:\MedicalData\kagglechallenge\Dermnet\train/Melanoma Skin Cancer Nevi and Moles/atypical-nevi-11.jpg
11,E:\MedicalData\kagglechallenge\Dermnet\train/Melanoma Skin Cancer Nevi and Moles/atypical-nevi-13.jpg
11,E:\MedicalData\kagglechallenge\Dermnet\train/Melanoma Skin Cancer Nevi and Moles/atypical-nevi-14.jpg
11,E:\MedicalData\kagglechallenge\Dermnet\train/Melanoma Skin Cancer Nevi and Moles/atypical-nevi-16.jpg
11,E:\MedicalData\kagglechallenge\Dermnet\train/Melanoma Skin Cancer Nevi and Moles/atypical-nevi-17.jpg
11,E:\MedicalData\kagglechallenge\Dermnet\train/Melanoma Skin Cancer Nevi and Moles/atypical-nevi-21.jpg
11,E:\MedicalData\kagglechallenge\Dermnet\train/Melanoma Skin Cancer Nevi and Moles/atypical-nevi-24.jpg
11,E:\MedicalData\kagglechallenge\Dermnet\train/Melanoma Skin Cancer Nevi and Moles/atypical-nevi-26.jpg
11,E:\MedicalData\kagglechallenge\Dermnet\train/Melanoma Skin Cancer Nevi and Moles/atypical-nevi-27.jpg
11,E:\MedicalData\kagglechallenge\Dermnet\train/Melanoma Skin Cancer Nevi and Moles/atypical-nevi-28.jpg
11,E:\MedicalData\kagglechallenge\Dermnet\train/Melanoma Skin Cancer Nevi and Moles/atypical-nevi-29.jpg
11,E:\MedicalData\kagglechallenge\Dermnet\train/Melanoma Skin Cancer Nevi and Moles/atypical-nevi-30.jpg
11,E:\MedicalData\kagglechallenge\Dermnet\train/Melanoma Skin Cancer Nevi and Moles/atypical-nevi-31.jpg
11,E:\MedicalData\kagglechallenge\Dermnet\train/Melanoma Skin Cancer Nevi and Moles/atypical-nevi-32.jpg
11,E:\MedicalData\kagglechallenge\Dermnet\train/Melanoma Skin Cancer Nevi and Moles/atypical-nevi-37.jpg
11,E:\MedicalData\kagglechallenge\Dermnet\train/Melanoma Skin Cancer Nevi and Moles/atypical-nevi-38.jpg
11,E:\MedicalData\kagglechallenge\Dermnet\train/Melanoma Skin Cancer Nevi and Moles/atypical-nevi-39.jpg
11,E:\MedicalData\kagglechallenge\Dermnet\train/Melanoma Skin Cancer Nevi and Moles/atypical-nevi-40.jpg
11,E:\MedicalData\kagglechallenge\Dermnet\train/Melanoma Skin Cancer Nevi and Moles/atypical-nevi-41.jpg
11,E:\MedicalData\kagglechallenge\Dermnet\train/Melanoma Skin Cancer Nevi and Moles/atypical-nevi-42.jpg
11,E:\MedicalData\kagglechallenge\Dermnet\train/Melanoma Skin Cancer Nevi and Moles/atypical-nevi-43.jpg
11,E:\MedicalData\kagglechallenge\Dermnet\train/Melanoma Skin Cancer Nevi and Moles/atypical-nevi-44.jpg
11,E:\MedicalData\kagglechallenge\Dermnet\train/Melanoma Skin Cancer Nevi and Moles/atypical-nevi-45.jpg
11,E:\MedicalData\kagglechallenge\Dermnet\train/Melanoma Skin Cancer Nevi and Moles/atypical-nevi-46.jpg
11,E:\MedicalData\kagglechallenge\Dermnet\train/Melanoma Skin Cancer Nevi and Moles/atypical-nevi-50.jpg
11,E:\MedicalData\kagglechallenge\Dermnet\train/Melanoma Skin Cancer Nevi and Moles/atypical-nevi-51.jpg
11,E:\MedicalData\kagglechallenge\Dermnet\train/Melanoma Skin Cancer Nevi and Moles/atypical-nevi-53.jpg
11,E:\MedicalData\kagglechallenge\Dermnet\train/Melanoma Skin Cancer Nevi and Moles/atypical-nevi-54.jpg
11,E:\MedicalData\kagglechallenge\Dermnet\train/Melanoma Skin Cancer Nevi and Moles/atypical-nevi-8.jpg
11,E:\MedicalData\kagglechallenge\Dermnet\train/Melanoma Skin Cancer Nevi and Moles/atypical-nevi-9.jpg
11,E:\MedicalData\kagglechallenge\Dermnet\train/Melanoma Skin Cancer Nevi and Moles/atypical-nevi-dermoscopy-1.jpg
11,E:\MedicalData\kagglechallenge\Dermnet\train/Melanoma Skin Cancer Nevi and Moles/atypical-nevi-dermoscopy-100.jpg
11,E:\MedicalData\kagglechallenge\Dermnet\train/Melanoma Skin Cancer Nevi and Moles/atypical-nevi-dermoscopy-102.jpg
11,E:\MedicalData\kagglechallenge\Dermnet\train/Melanoma Skin Cancer Nevi and Moles/atypical-nevi-dermoscopy-104.jpg
11,E:\MedicalData\kagglechallenge\Dermnet\train/Melanoma Skin Cancer Nevi and Moles/atypical-nevi-dermoscopy-105.jpg
11,E:\MedicalData\kagglechallenge\Dermnet\train/Melanoma Skin Cancer Nevi and Moles/atypical-nevi-dermoscopy-107.jpg
11,E:\MedicalData\kagglechallenge\Dermnet\train/Melanoma Skin Cancer Nevi and Moles/atypical-nevi-dermoscopy-110.jpg
11,E:\MedicalData\kagglechallenge\Dermnet\train/Melanoma Skin Cancer Nevi and Moles/atypical-nevi-dermoscopy-111.jpg
11,E:\MedicalData\kagglechallenge\Dermnet\train/Melanoma Skin Cancer Nevi and Moles/atypical-nevi-dermoscopy-112.jpg
11,E:\MedicalData\kagglechallenge\Dermnet\train/Melanoma Skin Cancer Nevi and Moles/atypical-nevi-dermoscopy-113.jpg
11,E:\MedicalData\kagglechallenge\Dermnet\train/Melanoma Skin Cancer Nevi and Moles/atypical-nevi-dermoscopy-114.jpg
11,E:\MedicalData\kagglechallenge\Dermnet\train/Melanoma Skin Cancer Nevi and Moles/atypical-nevi-dermoscopy-115.jpg
11,E:\MedicalData\kagglechallenge\Dermnet\train/Melanoma Skin Cancer Nevi and Moles/atypical-nevi-dermoscopy-116.jpg
11,E:\MedicalData\kagglechallenge\Dermnet\train/Melanoma Skin Cancer Nevi and Moles/atypical-nevi-dermoscopy-2.jpg
11,E:\MedicalData\kagglechallenge\Dermnet\train/Melanoma Skin Cancer Nevi and Moles/atypical-nevi-dermoscopy-3.jpg
11,E:\MedicalData\kagglechallenge\Dermnet\train/Melanoma Skin Cancer Nevi and Moles/atypical-nevi-dermoscopy-61.jpg
11,E:\MedicalData\kagglechallenge\Dermnet\train/Melanoma Skin Cancer Nevi and Moles/atypical-nevi-dermoscopy-62.jpg
11,E:\MedicalData\kagglechallenge\Dermnet\train/Melanoma Skin Cancer Nevi and Moles/atypical-nevi-dermoscopy-63.jpg
11,E:\MedicalData\kagglechallenge\Dermnet\train/Melanoma Skin Cancer Nevi and Moles/atypical-nevi-dermoscopy-64.jpg
11,E:\MedicalData\kagglechallenge\Dermnet\train/Melanoma Skin Cancer Nevi and Moles/atypical-nevi-dermoscopy-65.jpg
11,E:\MedicalData\kagglechallenge\Dermnet\train/Melanoma Skin Cancer Nevi and Moles/atypical-nevi-dermoscopy-66.jpg
11,E:\MedicalData\kagglechallenge\Dermnet\train/Melanoma Skin Cancer Nevi and Moles/atypical-nevi-dermoscopy-67.jpg
11,E:\MedicalData\kagglechallenge\Dermnet\train/Melanoma Skin Cancer Nevi and Moles/atypical-nevi-dermoscopy-70.jpg
11,E:\MedicalData\kagglechallenge\Dermnet\train/Melanoma Skin Cancer Nevi and Moles/atypical-nevi-dermoscopy-71.jpg
11,E:\MedicalData\kagglechallenge\Dermnet\train/Melanoma Skin Cancer Nevi and Moles/atypical-nevi-dermoscopy-72.jpg
11,E:\MedicalData\kagglechallenge\Dermnet\train/Melanoma Skin Cancer Nevi and Moles/atypical-nevi-dermoscopy-74.jpg
11,E:\MedicalData\kagglechallenge\Dermnet\train/Melanoma Skin Cancer Nevi and Moles/atypical-nevi-dermoscopy-75.jpg
11,E:\MedicalData\kagglechallenge\Dermnet\train/Melanoma Skin Cancer Nevi and Moles/atypical-nevi-dermoscopy-76.jpg
11,E:\MedicalData\kagglechallenge\Dermnet\train/Melanoma Skin Cancer Nevi and Moles/atypical-nevi-dermoscopy-79.jpg
11,E:\MedicalData\kagglechallenge\Dermnet\train/Melanoma Skin Cancer Nevi and Moles/atypical-nevi-dermoscopy-80.jpg
11,E:\MedicalData\kagglechallenge\Dermnet\train/Melanoma Skin Cancer Nevi and Moles/atypical-nevi-dermoscopy-83.jpg
11,E:\MedicalData\kagglechallenge\Dermnet\train/Melanoma Skin Cancer Nevi and Moles/atypical-nevi-dermoscopy-86.jpg
11,E:\MedicalData\kagglechallenge\Dermnet\train/Melanoma Skin Cancer Nevi and Moles/atypical-nevi-dermoscopy-87.jpg
11,E:\MedicalData\kagglechallenge\Dermnet\train/Melanoma Skin Cancer Nevi and Moles/atypical-nevi-dermoscopy-92.jpg
11,E:\MedicalData\kagglechallenge\Dermnet\train/Melanoma Skin Cancer Nevi and Moles/atypical-nevi-dermoscopy-94.jpg
11,E:\MedicalData\kagglechallenge\Dermnet\train/Melanoma Skin Cancer Nevi and Moles/atypical-nevi-dermoscopy-96.jpg
11,E:\MedicalData\kagglechallenge\Dermnet\train/Melanoma Skin Cancer Nevi and Moles/atypical-nevi-dermoscopy-98.jpg
11,E:\MedicalData\kagglechallenge\Dermnet\train/Melanoma Skin Cancer Nevi and Moles/atypical-nevi-trunk-10.jpg
11,E:\MedicalData\kagglechallenge\Dermnet\train/Melanoma Skin Cancer Nevi and Moles/atypical-nevi-trunk-11.jpg
11,E:\MedicalData\kagglechallenge\Dermnet\train/Melanoma Skin Cancer Nevi and Moles/atypical-nevi-trunk-12.jpg
11,E:\MedicalData\kagglechallenge\Dermnet\train/Melanoma Skin Cancer Nevi and Moles/atypical-nevi-trunk-13.jpg
11,E:\MedicalData\kagglechallenge\Dermnet\train/Melanoma Skin Cancer Nevi and Moles/atypical-nevi-trunk-14.jpg
11,E:\MedicalData\kagglechallenge\Dermnet\train/Melanoma Skin Cancer Nevi and Moles/atypical-nevi-trunk-15.jpg
11,E:\MedicalData\kagglechallenge\Dermnet\train/Melanoma Skin Cancer Nevi and Moles/atypical-nevi-trunk-16.jpg
11,E:\MedicalData\kagglechallenge\Dermnet\train/Melanoma Skin Cancer Nevi and Moles/atypical-nevi-trunk-19.jpg
11,E:\MedicalData\kagglechallenge\Dermnet\train/Melanoma Skin Cancer Nevi and Moles/atypical-nevi-trunk-3.jpg
11,E:\MedicalData\kagglechallenge\Dermnet\train/Melanoma Skin Cancer Nevi and Moles/atypical-nevi-trunk-4.jpg
11,E:\MedicalData\kagglechallenge\Dermnet\train/Melanoma Skin Cancer Nevi and Moles/atypical-nevi-trunk-5.jpg
11,E:\MedicalData\kagglechallenge\Dermnet\train/Melanoma Skin Cancer Nevi and Moles/atypical-nevi-trunk-6.jpg
11,E:\MedicalData\kagglechallenge\Dermnet\train/Melanoma Skin Cancer Nevi and Moles/becker-nevus-1.jpg
11,E:\MedicalData\kagglechallenge\Dermnet\train/Melanoma Skin Cancer Nevi and Moles/becker-nevus-10.jpg
11,E:\MedicalData\kagglechallenge\Dermnet\train/Melanoma Skin Cancer Nevi and Moles/becker-nevus-11.jpg
11,E:\MedicalData\kagglechallenge\Dermnet\train/Melanoma Skin Cancer Nevi and Moles/becker-nevus-13.jpg
11,E:\MedicalData\kagglechallenge\Dermnet\train/Melanoma Skin Cancer Nevi and Moles/becker-nevus-15.jpg
11,E:\MedicalData\kagglechallenge\Dermnet\train/Melanoma Skin Cancer Nevi and Moles/becker-nevus-16.jpg
11,E:\MedicalData\kagglechallenge\Dermnet\train/Melanoma Skin Cancer Nevi and Moles/becker-nevus-17.jpg
11,E:\MedicalData\kagglechallenge\Dermnet\train/Melanoma Skin Cancer Nevi and Moles/becker-nevus-18.jpg
11,E:\MedicalData\kagglechallenge\Dermnet\train/Melanoma Skin Cancer Nevi and Moles/becker-nevus-2.jpg
11,E:\MedicalData\kagglechallenge\Dermnet\train/Melanoma Skin Cancer Nevi and Moles/becker-nevus-23.jpg
11,E:\MedicalData\kagglechallenge\Dermnet\train/Melanoma Skin Cancer Nevi and Moles/becker-nevus-26.jpg
11,E:\MedicalData\kagglechallenge\Dermnet\train/Melanoma Skin Cancer Nevi and Moles/becker-nevus-27.jpg
11,E:\MedicalData\kagglechallenge\Dermnet\train/Melanoma Skin Cancer Nevi and Moles/becker-nevus-28.jpg
11,E:\MedicalData\kagglechallenge\Dermnet\train/Melanoma Skin Cancer Nevi and Moles/becker-nevus-29.jpg
11,E:\MedicalData\kagglechallenge\Dermnet\train/Melanoma Skin Cancer Nevi and Moles/becker-nevus-30.jpg
11,E:\MedicalData\kagglechallenge\Dermnet\train/Melanoma Skin Cancer Nevi and Moles/becker-nevus-31.jpg
11,E:\MedicalData\kagglechallenge\Dermnet\train/Melanoma Skin Cancer Nevi and Moles/becker-nevus-33.jpg
11,E:\MedicalData\kagglechallenge\Dermnet\train/Melanoma Skin Cancer Nevi and Moles/becker-nevus-34.jpg
11,E:\MedicalData\kagglechallenge\Dermnet\train/Melanoma Skin Cancer Nevi and Moles/becker-nevus-35.jpg
11,E:\MedicalData\kagglechallenge\Dermnet\train/Melanoma Skin Cancer Nevi and Moles/becker-nevus-5.jpg
11,E:\MedicalData\kagglechallenge\Dermnet\train/Melanoma Skin Cancer Nevi and Moles/becker-nevus-6.jpg
11,E:\MedicalData\kagglechallenge\Dermnet\train/Melanoma Skin Cancer Nevi and Moles/blue-nevus-1.jpg
11,E:\MedicalData\kagglechallenge\Dermnet\train/Melanoma Skin Cancer Nevi and Moles/blue-nevus-10.jpg
11,E:\MedicalData\kagglechallenge\Dermnet\train/Melanoma Skin Cancer Nevi and Moles/blue-nevus-12.jpg
11,E:\MedicalData\kagglechallenge\Dermnet\train/Melanoma Skin Cancer Nevi and Moles/blue-nevus-13.jpg
11,E:\MedicalData\kagglechallenge\Dermnet\train/Melanoma Skin Cancer Nevi and Moles/blue-nevus-14.jpg
11,E:\MedicalData\kagglechallenge\Dermnet\train/Melanoma Skin Cancer Nevi and Moles/blue-nevus-2.jpg
11,E:\MedicalData\kagglechallenge\Dermnet\train/Melanoma Skin Cancer Nevi and Moles/blue-nevus-3.jpg
11,E:\MedicalData\kagglechallenge\Dermnet\train/Melanoma Skin Cancer Nevi and Moles/blue-nevus-4.jpg
11,E:\MedicalData\kagglechallenge\Dermnet\train/Melanoma Skin Cancer Nevi and Moles/blue-nevus-5.jpg
11,E:\MedicalData\kagglechallenge\Dermnet\train/Melanoma Skin Cancer Nevi and Moles/blue-nevus-6.jpg
11,E:\MedicalData\kagglechallenge\Dermnet\train/Melanoma Skin Cancer Nevi and Moles/blue-nevus-8.jpg
11,E:\MedicalData\kagglechallenge\Dermnet\train/Melanoma Skin Cancer Nevi and Moles/blue-nevus-9.jpg
11,E:\MedicalData\kagglechallenge\Dermnet\train/Melanoma Skin Cancer Nevi and Moles/blue-nevus-ota-10.jpg
11,E:\MedicalData\kagglechallenge\Dermnet\train/Melanoma Skin Cancer Nevi and Moles/blue-nevus-ota-2.jpg
11,E:\MedicalData\kagglechallenge\Dermnet\train/Melanoma Skin Cancer Nevi and Moles/blue-nevus-ota-3.jpg
11,E:\MedicalData\kagglechallenge\Dermnet\train/Melanoma Skin Cancer Nevi and Moles/blue-nevus-ota-5.jpg
11,E:\MedicalData\kagglechallenge\Dermnet\train/Melanoma Skin Cancer Nevi and Moles/blue-nevus-ota-6.jpg
11,E:\MedicalData\kagglechallenge\Dermnet\train/Melanoma Skin Cancer Nevi and Moles/blue-nevus-ota-7.jpg
11,E:\MedicalData\kagglechallenge\Dermnet\train/Melanoma Skin Cancer Nevi and Moles/blue-nevus-ota-8.jpg
11,E:\MedicalData\kagglechallenge\Dermnet\train/Melanoma Skin Cancer Nevi and Moles/blue-nevus-ota-9.jpg
11,E:\MedicalData\kagglechallenge\Dermnet\train/Melanoma Skin Cancer Nevi and Moles/congenital-nevus-10.jpg
11,E:\MedicalData\kagglechallenge\Dermnet\train/Melanoma Skin Cancer Nevi and Moles/congenital-nevus-12.jpg
11,E:\MedicalData\kagglechallenge\Dermnet\train/Melanoma Skin Cancer Nevi and Moles/congenital-nevus-13.jpg
11,E:\MedicalData\kagglechallenge\Dermnet\train/Melanoma Skin Cancer Nevi and Moles/congenital-nevus-14.jpg
11,E:\MedicalData\kagglechallenge\Dermnet\train/Melanoma Skin Cancer Nevi and Moles/congenital-nevus-15.jpg
11,E:\MedicalData\kagglechallenge\Dermnet\train/Melanoma Skin Cancer Nevi and Moles/congenital-nevus-16.jpg
11,E:\MedicalData\kagglechallenge\Dermnet\train/Melanoma Skin Cancer Nevi and Moles/congenital-nevus-18.jpg
11,E:\MedicalData\kagglechallenge\Dermnet\train/Melanoma Skin Cancer Nevi and Moles/congenital-nevus-2.jpg
11,E:\MedicalData\kagglechallenge\Dermnet\train/Melanoma Skin Cancer Nevi and Moles/congenital-nevus-20.jpg
11,E:\MedicalData\kagglechallenge\Dermnet\train/Melanoma Skin Cancer Nevi and Moles/congenital-nevus-22.jpg
11,E:\MedicalData\kagglechallenge\Dermnet\train/Melanoma Skin Cancer Nevi and Moles/congenital-nevus-25.jpg
11,E:\MedicalData\kagglechallenge\Dermnet\train/Melanoma Skin Cancer Nevi and Moles/congenital-nevus-26.jpg
11,E:\MedicalData\kagglechallenge\Dermnet\train/Melanoma Skin Cancer Nevi and Moles/congenital-nevus-27.jpg
11,E:\MedicalData\kagglechallenge\Dermnet\train/Melanoma Skin Cancer Nevi and Moles/congenital-nevus-28.jpg
11,E:\MedicalData\kagglechallenge\Dermnet\train/Melanoma Skin Cancer Nevi and Moles/congenital-nevus-29.jpg
11,E:\MedicalData\kagglechallenge\Dermnet\train/Melanoma Skin Cancer Nevi and Moles/congenital-nevus-3.jpg
11,E:\MedicalData\kagglechallenge\Dermnet\train/Melanoma Skin Cancer Nevi and Moles/congenital-nevus-32.jpg
11,E:\MedicalData\kagglechallenge\Dermnet\train/Melanoma Skin Cancer Nevi and Moles/congenital-nevus-33.jpg
11,E:\MedicalData\kagglechallenge\Dermnet\train/Melanoma Skin Cancer Nevi and Moles/congenital-nevus-34.jpg
11,E:\MedicalData\kagglechallenge\Dermnet\train/Melanoma Skin Cancer Nevi and Moles/congenital-nevus-36.jpg
11,E:\MedicalData\kagglechallenge\Dermnet\train/Melanoma Skin Cancer Nevi and Moles/congenital-nevus-37.jpg
11,E:\MedicalData\kagglechallenge\Dermnet\train/Melanoma Skin Cancer Nevi and Moles/congenital-nevus-38.jpg
11,E:\MedicalData\kagglechallenge\Dermnet\train/Melanoma Skin Cancer Nevi and Moles/congenital-nevus-39.jpg
11,E:\MedicalData\kagglechallenge\Dermnet\train/Melanoma Skin Cancer Nevi and Moles/congenital-nevus-4.jpg
11,E:\MedicalData\kagglechallenge\Dermnet\train/Melanoma Skin Cancer Nevi and Moles/congenital-nevus-40.jpg
11,E:\MedicalData\kagglechallenge\Dermnet\train/Melanoma Skin Cancer Nevi and Moles/congenital-nevus-41.jpg
11,E:\MedicalData\kagglechallenge\Dermnet\train/Melanoma Skin Cancer Nevi and Moles/congenital-nevus-42.jpg
11,E:\MedicalData\kagglechallenge\Dermnet\train/Melanoma Skin Cancer Nevi and Moles/congenital-nevus-43.jpg
11,E:\MedicalData\kagglechallenge\Dermnet\train/Melanoma Skin Cancer Nevi and Moles/congenital-nevus-44.jpg
11,E:\MedicalData\kagglechallenge\Dermnet\train/Melanoma Skin Cancer Nevi and Moles/congenital-nevus-45.jpg
11,E:\MedicalData\kagglechallenge\Dermnet\train/Melanoma Skin Cancer Nevi and Moles/congenital-nevus-46.jpg
11,E:\MedicalData\kagglechallenge\Dermnet\train/Melanoma Skin Cancer Nevi and Moles/congenital-nevus-47.jpg
11,E:\MedicalData\kagglechallenge\Dermnet\train/Melanoma Skin Cancer Nevi and Moles/congenital-nevus-5.jpg
11,E:\MedicalData\kagglechallenge\Dermnet\train/Melanoma Skin Cancer Nevi and Moles/congenital-nevus-50.jpg
11,E:\MedicalData\kagglechallenge\Dermnet\train/Melanoma Skin Cancer Nevi and Moles/congenital-nevus-51.jpg
11,E:\MedicalData\kagglechallenge\Dermnet\train/Melanoma Skin Cancer Nevi and Moles/congenital-nevus-52.jpg
11,E:\MedicalData\kagglechallenge\Dermnet\train/Melanoma Skin Cancer Nevi and Moles/congenital-nevus-53.jpg
11,E:\MedicalData\kagglechallenge\Dermnet\train/Melanoma Skin Cancer Nevi and Moles/congenital-nevus-54.jpg
11,E:\MedicalData\kagglechallenge\Dermnet\train/Melanoma Skin Cancer Nevi and Moles/congenital-nevus-55.jpg
11,E:\MedicalData\kagglechallenge\Dermnet\train/Melanoma Skin Cancer Nevi and Moles/congenital-nevus-6.jpg
11,E:\MedicalData\kagglechallenge\Dermnet\train/Melanoma Skin Cancer Nevi and Moles/congenital-nevus-7.jpg
11,E:\MedicalData\kagglechallenge\Dermnet\train/Melanoma Skin Cancer Nevi and Moles/congenital-nevus-8.jpg
11,E:\MedicalData\kagglechallenge\Dermnet\train/Melanoma Skin Cancer Nevi and Moles/halo-nevus-1.jpg
11,E:\MedicalData\kagglechallenge\Dermnet\train/Melanoma Skin Cancer Nevi and Moles/halo-nevus-13.jpg
11,E:\MedicalData\kagglechallenge\Dermnet\train/Melanoma Skin Cancer Nevi and Moles/halo-nevus-14.jpg
11,E:\MedicalData\kagglechallenge\Dermnet\train/Melanoma Skin Cancer Nevi and Moles/halo-nevus-16.jpg
11,E:\MedicalData\kagglechallenge\Dermnet\train/Melanoma Skin Cancer Nevi and Moles/halo-nevus-18.jpg
11,E:\MedicalData\kagglechallenge\Dermnet\train/Melanoma Skin Cancer Nevi and Moles/halo-nevus-2.jpg
11,E:\MedicalData\kagglechallenge\Dermnet\train/Melanoma Skin Cancer Nevi and Moles/halo-nevus-20.jpg
11,E:\MedicalData\kagglechallenge\Dermnet\train/Melanoma Skin Cancer Nevi and Moles/halo-nevus-23.jpg
11,E:\MedicalData\kagglechallenge\Dermnet\train/Melanoma Skin Cancer Nevi and Moles/halo-nevus-24.jpg
11,E:\MedicalData\kagglechallenge\Dermnet\train/Melanoma Skin Cancer Nevi and Moles/halo-nevus-25.jpg
11,E:\MedicalData\kagglechallenge\Dermnet\train/Melanoma Skin Cancer Nevi and Moles/halo-nevus-28.jpg
11,E:\MedicalData\kagglechallenge\Dermnet\train/Melanoma Skin Cancer Nevi and Moles/halo-nevus-3.jpg
11,E:\MedicalData\kagglechallenge\Dermnet\train/Melanoma Skin Cancer Nevi and Moles/halo-nevus-30.jpg
11,E:\MedicalData\kagglechallenge\Dermnet\train/Melanoma Skin Cancer Nevi and Moles/halo-nevus-31.jpg
11,E:\MedicalData\kagglechallenge\Dermnet\train/Melanoma Skin Cancer Nevi and Moles/halo-nevus-33.jpg
11,E:\MedicalData\kagglechallenge\Dermnet\train/Melanoma Skin Cancer Nevi and Moles/halo-nevus-34.jpg
11,E:\MedicalData\kagglechallenge\Dermnet\train/Melanoma Skin Cancer Nevi and Moles/halo-nevus-4.jpg
11,E:\MedicalData\kagglechallenge\Dermnet\train/Melanoma Skin Cancer Nevi and Moles/halo-nevus-5.jpg
11,E:\MedicalData\kagglechallenge\Dermnet\train/Melanoma Skin Cancer Nevi and Moles/halo-nevus-6.jpg
11,E:\MedicalData\kagglechallenge\Dermnet\train/Melanoma Skin Cancer Nevi and Moles/halo-nevus-7.jpg
11,E:\MedicalData\kagglechallenge\Dermnet\train/Melanoma Skin Cancer Nevi and Moles/halo-nevus-8.jpg
11,E:\MedicalData\kagglechallenge\Dermnet\train/Melanoma Skin Cancer Nevi and Moles/halo-nevus-9.jpg
11,E:\MedicalData\kagglechallenge\Dermnet\train/Melanoma Skin Cancer Nevi and Moles/lentigo-maligna-10.jpg
11,E:\MedicalData\kagglechallenge\Dermnet\train/Melanoma Skin Cancer Nevi and Moles/lentigo-maligna-12.jpg
11,E:\MedicalData\kagglechallenge\Dermnet\train/Melanoma Skin Cancer Nevi and Moles/lentigo-maligna-13.jpg
11,E:\MedicalData\kagglechallenge\Dermnet\train/Melanoma Skin Cancer Nevi and Moles/lentigo-maligna-14.jpg
11,E:\MedicalData\kagglechallenge\Dermnet\train/Melanoma Skin Cancer Nevi and Moles/lentigo-maligna-15.jpg
11,E:\MedicalData\kagglechallenge\Dermnet\train/Melanoma Skin Cancer Nevi and Moles/lentigo-maligna-18.jpg
11,E:\MedicalData\kagglechallenge\Dermnet\train/Melanoma Skin Cancer Nevi and Moles/lentigo-maligna-19.jpg
11,E:\MedicalData\kagglechallenge\Dermnet\train/Melanoma Skin Cancer Nevi and Moles/lentigo-maligna-2.jpg
11,E:\MedicalData\kagglechallenge\Dermnet\train/Melanoma Skin Cancer Nevi and Moles/lentigo-maligna-20.jpg
11,E:\MedicalData\kagglechallenge\Dermnet\train/Melanoma Skin Cancer Nevi and Moles/lentigo-maligna-21.jpg
11,E:\MedicalData\kagglechallenge\Dermnet\train/Melanoma Skin Cancer Nevi and Moles/lentigo-maligna-22.jpg
11,E:\MedicalData\kagglechallenge\Dermnet\train/Melanoma Skin Cancer Nevi and Moles/lentigo-maligna-23.jpg
11,E:\MedicalData\kagglechallenge\Dermnet\train/Melanoma Skin Cancer Nevi and Moles/lentigo-maligna-24.jpg
11,E:\MedicalData\kagglechallenge\Dermnet\train/Melanoma Skin Cancer Nevi and Moles/lentigo-maligna-25.jpg
11,E:\MedicalData\kagglechallenge\Dermnet\train/Melanoma Skin Cancer Nevi and Moles/lentigo-maligna-27.jpg
11,E:\MedicalData\kagglechallenge\Dermnet\train/Melanoma Skin Cancer Nevi and Moles/lentigo-maligna-28.jpg
11,E:\MedicalData\kagglechallenge\Dermnet\train/Melanoma Skin Cancer Nevi and Moles/lentigo-maligna-29.jpg
11,E:\MedicalData\kagglechallenge\Dermnet\train/Melanoma Skin Cancer Nevi and Moles/lentigo-maligna-3.jpg
11,E:\MedicalData\kagglechallenge\Dermnet\train/Melanoma Skin Cancer Nevi and Moles/lentigo-maligna-4.jpg
11,E:\MedicalData\kagglechallenge\Dermnet\train/Melanoma Skin Cancer Nevi and Moles/lentigo-maligna-5.jpg
11,E:\MedicalData\kagglechallenge\Dermnet\train/Melanoma Skin Cancer Nevi and Moles/lentigo-maligna-8.jpg
11,E:\MedicalData\kagglechallenge\Dermnet\train/Melanoma Skin Cancer Nevi and Moles/lentigo-maligna-9.jpg
11,E:\MedicalData\kagglechallenge\Dermnet\train/Melanoma Skin Cancer Nevi and Moles/malignant-melanoma-1.jpg
11,E:\MedicalData\kagglechallenge\Dermnet\train/Melanoma Skin Cancer Nevi and Moles/malignant-melanoma-10.jpg
11,E:\MedicalData\kagglechallenge\Dermnet\train/Melanoma Skin Cancer Nevi and Moles/malignant-melanoma-101.jpg
11,E:\MedicalData\kagglechallenge\Dermnet\train/Melanoma Skin Cancer Nevi and Moles/malignant-melanoma-102.jpg
11,E:\MedicalData\kagglechallenge\Dermnet\train/Melanoma Skin Cancer Nevi and Moles/malignant-melanoma-103.jpg
11,E:\MedicalData\kagglechallenge\Dermnet\train/Melanoma Skin Cancer Nevi and Moles/malignant-melanoma-104.jpg
11,E:\MedicalData\kagglechallenge\Dermnet\train/Melanoma Skin Cancer Nevi and Moles/malignant-melanoma-105.jpg
11,E:\MedicalData\kagglechallenge\Dermnet\train/Melanoma Skin Cancer Nevi and Moles/malignant-melanoma-11.jpg
11,E:\MedicalData\kagglechallenge\Dermnet\train/Melanoma Skin Cancer Nevi and Moles/malignant-melanoma-111.jpg
11,E:\MedicalData\kagglechallenge\Dermnet\train/Melanoma Skin Cancer Nevi and Moles/malignant-melanoma-112.jpg
11,E:\MedicalData\kagglechallenge\Dermnet\train/Melanoma Skin Cancer Nevi and Moles/malignant-melanoma-113.jpg
11,E:\MedicalData\kagglechallenge\Dermnet\train/Melanoma Skin Cancer Nevi and Moles/malignant-melanoma-114.jpg
11,E:\MedicalData\kagglechallenge\Dermnet\train/Melanoma Skin Cancer Nevi and Moles/malignant-melanoma-115.jpg
11,E:\MedicalData\kagglechallenge\Dermnet\train/Melanoma Skin Cancer Nevi and Moles/malignant-melanoma-117.jpg
11,E:\MedicalData\kagglechallenge\Dermnet\train/Melanoma Skin Cancer Nevi and Moles/malignant-melanoma-119.jpg
11,E:\MedicalData\kagglechallenge\Dermnet\train/Melanoma Skin Cancer Nevi and Moles/malignant-melanoma-120.jpg
11,E:\MedicalData\kagglechallenge\Dermnet\train/Melanoma Skin Cancer Nevi and Moles/malignant-melanoma-123.jpg
11,E:\MedicalData\kagglechallenge\Dermnet\train/Melanoma Skin Cancer Nevi and Moles/malignant-melanoma-125.jpg
11,E:\MedicalData\kagglechallenge\Dermnet\train/Melanoma Skin Cancer Nevi and Moles/malignant-melanoma-126.jpg
11,E:\MedicalData\kagglechallenge\Dermnet\train/Melanoma Skin Cancer Nevi and Moles/malignant-melanoma-129.jpg
11,E:\MedicalData\kagglechallenge\Dermnet\train/Melanoma Skin Cancer Nevi and Moles/malignant-melanoma-13.jpg
11,E:\MedicalData\kagglechallenge\Dermnet\train/Melanoma Skin Cancer Nevi and Moles/malignant-melanoma-130.jpg
11,E:\MedicalData\kagglechallenge\Dermnet\train/Melanoma Skin Cancer Nevi and Moles/malignant-melanoma-131.jpg
11,E:\MedicalData\kagglechallenge\Dermnet\train/Melanoma Skin Cancer Nevi and Moles/malignant-melanoma-132.jpg
11,E:\MedicalData\kagglechallenge\Dermnet\train/Melanoma Skin Cancer Nevi and Moles/malignant-melanoma-133.jpg
11,E:\MedicalData\kagglechallenge\Dermnet\train/Melanoma Skin Cancer Nevi and Moles/malignant-melanoma-134.jpg
11,E:\MedicalData\kagglechallenge\Dermnet\train/Melanoma Skin Cancer Nevi and Moles/malignant-melanoma-135.jpg
11,E:\MedicalData\kagglechallenge\Dermnet\train/Melanoma Skin Cancer Nevi and Moles/malignant-melanoma-137.jpg
11,E:\MedicalData\kagglechallenge\Dermnet\train/Melanoma Skin Cancer Nevi and Moles/malignant-melanoma-139.jpg
11,E:\MedicalData\kagglechallenge\Dermnet\train/Melanoma Skin Cancer Nevi and Moles/malignant-melanoma-14.jpg
11,E:\MedicalData\kagglechallenge\Dermnet\train/Melanoma Skin Cancer Nevi and Moles/malignant-melanoma-143.jpg
11,E:\MedicalData\kagglechallenge\Dermnet\train/Melanoma Skin Cancer Nevi and Moles/malignant-melanoma-146.jpg
11,E:\MedicalData\kagglechallenge\Dermnet\train/Melanoma Skin Cancer Nevi and Moles/malignant-melanoma-148.jpg
11,E:\MedicalData\kagglechallenge\Dermnet\train/Melanoma Skin Cancer Nevi and Moles/malignant-melanoma-149.jpg
11,E:\MedicalData\kagglechallenge\Dermnet\train/Melanoma Skin Cancer Nevi and Moles/malignant-melanoma-15.jpg
11,E:\MedicalData\kagglechallenge\Dermnet\train/Melanoma Skin Cancer Nevi and Moles/malignant-melanoma-150.jpg
11,E:\MedicalData\kagglechallenge\Dermnet\train/Melanoma Skin Cancer Nevi and Moles/malignant-melanoma-151.jpg
11,E:\MedicalData\kagglechallenge\Dermnet\train/Melanoma Skin Cancer Nevi and Moles/malignant-melanoma-152.jpg
11,E:\MedicalData\kagglechallenge\Dermnet\train/Melanoma Skin Cancer Nevi and Moles/malignant-melanoma-153.jpg
11,E:\MedicalData\kagglechallenge\Dermnet\train/Melanoma Skin Cancer Nevi and Moles/malignant-melanoma-154.jpg
11,E:\MedicalData\kagglechallenge\Dermnet\train/Melanoma Skin Cancer Nevi and Moles/malignant-melanoma-155.jpg
11,E:\MedicalData\kagglechallenge\Dermnet\train/Melanoma Skin Cancer Nevi and Moles/malignant-melanoma-156.jpg
11,E:\MedicalData\kagglechallenge\Dermnet\train/Melanoma Skin Cancer Nevi and Moles/malignant-melanoma-157.jpg
11,E:\MedicalData\kagglechallenge\Dermnet\train/Melanoma Skin Cancer Nevi and Moles/malignant-melanoma-158.jpg
11,E:\MedicalData\kagglechallenge\Dermnet\train/Melanoma Skin Cancer Nevi and Moles/malignant-melanoma-160.jpg
11,E:\MedicalData\kagglechallenge\Dermnet\train/Melanoma Skin Cancer Nevi and Moles/malignant-melanoma-162.jpg
11,E:\MedicalData\kagglechallenge\Dermnet\train/Melanoma Skin Cancer Nevi and Moles/malignant-melanoma-163.jpg
11,E:\MedicalData\kagglechallenge\Dermnet\train/Melanoma Skin Cancer Nevi and Moles/malignant-melanoma-164.jpg
11,E:\MedicalData\kagglechallenge\Dermnet\train/Melanoma Skin Cancer Nevi and Moles/malignant-melanoma-166.jpg
11,E:\MedicalData\kagglechallenge\Dermnet\train/Melanoma Skin Cancer Nevi and Moles/malignant-melanoma-167.jpg
11,E:\MedicalData\kagglechallenge\Dermnet\train/Melanoma Skin Cancer Nevi and Moles/malignant-melanoma-169.jpg
11,E:\MedicalData\kagglechallenge\Dermnet\train/Melanoma Skin Cancer Nevi and Moles/malignant-melanoma-17.jpg
11,E:\MedicalData\kagglechallenge\Dermnet\train/Melanoma Skin Cancer Nevi and Moles/malignant-melanoma-171.jpg
11,E:\MedicalData\kagglechallenge\Dermnet\train/Melanoma Skin Cancer Nevi and Moles/malignant-melanoma-172.jpg
11,E:\MedicalData\kagglechallenge\Dermnet\train/Melanoma Skin Cancer Nevi and Moles/malignant-melanoma-173.jpg
11,E:\MedicalData\kagglechallenge\Dermnet\train/Melanoma Skin Cancer Nevi and Moles/malignant-melanoma-174.jpg
11,E:\MedicalData\kagglechallenge\Dermnet\train/Melanoma Skin Cancer Nevi and Moles/malignant-melanoma-175.jpg
11,E:\MedicalData\kagglechallenge\Dermnet\train/Melanoma Skin Cancer Nevi and Moles/malignant-melanoma-178.jpg
11,E:\MedicalData\kagglechallenge\Dermnet\train/Melanoma Skin Cancer Nevi and Moles/malignant-melanoma-179.jpg
11,E:\MedicalData\kagglechallenge\Dermnet\train/Melanoma Skin Cancer Nevi and Moles/malignant-melanoma-18.jpg
11,E:\MedicalData\kagglechallenge\Dermnet\train/Melanoma Skin Cancer Nevi and Moles/malignant-melanoma-182.jpg
11,E:\MedicalData\kagglechallenge\Dermnet\train/Melanoma Skin Cancer Nevi and Moles/malignant-melanoma-183.jpg
11,E:\MedicalData\kagglechallenge\Dermnet\train/Melanoma Skin Cancer Nevi and Moles/malignant-melanoma-184.jpg
11,E:\MedicalData\kagglechallenge\Dermnet\train/Melanoma Skin Cancer Nevi and Moles/malignant-melanoma-185.jpg
11,E:\MedicalData\kagglechallenge\Dermnet\train/Melanoma Skin Cancer Nevi and Moles/malignant-melanoma-186.jpg
11,E:\MedicalData\kagglechallenge\Dermnet\train/Melanoma Skin Cancer Nevi and Moles/malignant-melanoma-187.jpg
11,E:\MedicalData\kagglechallenge\Dermnet\train/Melanoma Skin Cancer Nevi and Moles/malignant-melanoma-188.jpg
11,E:\MedicalData\kagglechallenge\Dermnet\train/Melanoma Skin Cancer Nevi and Moles/malignant-melanoma-189.jpg
11,E:\MedicalData\kagglechallenge\Dermnet\train/Melanoma Skin Cancer Nevi and Moles/malignant-melanoma-19.jpg
11,E:\MedicalData\kagglechallenge\Dermnet\train/Melanoma Skin Cancer Nevi and Moles/malignant-melanoma-21.jpg
11,E:\MedicalData\kagglechallenge\Dermnet\train/Melanoma Skin Cancer Nevi and Moles/malignant-melanoma-22.jpg
11,E:\MedicalData\kagglechallenge\Dermnet\train/Melanoma Skin Cancer Nevi and Moles/malignant-melanoma-8.jpg
11,E:\MedicalData\kagglechallenge\Dermnet\train/Melanoma Skin Cancer Nevi and Moles/malignant-melanoma-80.jpg
11,E:\MedicalData\kagglechallenge\Dermnet\train/Melanoma Skin Cancer Nevi and Moles/malignant-melanoma-81.jpg
11,E:\MedicalData\kagglechallenge\Dermnet\train/Melanoma Skin Cancer Nevi and Moles/malignant-melanoma-83.jpg
11,E:\MedicalData\kagglechallenge\Dermnet\train/Melanoma Skin Cancer Nevi and Moles/malignant-melanoma-84.jpg
11,E:\MedicalData\kagglechallenge\Dermnet\train/Melanoma Skin Cancer Nevi and Moles/malignant-melanoma-85.jpg
11,E:\MedicalData\kagglechallenge\Dermnet\train/Melanoma Skin Cancer Nevi and Moles/malignant-melanoma-86.jpg
11,E:\MedicalData\kagglechallenge\Dermnet\train/Melanoma Skin Cancer Nevi and Moles/malignant-melanoma-87.jpg
11,E:\MedicalData\kagglechallenge\Dermnet\train/Melanoma Skin Cancer Nevi and Moles/malignant-melanoma-88.jpg
11,E:\MedicalData\kagglechallenge\Dermnet\train/Melanoma Skin Cancer Nevi and Moles/malignant-melanoma-89.jpg
11,E:\MedicalData\kagglechallenge\Dermnet\train/Melanoma Skin Cancer Nevi and Moles/malignant-melanoma-9.jpg
11,E:\MedicalData\kagglechallenge\Dermnet\train/Melanoma Skin Cancer Nevi and Moles/malignant-melanoma-90.jpg
11,E:\MedicalData\kagglechallenge\Dermnet\train/Melanoma Skin Cancer Nevi and Moles/malignant-melanoma-92.jpg
11,E:\MedicalData\kagglechallenge\Dermnet\train/Melanoma Skin Cancer Nevi and Moles/malignant-melanoma-93.jpg
11,E:\MedicalData\kagglechallenge\Dermnet\train/Melanoma Skin Cancer Nevi and Moles/malignant-melanoma-94.jpg
11,E:\MedicalData\kagglechallenge\Dermnet\train/Melanoma Skin Cancer Nevi and Moles/malignant-melanoma-95.jpg
11,E:\MedicalData\kagglechallenge\Dermnet\train/Melanoma Skin Cancer Nevi and Moles/malignant-melanoma-96.jpg
11,E:\MedicalData\kagglechallenge\Dermnet\train/Melanoma Skin Cancer Nevi and Moles/malignant-melanoma-97.jpg
11,E:\MedicalData\kagglechallenge\Dermnet\train/Melanoma Skin Cancer Nevi and Moles/malignant-melanoma-98.jpg
11,E:\MedicalData\kagglechallenge\Dermnet\train/Melanoma Skin Cancer Nevi and Moles/melanocytic-nevi-1.jpg
11,E:\MedicalData\kagglechallenge\Dermnet\train/Melanoma Skin Cancer Nevi and Moles/melanocytic-nevi-10.jpg
11,E:\MedicalData\kagglechallenge\Dermnet\train/Melanoma Skin Cancer Nevi and Moles/melanocytic-nevi-100.jpg
11,E:\MedicalData\kagglechallenge\Dermnet\train/Melanoma Skin Cancer Nevi and Moles/melanocytic-nevi-12.jpg
11,E:\MedicalData\kagglechallenge\Dermnet\train/Melanoma Skin Cancer Nevi and Moles/melanocytic-nevi-13.jpg
11,E:\MedicalData\kagglechallenge\Dermnet\train/Melanoma Skin Cancer Nevi and Moles/melanocytic-nevi-14.jpg
11,E:\MedicalData\kagglechallenge\Dermnet\train/Melanoma Skin Cancer Nevi and Moles/melanocytic-nevi-15.jpg
11,E:\MedicalData\kagglechallenge\Dermnet\train/Melanoma Skin Cancer Nevi and Moles/melanocytic-nevi-16.jpg
11,E:\MedicalData\kagglechallenge\Dermnet\train/Melanoma Skin Cancer Nevi and Moles/melanocytic-nevi-17.jpg
11,E:\MedicalData\kagglechallenge\Dermnet\train/Melanoma Skin Cancer Nevi and Moles/melanocytic-nevi-18.jpg
11,E:\MedicalData\kagglechallenge\Dermnet\train/Melanoma Skin Cancer Nevi and Moles/melanocytic-nevi-2.jpg
11,E:\MedicalData\kagglechallenge\Dermnet\train/Melanoma Skin Cancer Nevi and Moles/melanocytic-nevi-20.jpg
11,E:\MedicalData\kagglechallenge\Dermnet\train/Melanoma Skin Cancer Nevi and Moles/melanocytic-nevi-21.jpg
11,E:\MedicalData\kagglechallenge\Dermnet\train/Melanoma Skin Cancer Nevi and Moles/melanocytic-nevi-22.jpg
11,E:\MedicalData\kagglechallenge\Dermnet\train/Melanoma Skin Cancer Nevi and Moles/melanocytic-nevi-25.jpg
11,E:\MedicalData\kagglechallenge\Dermnet\train/Melanoma Skin Cancer Nevi and Moles/melanocytic-nevi-26.jpg
11,E:\MedicalData\kagglechallenge\Dermnet\train/Melanoma Skin Cancer Nevi and Moles/melanocytic-nevi-27.jpg
11,E:\MedicalData\kagglechallenge\Dermnet\train/Melanoma Skin Cancer Nevi and Moles/melanocytic-nevi-28.jpg
11,E:\MedicalData\kagglechallenge\Dermnet\train/Melanoma Skin Cancer Nevi and Moles/melanocytic-nevi-29.jpg
11,E:\MedicalData\kagglechallenge\Dermnet\train/Melanoma Skin Cancer Nevi and Moles/melanocytic-nevi-3.jpg
11,E:\MedicalData\kagglechallenge\Dermnet\train/Melanoma Skin Cancer Nevi and Moles/melanocytic-nevi-30.jpg
11,E:\MedicalData\kagglechallenge\Dermnet\train/Melanoma Skin Cancer Nevi and Moles/melanocytic-nevi-31.jpg
11,E:\MedicalData\kagglechallenge\Dermnet\train/Melanoma Skin Cancer Nevi and Moles/melanocytic-nevi-32.jpg
11,E:\MedicalData\kagglechallenge\Dermnet\train/Melanoma Skin Cancer Nevi and Moles/melanocytic-nevi-35.jpg
11,E:\MedicalData\kagglechallenge\Dermnet\train/Melanoma Skin Cancer Nevi and Moles/melanocytic-nevi-36.jpg
11,E:\MedicalData\kagglechallenge\Dermnet\train/Melanoma Skin Cancer Nevi and Moles/melanocytic-nevi-37.jpg
11,E:\MedicalData\kagglechallenge\Dermnet\train/Melanoma Skin Cancer Nevi and Moles/melanocytic-nevi-38.jpg
11,E:\MedicalData\kagglechallenge\Dermnet\train/Melanoma Skin Cancer Nevi and Moles/melanocytic-nevi-39.jpg
11,E:\MedicalData\kagglechallenge\Dermnet\train/Melanoma Skin Cancer Nevi and Moles/melanocytic-nevi-4.jpg
11,E:\MedicalData\kagglechallenge\Dermnet\train/Melanoma Skin Cancer Nevi and Moles/melanocytic-nevi-41.jpg
11,E:\MedicalData\kagglechallenge\Dermnet\train/Melanoma Skin Cancer Nevi and Moles/melanocytic-nevi-42.jpg
11,E:\MedicalData\kagglechallenge\Dermnet\train/Melanoma Skin Cancer Nevi and Moles/melanocytic-nevi-43.jpg
11,E:\MedicalData\kagglechallenge\Dermnet\train/Melanoma Skin Cancer Nevi and Moles/melanocytic-nevi-44.jpg
11,E:\MedicalData\kagglechallenge\Dermnet\train/Melanoma Skin Cancer Nevi and Moles/melanocytic-nevi-45.jpg
11,E:\MedicalData\kagglechallenge\Dermnet\train/Melanoma Skin Cancer Nevi and Moles/melanocytic-nevi-46.jpg
11,E:\MedicalData\kagglechallenge\Dermnet\train/Melanoma Skin Cancer Nevi and Moles/melanocytic-nevi-47.jpg
11,E:\MedicalData\kagglechallenge\Dermnet\train/Melanoma Skin Cancer Nevi and Moles/melanocytic-nevi-48.jpg
11,E:\MedicalData\kagglechallenge\Dermnet\train/Melanoma Skin Cancer Nevi and Moles/melanocytic-nevi-5.jpg
11,E:\MedicalData\kagglechallenge\Dermnet\train/Melanoma Skin Cancer Nevi and Moles/melanocytic-nevi-50.jpg
11,E:\MedicalData\kagglechallenge\Dermnet\train/Melanoma Skin Cancer Nevi and Moles/melanocytic-nevi-51.jpg
11,E:\MedicalData\kagglechallenge\Dermnet\train/Melanoma Skin Cancer Nevi and Moles/melanocytic-nevi-52.jpg
11,E:\MedicalData\kagglechallenge\Dermnet\train/Melanoma Skin Cancer Nevi and Moles/melanocytic-nevi-53.jpg
11,E:\MedicalData\kagglechallenge\Dermnet\train/Melanoma Skin Cancer Nevi and Moles/melanocytic-nevi-54.jpg
11,E:\MedicalData\kagglechallenge\Dermnet\train/Melanoma Skin Cancer Nevi and Moles/melanocytic-nevi-58.jpg
11,E:\MedicalData\kagglechallenge\Dermnet\train/Melanoma Skin Cancer Nevi and Moles/melanocytic-nevi-59.jpg
11,E:\MedicalData\kagglechallenge\Dermnet\train/Melanoma Skin Cancer Nevi and Moles/melanocytic-nevi-60.jpg
11,E:\MedicalData\kagglechallenge\Dermnet\train/Melanoma Skin Cancer Nevi and Moles/melanocytic-nevi-61.jpg
11,E:\MedicalData\kagglechallenge\Dermnet\train/Melanoma Skin Cancer Nevi and Moles/melanocytic-nevi-62.jpg
11,E:\MedicalData\kagglechallenge\Dermnet\train/Melanoma Skin Cancer Nevi and Moles/melanocytic-nevi-63.jpg
11,E:\MedicalData\kagglechallenge\Dermnet\train/Melanoma Skin Cancer Nevi and Moles/melanocytic-nevi-64.jpg
11,E:\MedicalData\kagglechallenge\Dermnet\train/Melanoma Skin Cancer Nevi and Moles/melanocytic-nevi-66.jpg
11,E:\MedicalData\kagglechallenge\Dermnet\train/Melanoma Skin Cancer Nevi and Moles/melanocytic-nevi-67.jpg
11,E:\MedicalData\kagglechallenge\Dermnet\train/Melanoma Skin Cancer Nevi and Moles/melanocytic-nevi-68.jpg
11,E:\MedicalData\kagglechallenge\Dermnet\train/Melanoma Skin Cancer Nevi and Moles/melanocytic-nevi-69.jpg
11,E:\MedicalData\kagglechallenge\Dermnet\train/Melanoma Skin Cancer Nevi and Moles/melanocytic-nevi-7.jpg
11,E:\MedicalData\kagglechallenge\Dermnet\train/Melanoma Skin Cancer Nevi and Moles/melanocytic-nevi-70.jpg
11,E:\MedicalData\kagglechallenge\Dermnet\train/Melanoma Skin Cancer Nevi and Moles/melanocytic-nevi-72.jpg
11,E:\MedicalData\kagglechallenge\Dermnet\train/Melanoma Skin Cancer Nevi and Moles/melanocytic-nevi-74.jpg
11,E:\MedicalData\kagglechallenge\Dermnet\train/Melanoma Skin Cancer Nevi and Moles/melanocytic-nevi-76.jpg
11,E:\MedicalData\kagglechallenge\Dermnet\train/Melanoma Skin Cancer Nevi and Moles/melanocytic-nevi-77.jpg
11,E:\MedicalData\kagglechallenge\Dermnet\train/Melanoma Skin Cancer Nevi and Moles/melanocytic-nevi-8.jpg
11,E:\MedicalData\kagglechallenge\Dermnet\train/Melanoma Skin Cancer Nevi and Moles/melanocytic-nevi-80.jpg
11,E:\MedicalData\kagglechallenge\Dermnet\train/Melanoma Skin Cancer Nevi and Moles/melanocytic-nevi-81.jpg
11,E:\MedicalData\kagglechallenge\Dermnet\train/Melanoma Skin Cancer Nevi and Moles/melanocytic-nevi-82.jpg
11,E:\MedicalData\kagglechallenge\Dermnet\train/Melanoma Skin Cancer Nevi and Moles/melanocytic-nevi-83.jpg
11,E:\MedicalData\kagglechallenge\Dermnet\train/Melanoma Skin Cancer Nevi and Moles/melanocytic-nevi-84.jpg
11,E:\MedicalData\kagglechallenge\Dermnet\train/Melanoma Skin Cancer Nevi and Moles/melanocytic-nevi-85.jpg
11,E:\MedicalData\kagglechallenge\Dermnet\train/Melanoma Skin Cancer Nevi and Moles/melanocytic-nevi-86.jpg
11,E:\MedicalData\kagglechallenge\Dermnet\train/Melanoma Skin Cancer Nevi and Moles/melanocytic-nevi-87.jpg
11,E:\MedicalData\kagglechallenge\Dermnet\train/Melanoma Skin Cancer Nevi and Moles/melanocytic-nevi-88.jpg
11,E:\MedicalData\kagglechallenge\Dermnet\train/Melanoma Skin Cancer Nevi and Moles/melanocytic-nevi-89.jpg
11,E:\MedicalData\kagglechallenge\Dermnet\train/Melanoma Skin Cancer Nevi and Moles/melanocytic-nevi-92.jpg
11,E:\MedicalData\kagglechallenge\Dermnet\train/Melanoma Skin Cancer Nevi and Moles/melanocytic-nevi-93.jpg
11,E:\MedicalData\kagglechallenge\Dermnet\train/Melanoma Skin Cancer Nevi and Moles/melanocytic-nevi-95.jpg
11,E:\MedicalData\kagglechallenge\Dermnet\train/Melanoma Skin Cancer Nevi and Moles/melanocytic-nevi-96.jpg
11,E:\MedicalData\kagglechallenge\Dermnet\train/Melanoma Skin Cancer Nevi and Moles/melanocytic-nevi-98.jpg
11,E:\MedicalData\kagglechallenge\Dermnet\train/Melanoma Skin Cancer Nevi and Moles/melanocytic-nevi-99.jpg
11,E:\MedicalData\kagglechallenge\Dermnet\train/Melanoma Skin Cancer Nevi and Moles/melanotic-macule-1.jpg
11,E:\MedicalData\kagglechallenge\Dermnet\train/Melanoma Skin Cancer Nevi and Moles/melanotic-macule-10.jpg
11,E:\MedicalData\kagglechallenge\Dermnet\train/Melanoma Skin Cancer Nevi and Moles/melanotic-macule-12.jpg
11,E:\MedicalData\kagglechallenge\Dermnet\train/Melanoma Skin Cancer Nevi and Moles/melanotic-macule-2.jpg
11,E:\MedicalData\kagglechallenge\Dermnet\train/Melanoma Skin Cancer Nevi and Moles/melanotic-macule-5.jpg
11,E:\MedicalData\kagglechallenge\Dermnet\train/Melanoma Skin Cancer Nevi and Moles/melanotic-macule-6.jpg
11,E:\MedicalData\kagglechallenge\Dermnet\train/Melanoma Skin Cancer Nevi and Moles/melanotic-macule-8.jpg
11,E:\MedicalData\kagglechallenge\Dermnet\train/Melanoma Skin Cancer Nevi and Moles/melanotic-macule-9.jpg
11,E:\MedicalData\kagglechallenge\Dermnet\train/Melanoma Skin Cancer Nevi and Moles/mongolian-spot-1.jpg
11,E:\MedicalData\kagglechallenge\Dermnet\train/Melanoma Skin Cancer Nevi and Moles/mongolian-spot-4.jpg
11,E:\MedicalData\kagglechallenge\Dermnet\train/Melanoma Skin Cancer Nevi and Moles/nevus-repigmented-1.jpg
11,E:\MedicalData\kagglechallenge\Dermnet\train/Melanoma Skin Cancer Nevi and Moles/nevus-repigmented-4.jpg
11,E:\MedicalData\kagglechallenge\Dermnet\train/Melanoma Skin Cancer Nevi and Moles/nevus-spilus-1.jpg
11,E:\MedicalData\kagglechallenge\Dermnet\train/Melanoma Skin Cancer Nevi and Moles/nevus-spilus-10.jpg
11,E:\MedicalData\kagglechallenge\Dermnet\train/Melanoma Skin Cancer Nevi and Moles/nevus-spilus-12.jpg
11,E:\MedicalData\kagglechallenge\Dermnet\train/Melanoma Skin Cancer Nevi and Moles/nevus-spilus-13.jpg
11,E:\MedicalData\kagglechallenge\Dermnet\train/Melanoma Skin Cancer Nevi and Moles/nevus-spilus-14.jpg
11,E:\MedicalData\kagglechallenge\Dermnet\train/Melanoma Skin Cancer Nevi and Moles/nevus-spilus-15.jpg
11,E:\MedicalData\kagglechallenge\Dermnet\train/Melanoma Skin Cancer Nevi and Moles/nevus-spilus-16.jpg
11,E:\MedicalData\kagglechallenge\Dermnet\train/Melanoma Skin Cancer Nevi and Moles/nevus-spilus-18.jpg
11,E:\MedicalData\kagglechallenge\Dermnet\train/Melanoma Skin Cancer Nevi and Moles/nevus-spilus-19.jpg
11,E:\MedicalData\kagglechallenge\Dermnet\train/Melanoma Skin Cancer Nevi and Moles/nevus-spilus-20.jpg
11,E:\MedicalData\kagglechallenge\Dermnet\train/Melanoma Skin Cancer Nevi and Moles/nevus-spilus-23.jpg
11,E:\MedicalData\kagglechallenge\Dermnet\train/Melanoma Skin Cancer Nevi and Moles/nevus-spilus-24.jpg
11,E:\MedicalData\kagglechallenge\Dermnet\train/Melanoma Skin Cancer Nevi and Moles/nevus-spilus-25.jpg
11,E:\MedicalData\kagglechallenge\Dermnet\train/Melanoma Skin Cancer Nevi and Moles/nevus-spilus-27.jpg
11,E:\MedicalData\kagglechallenge\Dermnet\train/Melanoma Skin Cancer Nevi and Moles/nevus-spilus-29.jpg
11,E:\MedicalData\kagglechallenge\Dermnet\train/Melanoma Skin Cancer Nevi and Moles/nevus-spilus-30.jpg
11,E:\MedicalData\kagglechallenge\Dermnet\train/Melanoma Skin Cancer Nevi and Moles/nevus-spilus-33.jpg
11,E:\MedicalData\kagglechallenge\Dermnet\train/Melanoma Skin Cancer Nevi and Moles/nevus-spilus-34.jpg
11,E:\MedicalData\kagglechallenge\Dermnet\train/Melanoma Skin Cancer Nevi and Moles/nevus-spilus-35.jpg
11,E:\MedicalData\kagglechallenge\Dermnet\train/Melanoma Skin Cancer Nevi and Moles/nevus-spilus-5.jpg
11,E:\MedicalData\kagglechallenge\Dermnet\train/Melanoma Skin Cancer Nevi and Moles/nevus-spilus-6.jpg
11,E:\MedicalData\kagglechallenge\Dermnet\train/Melanoma Skin Cancer Nevi and Moles/nevus-spilus-7.jpg
11,E:\MedicalData\kagglechallenge\Dermnet\train/Melanoma Skin Cancer Nevi and Moles/nevus-spilus-8.jpg
11,E:\MedicalData\kagglechallenge\Dermnet\train/Melanoma Skin Cancer Nevi and Moles/nevus-spilus-9.jpg
11,E:\MedicalData\kagglechallenge\Dermnet\train/Melanoma Skin Cancer Nevi and Moles/spitz-nevus-1.jpg
11,E:\MedicalData\kagglechallenge\Dermnet\train/Melanoma Skin Cancer Nevi and Moles/spitz-nevus-2.jpg
11,E:\MedicalData\kagglechallenge\Dermnet\train/Melanoma Skin Cancer Nevi and Moles/spitz-nevus-3.jpg
11,E:\MedicalData\kagglechallenge\Dermnet\train/Melanoma Skin Cancer Nevi and Moles/spitz-nevus-4.jpg
11,E:\MedicalData\kagglechallenge\Dermnet\train/Melanoma Skin Cancer Nevi and Moles/spitz-nevus-5.jpg
11,E:\MedicalData\kagglechallenge\Dermnet\train/Melanoma Skin Cancer Nevi and Moles/spitz-nevus-6.jpg
11,E:\MedicalData\kagglechallenge\Dermnet\train/Melanoma Skin Cancer Nevi and Moles/spitz-nevus-7.jpg
11,E:\MedicalData\kagglechallenge\Dermnet\train/Melanoma Skin Cancer Nevi and Moles/spitz-nevus-8.jpg
11,E:\MedicalData\kagglechallenge\Dermnet\train/Melanoma Skin Cancer Nevi and Moles/spitz-nevus-9.jpg
12,E:\MedicalData\kagglechallenge\Dermnet\train/Nail Fungus and other Nail Disease/acute-paronychia-1.jpg
12,E:\MedicalData\kagglechallenge\Dermnet\train/Nail Fungus and other Nail Disease/acute-paronychia-10.jpg
12,E:\MedicalData\kagglechallenge\Dermnet\train/Nail Fungus and other Nail Disease/acute-paronychia-11.jpg
12,E:\MedicalData\kagglechallenge\Dermnet\train/Nail Fungus and other Nail Disease/acute-paronychia-12.jpg
12,E:\MedicalData\kagglechallenge\Dermnet\train/Nail Fungus and other Nail Disease/acute-paronychia-13.jpg
12,E:\MedicalData\kagglechallenge\Dermnet\train/Nail Fungus and other Nail Disease/acute-paronychia-14.jpg
12,E:\MedicalData\kagglechallenge\Dermnet\train/Nail Fungus and other Nail Disease/acute-paronychia-15.jpg
12,E:\MedicalData\kagglechallenge\Dermnet\train/Nail Fungus and other Nail Disease/acute-paronychia-16.jpg
12,E:\MedicalData\kagglechallenge\Dermnet\train/Nail Fungus and other Nail Disease/acute-paronychia-17.jpg
12,E:\MedicalData\kagglechallenge\Dermnet\train/Nail Fungus and other Nail Disease/acute-paronychia-18.jpg
12,E:\MedicalData\kagglechallenge\Dermnet\train/Nail Fungus and other Nail Disease/acute-paronychia-19.jpg
12,E:\MedicalData\kagglechallenge\Dermnet\train/Nail Fungus and other Nail Disease/acute-paronychia-20.jpg
12,E:\MedicalData\kagglechallenge\Dermnet\train/Nail Fungus and other Nail Disease/acute-paronychia-21.jpg
12,E:\MedicalData\kagglechallenge\Dermnet\train/Nail Fungus and other Nail Disease/acute-paronychia-22.jpg
12,E:\MedicalData\kagglechallenge\Dermnet\train/Nail Fungus and other Nail Disease/acute-paronychia-24.jpg
12,E:\MedicalData\kagglechallenge\Dermnet\train/Nail Fungus and other Nail Disease/acute-paronychia-27.jpg
12,E:\MedicalData\kagglechallenge\Dermnet\train/Nail Fungus and other Nail Disease/acute-paronychia-3.jpg
12,E:\MedicalData\kagglechallenge\Dermnet\train/Nail Fungus and other Nail Disease/acute-paronychia-4.jpg
12,E:\MedicalData\kagglechallenge\Dermnet\train/Nail Fungus and other Nail Disease/acute-paronychia-5.jpg
12,E:\MedicalData\kagglechallenge\Dermnet\train/Nail Fungus and other Nail Disease/acute-paronychia-6.jpg
12,E:\MedicalData\kagglechallenge\Dermnet\train/Nail Fungus and other Nail Disease/acute-paronychia-8.jpg
12,E:\MedicalData\kagglechallenge\Dermnet\train/Nail Fungus and other Nail Disease/acute-paronychia-9.jpg
12,E:\MedicalData\kagglechallenge\Dermnet\train/Nail Fungus and other Nail Disease/alopecia-areata-10.jpg
12,E:\MedicalData\kagglechallenge\Dermnet\train/Nail Fungus and other Nail Disease/alopecia-areata-100.jpg
12,E:\MedicalData\kagglechallenge\Dermnet\train/Nail Fungus and other Nail Disease/alopecia-areata-102.jpg
12,E:\MedicalData\kagglechallenge\Dermnet\train/Nail Fungus and other Nail Disease/alopecia-areata-103.jpg
12,E:\MedicalData\kagglechallenge\Dermnet\train/Nail Fungus and other Nail Disease/alopecia-areata-104.jpg
12,E:\MedicalData\kagglechallenge\Dermnet\train/Nail Fungus and other Nail Disease/alopecia-areata-106.jpg
12,E:\MedicalData\kagglechallenge\Dermnet\train/Nail Fungus and other Nail Disease/alopecia-areata-13.jpg
12,E:\MedicalData\kagglechallenge\Dermnet\train/Nail Fungus and other Nail Disease/alopecia-areata-15.jpg
12,E:\MedicalData\kagglechallenge\Dermnet\train/Nail Fungus and other Nail Disease/alopecia-areata-16.jpg
12,E:\MedicalData\kagglechallenge\Dermnet\train/Nail Fungus and other Nail Disease/alopecia-areata-2.jpg
12,E:\MedicalData\kagglechallenge\Dermnet\train/Nail Fungus and other Nail Disease/alopecia-areata-20.jpg
12,E:\MedicalData\kagglechallenge\Dermnet\train/Nail Fungus and other Nail Disease/alopecia-areata-24.jpg
12,E:\MedicalData\kagglechallenge\Dermnet\train/Nail Fungus and other Nail Disease/alopecia-areata-25.jpg
12,E:\MedicalData\kagglechallenge\Dermnet\train/Nail Fungus and other Nail Disease/alopecia-areata-26.jpg
12,E:\MedicalData\kagglechallenge\Dermnet\train/Nail Fungus and other Nail Disease/alopecia-areata-27.jpg
12,E:\MedicalData\kagglechallenge\Dermnet\train/Nail Fungus and other Nail Disease/alopecia-areata-28.jpg
12,E:\MedicalData\kagglechallenge\Dermnet\train/Nail Fungus and other Nail Disease/alopecia-areata-29.jpg
12,E:\MedicalData\kagglechallenge\Dermnet\train/Nail Fungus and other Nail Disease/alopecia-areata-3.jpg
12,E:\MedicalData\kagglechallenge\Dermnet\train/Nail Fungus and other Nail Disease/alopecia-areata-31.jpg
12,E:\MedicalData\kagglechallenge\Dermnet\train/Nail Fungus and other Nail Disease/alopecia-areata-35.jpg
12,E:\MedicalData\kagglechallenge\Dermnet\train/Nail Fungus and other Nail Disease/alopecia-areata-36.jpg
12,E:\MedicalData\kagglechallenge\Dermnet\train/Nail Fungus and other Nail Disease/alopecia-areata-37.jpg
12,E:\MedicalData\kagglechallenge\Dermnet\train/Nail Fungus and other Nail Disease/alopecia-areata-38.jpg
12,E:\MedicalData\kagglechallenge\Dermnet\train/Nail Fungus and other Nail Disease/alopecia-areata-40.jpg
12,E:\MedicalData\kagglechallenge\Dermnet\train/Nail Fungus and other Nail Disease/alopecia-areata-41.jpg
12,E:\MedicalData\kagglechallenge\Dermnet\train/Nail Fungus and other Nail Disease/alopecia-areata-42.jpg
12,E:\MedicalData\kagglechallenge\Dermnet\train/Nail Fungus and other Nail Disease/alopecia-areata-44.jpg
12,E:\MedicalData\kagglechallenge\Dermnet\train/Nail Fungus and other Nail Disease/alopecia-areata-45.jpg
12,E:\MedicalData\kagglechallenge\Dermnet\train/Nail Fungus and other Nail Disease/alopecia-areata-46.jpg
12,E:\MedicalData\kagglechallenge\Dermnet\train/Nail Fungus and other Nail Disease/alopecia-areata-47.jpg
12,E:\MedicalData\kagglechallenge\Dermnet\train/Nail Fungus and other Nail Disease/alopecia-areata-48.jpg
12,E:\MedicalData\kagglechallenge\Dermnet\train/Nail Fungus and other Nail Disease/alopecia-areata-49.jpg
12,E:\MedicalData\kagglechallenge\Dermnet\train/Nail Fungus and other Nail Disease/alopecia-areata-5.jpg
12,E:\MedicalData\kagglechallenge\Dermnet\train/Nail Fungus and other Nail Disease/alopecia-areata-50.jpg
12,E:\MedicalData\kagglechallenge\Dermnet\train/Nail Fungus and other Nail Disease/alopecia-areata-51.jpg
12,E:\MedicalData\kagglechallenge\Dermnet\train/Nail Fungus and other Nail Disease/alopecia-areata-53.jpg
12,E:\MedicalData\kagglechallenge\Dermnet\train/Nail Fungus and other Nail Disease/alopecia-areata-57.jpg
12,E:\MedicalData\kagglechallenge\Dermnet\train/Nail Fungus and other Nail Disease/alopecia-areata-58.jpg
12,E:\MedicalData\kagglechallenge\Dermnet\train/Nail Fungus and other Nail Disease/alopecia-areata-59.jpg
12,E:\MedicalData\kagglechallenge\Dermnet\train/Nail Fungus and other Nail Disease/alopecia-areata-60.jpg
12,E:\MedicalData\kagglechallenge\Dermnet\train/Nail Fungus and other Nail Disease/alopecia-areata-62.jpg
12,E:\MedicalData\kagglechallenge\Dermnet\train/Nail Fungus and other Nail Disease/alopecia-areata-63.jpg
12,E:\MedicalData\kagglechallenge\Dermnet\train/Nail Fungus and other Nail Disease/alopecia-areata-64.jpg
12,E:\MedicalData\kagglechallenge\Dermnet\train/Nail Fungus and other Nail Disease/alopecia-areata-65.jpg
12,E:\MedicalData\kagglechallenge\Dermnet\train/Nail Fungus and other Nail Disease/alopecia-areata-66.jpg
12,E:\MedicalData\kagglechallenge\Dermnet\train/Nail Fungus and other Nail Disease/alopecia-areata-68.jpg
12,E:\MedicalData\kagglechallenge\Dermnet\train/Nail Fungus and other Nail Disease/alopecia-areata-69.jpg
12,E:\MedicalData\kagglechallenge\Dermnet\train/Nail Fungus and other Nail Disease/alopecia-areata-7.jpg
12,E:\MedicalData\kagglechallenge\Dermnet\train/Nail Fungus and other Nail Disease/alopecia-areata-70.jpg
12,E:\MedicalData\kagglechallenge\Dermnet\train/Nail Fungus and other Nail Disease/alopecia-areata-71.jpg
12,E:\MedicalData\kagglechallenge\Dermnet\train/Nail Fungus and other Nail Disease/alopecia-areata-72.jpg
12,E:\MedicalData\kagglechallenge\Dermnet\train/Nail Fungus and other Nail Disease/alopecia-areata-73.jpg
12,E:\MedicalData\kagglechallenge\Dermnet\train/Nail Fungus and other Nail Disease/alopecia-areata-74.jpg
12,E:\MedicalData\kagglechallenge\Dermnet\train/Nail Fungus and other Nail Disease/alopecia-areata-76.jpg
12,E:\MedicalData\kagglechallenge\Dermnet\train/Nail Fungus and other Nail Disease/alopecia-areata-78.jpg
12,E:\MedicalData\kagglechallenge\Dermnet\train/Nail Fungus and other Nail Disease/alopecia-areata-80.jpg
12,E:\MedicalData\kagglechallenge\Dermnet\train/Nail Fungus and other Nail Disease/alopecia-areata-82.jpg
12,E:\MedicalData\kagglechallenge\Dermnet\train/Nail Fungus and other Nail Disease/alopecia-areata-83.jpg
12,E:\MedicalData\kagglechallenge\Dermnet\train/Nail Fungus and other Nail Disease/alopecia-areata-84.jpg
12,E:\MedicalData\kagglechallenge\Dermnet\train/Nail Fungus and other Nail Disease/alopecia-areata-85.jpg
12,E:\MedicalData\kagglechallenge\Dermnet\train/Nail Fungus and other Nail Disease/alopecia-areata-86.jpg
12,E:\MedicalData\kagglechallenge\Dermnet\train/Nail Fungus and other Nail Disease/alopecia-areata-9.jpg
12,E:\MedicalData\kagglechallenge\Dermnet\train/Nail Fungus and other Nail Disease/alopecia-areata-91.jpg
12,E:\MedicalData\kagglechallenge\Dermnet\train/Nail Fungus and other Nail Disease/alopecia-areata-92.jpg
12,E:\MedicalData\kagglechallenge\Dermnet\train/Nail Fungus and other Nail Disease/alopecia-areata-93.jpg
12,E:\MedicalData\kagglechallenge\Dermnet\train/Nail Fungus and other Nail Disease/alopecia-areata-95.jpg
12,E:\MedicalData\kagglechallenge\Dermnet\train/Nail Fungus and other Nail Disease/alopecia-areata-96.jpg
12,E:\MedicalData\kagglechallenge\Dermnet\train/Nail Fungus and other Nail Disease/alopecia-areata-98.jpg
12,E:\MedicalData\kagglechallenge\Dermnet\train/Nail Fungus and other Nail Disease/alopecia-areata-99.jpg
12,E:\MedicalData\kagglechallenge\Dermnet\train/Nail Fungus and other Nail Disease/beaus-lines-10.jpg
12,E:\MedicalData\kagglechallenge\Dermnet\train/Nail Fungus and other Nail Disease/beaus-lines-12.jpg
12,E:\MedicalData\kagglechallenge\Dermnet\train/Nail Fungus and other Nail Disease/beaus-lines-13.jpg
12,E:\MedicalData\kagglechallenge\Dermnet\train/Nail Fungus and other Nail Disease/beaus-lines-14.jpg
12,E:\MedicalData\kagglechallenge\Dermnet\train/Nail Fungus and other Nail Disease/beaus-lines-15.jpg
12,E:\MedicalData\kagglechallenge\Dermnet\train/Nail Fungus and other Nail Disease/beaus-lines-18.jpg
12,E:\MedicalData\kagglechallenge\Dermnet\train/Nail Fungus and other Nail Disease/beaus-lines-19.jpg
12,E:\MedicalData\kagglechallenge\Dermnet\train/Nail Fungus and other Nail Disease/beaus-lines-20.jpg
12,E:\MedicalData\kagglechallenge\Dermnet\train/Nail Fungus and other Nail Disease/beaus-lines-21.jpg
12,E:\MedicalData\kagglechallenge\Dermnet\train/Nail Fungus and other Nail Disease/beaus-lines-22.jpg
12,E:\MedicalData\kagglechallenge\Dermnet\train/Nail Fungus and other Nail Disease/beaus-lines-24.jpg
12,E:\MedicalData\kagglechallenge\Dermnet\train/Nail Fungus and other Nail Disease/beaus-lines-25.jpg
12,E:\MedicalData\kagglechallenge\Dermnet\train/Nail Fungus and other Nail Disease/beaus-lines-27.jpg
12,E:\MedicalData\kagglechallenge\Dermnet\train/Nail Fungus and other Nail Disease/beaus-lines-5.jpg
12,E:\MedicalData\kagglechallenge\Dermnet\train/Nail Fungus and other Nail Disease/beaus-lines-7.jpg
12,E:\MedicalData\kagglechallenge\Dermnet\train/Nail Fungus and other Nail Disease/beaus-lines-8.jpg
12,E:\MedicalData\kagglechallenge\Dermnet\train/Nail Fungus and other Nail Disease/beaus-lines-9.jpg
12,E:\MedicalData\kagglechallenge\Dermnet\train/Nail Fungus and other Nail Disease/beaus-lines-Chemotherapy.jpg
12,E:\MedicalData\kagglechallenge\Dermnet\train/Nail Fungus and other Nail Disease/biting-excoriation-10.jpg
12,E:\MedicalData\kagglechallenge\Dermnet\train/Nail Fungus and other Nail Disease/biting-excoriation-11.jpg
12,E:\MedicalData\kagglechallenge\Dermnet\train/Nail Fungus and other Nail Disease/biting-excoriation-12.jpg
12,E:\MedicalData\kagglechallenge\Dermnet\train/Nail Fungus and other Nail Disease/biting-excoriation-13.jpg
12,E:\MedicalData\kagglechallenge\Dermnet\train/Nail Fungus and other Nail Disease/biting-excoriation-15.jpg
12,E:\MedicalData\kagglechallenge\Dermnet\train/Nail Fungus and other Nail Disease/biting-excoriation-16.jpg
12,E:\MedicalData\kagglechallenge\Dermnet\train/Nail Fungus and other Nail Disease/biting-excoriation-17.jpg
12,E:\MedicalData\kagglechallenge\Dermnet\train/Nail Fungus and other Nail Disease/biting-excoriation-18.jpg
12,E:\MedicalData\kagglechallenge\Dermnet\train/Nail Fungus and other Nail Disease/biting-excoriation-19.jpg
12,E:\MedicalData\kagglechallenge\Dermnet\train/Nail Fungus and other Nail Disease/biting-excoriation-2.jpg
12,E:\MedicalData\kagglechallenge\Dermnet\train/Nail Fungus and other Nail Disease/biting-excoriation-20.jpg
12,E:\MedicalData\kagglechallenge\Dermnet\train/Nail Fungus and other Nail Disease/biting-excoriation-3.jpg
12,E:\MedicalData\kagglechallenge\Dermnet\train/Nail Fungus and other Nail Disease/biting-excoriation-4.jpg
12,E:\MedicalData\kagglechallenge\Dermnet\train/Nail Fungus and other Nail Disease/biting-excoriation-5.jpg
12,E:\MedicalData\kagglechallenge\Dermnet\train/Nail Fungus and other Nail Disease/biting-excoriation-6.jpg
12,E:\MedicalData\kagglechallenge\Dermnet\train/Nail Fungus and other Nail Disease/biting-excoriation-8.jpg
12,E:\MedicalData\kagglechallenge\Dermnet\train/Nail Fungus and other Nail Disease/biting-excoriation-9.jpg
12,E:\MedicalData\kagglechallenge\Dermnet\train/Nail Fungus and other Nail Disease/blue-nails-minocycline-1.jpg
12,E:\MedicalData\kagglechallenge\Dermnet\train/Nail Fungus and other Nail Disease/blue-nails-minocycline-2.jpg
12,E:\MedicalData\kagglechallenge\Dermnet\train/Nail Fungus and other Nail Disease/blue-nails-minocycline-3.jpg
12,E:\MedicalData\kagglechallenge\Dermnet\train/Nail Fungus and other Nail Disease/blue-nails-minocycline-4.jpg
12,E:\MedicalData\kagglechallenge\Dermnet\train/Nail Fungus and other Nail Disease/chronic-paronychia-1.jpg
12,E:\MedicalData\kagglechallenge\Dermnet\train/Nail Fungus and other Nail Disease/chronic-paronychia-10.jpg
12,E:\MedicalData\kagglechallenge\Dermnet\train/Nail Fungus and other Nail Disease/chronic-paronychia-12.jpg
12,E:\MedicalData\kagglechallenge\Dermnet\train/Nail Fungus and other Nail Disease/chronic-paronychia-14.jpg
12,E:\MedicalData\kagglechallenge\Dermnet\train/Nail Fungus and other Nail Disease/chronic-paronychia-17.jpg
12,E:\MedicalData\kagglechallenge\Dermnet\train/Nail Fungus and other Nail Disease/chronic-paronychia-20.jpg
12,E:\MedicalData\kagglechallenge\Dermnet\train/Nail Fungus and other Nail Disease/chronic-paronychia-21.jpg
12,E:\MedicalData\kagglechallenge\Dermnet\train/Nail Fungus and other Nail Disease/chronic-paronychia-23.jpg
12,E:\MedicalData\kagglechallenge\Dermnet\train/Nail Fungus and other Nail Disease/chronic-paronychia-24.jpg
12,E:\MedicalData\kagglechallenge\Dermnet\train/Nail Fungus and other Nail Disease/chronic-paronychia-25.jpg
12,E:\MedicalData\kagglechallenge\Dermnet\train/Nail Fungus and other Nail Disease/chronic-paronychia-27.jpg
12,E:\MedicalData\kagglechallenge\Dermnet\train/Nail Fungus and other Nail Disease/chronic-paronychia-28.jpg
12,E:\MedicalData\kagglechallenge\Dermnet\train/Nail Fungus and other Nail Disease/chronic-paronychia-29.jpg
12,E:\MedicalData\kagglechallenge\Dermnet\train/Nail Fungus and other Nail Disease/chronic-paronychia-3.jpg
12,E:\MedicalData\kagglechallenge\Dermnet\train/Nail Fungus and other Nail Disease/chronic-paronychia-30.jpg
12,E:\MedicalData\kagglechallenge\Dermnet\train/Nail Fungus and other Nail Disease/chronic-paronychia-31.jpg
12,E:\MedicalData\kagglechallenge\Dermnet\train/Nail Fungus and other Nail Disease/chronic-paronychia-32.jpg
12,E:\MedicalData\kagglechallenge\Dermnet\train/Nail Fungus and other Nail Disease/chronic-paronychia-33.jpg
12,E:\MedicalData\kagglechallenge\Dermnet\train/Nail Fungus and other Nail Disease/chronic-paronychia-36.jpg
12,E:\MedicalData\kagglechallenge\Dermnet\train/Nail Fungus and other Nail Disease/chronic-paronychia-37.jpg
12,E:\MedicalData\kagglechallenge\Dermnet\train/Nail Fungus and other Nail Disease/chronic-paronychia-39.jpg
12,E:\MedicalData\kagglechallenge\Dermnet\train/Nail Fungus and other Nail Disease/chronic-paronychia-4.jpg
12,E:\MedicalData\kagglechallenge\Dermnet\train/Nail Fungus and other Nail Disease/chronic-paronychia-42.jpg
12,E:\MedicalData\kagglechallenge\Dermnet\train/Nail Fungus and other Nail Disease/chronic-paronychia-44.jpg
12,E:\MedicalData\kagglechallenge\Dermnet\train/Nail Fungus and other Nail Disease/chronic-paronychia-46.jpg
12,E:\MedicalData\kagglechallenge\Dermnet\train/Nail Fungus and other Nail Disease/chronic-paronychia-47.jpg
12,E:\MedicalData\kagglechallenge\Dermnet\train/Nail Fungus and other Nail Disease/chronic-paronychia-5.jpg
12,E:\MedicalData\kagglechallenge\Dermnet\train/Nail Fungus and other Nail Disease/chronic-paronychia-50.jpg
12,E:\MedicalData\kagglechallenge\Dermnet\train/Nail Fungus and other Nail Disease/chronic-paronychia-57.jpg
12,E:\MedicalData\kagglechallenge\Dermnet\train/Nail Fungus and other Nail Disease/chronic-paronychia-58.jpg
12,E:\MedicalData\kagglechallenge\Dermnet\train/Nail Fungus and other Nail Disease/chronic-paronychia-7.jpg
12,E:\MedicalData\kagglechallenge\Dermnet\train/Nail Fungus and other Nail Disease/chronic-paronychia-8.jpg
12,E:\MedicalData\kagglechallenge\Dermnet\train/Nail Fungus and other Nail Disease/chronic-paronychia-9.jpg
12,E:\MedicalData\kagglechallenge\Dermnet\train/Nail Fungus and other Nail Disease/clubbing-1.jpg
12,E:\MedicalData\kagglechallenge\Dermnet\train/Nail Fungus and other Nail Disease/clubbing-11.jpg
12,E:\MedicalData\kagglechallenge\Dermnet\train/Nail Fungus and other Nail Disease/clubbing-12.jpg
12,E:\MedicalData\kagglechallenge\Dermnet\train/Nail Fungus and other Nail Disease/clubbing-13.jpg
12,E:\MedicalData\kagglechallenge\Dermnet\train/Nail Fungus and other Nail Disease/clubbing-14.jpg
12,E:\MedicalData\kagglechallenge\Dermnet\train/Nail Fungus and other Nail Disease/clubbing-15.jpg
12,E:\MedicalData\kagglechallenge\Dermnet\train/Nail Fungus and other Nail Disease/clubbing-4.jpg
12,E:\MedicalData\kagglechallenge\Dermnet\train/Nail Fungus and other Nail Disease/clubbing-6.jpg
12,E:\MedicalData\kagglechallenge\Dermnet\train/Nail Fungus and other Nail Disease/clubbing-7.jpg
12,E:\MedicalData\kagglechallenge\Dermnet\train/Nail Fungus and other Nail Disease/color-changes-1.jpg
12,E:\MedicalData\kagglechallenge\Dermnet\train/Nail Fungus and other Nail Disease/color-changes-2.jpg
12,E:\MedicalData\kagglechallenge\Dermnet\train/Nail Fungus and other Nail Disease/congenital-anomalies-1.jpg
12,E:\MedicalData\kagglechallenge\Dermnet\train/Nail Fungus and other Nail Disease/congenital-anomalies-2.jpg
12,E:\MedicalData\kagglechallenge\Dermnet\train/Nail Fungus and other Nail Disease/congenital-anomalies-3.jpg
12,E:\MedicalData\kagglechallenge\Dermnet\train/Nail Fungus and other Nail Disease/congenital-anomalies-6.jpg
12,E:\MedicalData\kagglechallenge\Dermnet\train/Nail Fungus and other Nail Disease/congenital-anomalies-7.jpg
12,E:\MedicalData\kagglechallenge\Dermnet\train/Nail Fungus and other Nail Disease/congenital-anomalies-8.jpg
12,E:\MedicalData\kagglechallenge\Dermnet\train/Nail Fungus and other Nail Disease/darier-nails-1.jpg
12,E:\MedicalData\kagglechallenge\Dermnet\train/Nail Fungus and other Nail Disease/distal-subungual-onychomycosis-10.jpg
12,E:\MedicalData\kagglechallenge\Dermnet\train/Nail Fungus and other Nail Disease/distal-subungual-onychomycosis-100.jpg
12,E:\MedicalData\kagglechallenge\Dermnet\train/Nail Fungus and other Nail Disease/distal-subungual-onychomycosis-101.jpg
12,E:\MedicalData\kagglechallenge\Dermnet\train/Nail Fungus and other Nail Disease/distal-subungual-onychomycosis-102.jpg
12,E:\MedicalData\kagglechallenge\Dermnet\train/Nail Fungus and other Nail Disease/distal-subungual-onychomycosis-103.jpg
12,E:\MedicalData\kagglechallenge\Dermnet\train/Nail Fungus and other Nail Disease/distal-subungual-onychomycosis-104.jpg
12,E:\MedicalData\kagglechallenge\Dermnet\train/Nail Fungus and other Nail Disease/distal-subungual-onychomycosis-106.jpg
12,E:\MedicalData\kagglechallenge\Dermnet\train/Nail Fungus and other Nail Disease/distal-subungual-onychomycosis-107.jpg
12,E:\MedicalData\kagglechallenge\Dermnet\train/Nail Fungus and other Nail Disease/distal-subungual-onychomycosis-108.jpg
12,E:\MedicalData\kagglechallenge\Dermnet\train/Nail Fungus and other Nail Disease/distal-subungual-onychomycosis-11.jpg
12,E:\MedicalData\kagglechallenge\Dermnet\train/Nail Fungus and other Nail Disease/distal-subungual-onychomycosis-110.jpg
12,E:\MedicalData\kagglechallenge\Dermnet\train/Nail Fungus and other Nail Disease/distal-subungual-onychomycosis-111.jpg
12,E:\MedicalData\kagglechallenge\Dermnet\train/Nail Fungus and other Nail Disease/distal-subungual-onychomycosis-112.jpg
12,E:\MedicalData\kagglechallenge\Dermnet\train/Nail Fungus and other Nail Disease/distal-subungual-onychomycosis-113.jpg
12,E:\MedicalData\kagglechallenge\Dermnet\train/Nail Fungus and other Nail Disease/distal-subungual-onychomycosis-115.jpg
12,E:\MedicalData\kagglechallenge\Dermnet\train/Nail Fungus and other Nail Disease/distal-subungual-onychomycosis-116.jpg
12,E:\MedicalData\kagglechallenge\Dermnet\train/Nail Fungus and other Nail Disease/distal-subungual-onychomycosis-119.jpg
12,E:\MedicalData\kagglechallenge\Dermnet\train/Nail Fungus and other Nail Disease/distal-subungual-onychomycosis-12.jpg
12,E:\MedicalData\kagglechallenge\Dermnet\train/Nail Fungus and other Nail Disease/distal-subungual-onychomycosis-120.jpg
12,E:\MedicalData\kagglechallenge\Dermnet\train/Nail Fungus and other Nail Disease/distal-subungual-onychomycosis-121.jpg
12,E:\MedicalData\kagglechallenge\Dermnet\train/Nail Fungus and other Nail Disease/distal-subungual-onychomycosis-122.jpg
12,E:\MedicalData\kagglechallenge\Dermnet\train/Nail Fungus and other Nail Disease/distal-subungual-onychomycosis-123.jpg
12,E:\MedicalData\kagglechallenge\Dermnet\train/Nail Fungus and other Nail Disease/distal-subungual-onychomycosis-124.jpg
12,E:\MedicalData\kagglechallenge\Dermnet\train/Nail Fungus and other Nail Disease/distal-subungual-onychomycosis-125.jpg
12,E:\MedicalData\kagglechallenge\Dermnet\train/Nail Fungus and other Nail Disease/distal-subungual-onychomycosis-126.jpg
12,E:\MedicalData\kagglechallenge\Dermnet\train/Nail Fungus and other Nail Disease/distal-subungual-onychomycosis-127.jpg
12,E:\MedicalData\kagglechallenge\Dermnet\train/Nail Fungus and other Nail Disease/distal-subungual-onychomycosis-128.jpg
12,E:\MedicalData\kagglechallenge\Dermnet\train/Nail Fungus and other Nail Disease/distal-subungual-onychomycosis-129.jpg
12,E:\MedicalData\kagglechallenge\Dermnet\train/Nail Fungus and other Nail Disease/distal-subungual-onychomycosis-13.jpg
12,E:\MedicalData\kagglechallenge\Dermnet\train/Nail Fungus and other Nail Disease/distal-subungual-onychomycosis-130.jpg
12,E:\MedicalData\kagglechallenge\Dermnet\train/Nail Fungus and other Nail Disease/distal-subungual-onychomycosis-131.jpg
12,E:\MedicalData\kagglechallenge\Dermnet\train/Nail Fungus and other Nail Disease/distal-subungual-onychomycosis-133.jpg
12,E:\MedicalData\kagglechallenge\Dermnet\train/Nail Fungus and other Nail Disease/distal-subungual-onychomycosis-134.jpg
12,E:\MedicalData\kagglechallenge\Dermnet\train/Nail Fungus and other Nail Disease/distal-subungual-onychomycosis-135.jpg
12,E:\MedicalData\kagglechallenge\Dermnet\train/Nail Fungus and other Nail Disease/distal-subungual-onychomycosis-136.jpg
12,E:\MedicalData\kagglechallenge\Dermnet\train/Nail Fungus and other Nail Disease/distal-subungual-onychomycosis-138.jpg
12,E:\MedicalData\kagglechallenge\Dermnet\train/Nail Fungus and other Nail Disease/distal-subungual-onychomycosis-139.jpg
12,E:\MedicalData\kagglechallenge\Dermnet\train/Nail Fungus and other Nail Disease/distal-subungual-onychomycosis-140.jpg
12,E:\MedicalData\kagglechallenge\Dermnet\train/Nail Fungus and other Nail Disease/distal-subungual-onychomycosis-141.jpg
12,E:\MedicalData\kagglechallenge\Dermnet\train/Nail Fungus and other Nail Disease/distal-subungual-onychomycosis-144.jpg
12,E:\MedicalData\kagglechallenge\Dermnet\train/Nail Fungus and other Nail Disease/distal-subungual-onychomycosis-146.jpg
12,E:\MedicalData\kagglechallenge\Dermnet\train/Nail Fungus and other Nail Disease/distal-subungual-onychomycosis-147.jpg
12,E:\MedicalData\kagglechallenge\Dermnet\train/Nail Fungus and other Nail Disease/distal-subungual-onychomycosis-148.jpg
12,E:\MedicalData\kagglechallenge\Dermnet\train/Nail Fungus and other Nail Disease/distal-subungual-onychomycosis-149.jpg
12,E:\MedicalData\kagglechallenge\Dermnet\train/Nail Fungus and other Nail Disease/distal-subungual-onychomycosis-15.jpg
12,E:\MedicalData\kagglechallenge\Dermnet\train/Nail Fungus and other Nail Disease/distal-subungual-onychomycosis-150.jpg
12,E:\MedicalData\kagglechallenge\Dermnet\train/Nail Fungus and other Nail Disease/distal-subungual-onychomycosis-151.jpg
12,E:\MedicalData\kagglechallenge\Dermnet\train/Nail Fungus and other Nail Disease/distal-subungual-onychomycosis-152.jpg
12,E:\MedicalData\kagglechallenge\Dermnet\train/Nail Fungus and other Nail Disease/distal-subungual-onychomycosis-153.jpg
12,E:\MedicalData\kagglechallenge\Dermnet\train/Nail Fungus and other Nail Disease/distal-subungual-onychomycosis-154.jpg
12,E:\MedicalData\kagglechallenge\Dermnet\train/Nail Fungus and other Nail Disease/distal-subungual-onychomycosis-156.jpg
12,E:\MedicalData\kagglechallenge\Dermnet\train/Nail Fungus and other Nail Disease/distal-subungual-onychomycosis-157.jpg
12,E:\MedicalData\kagglechallenge\Dermnet\train/Nail Fungus and other Nail Disease/distal-subungual-onychomycosis-158.jpg
12,E:\MedicalData\kagglechallenge\Dermnet\train/Nail Fungus and other Nail Disease/distal-subungual-onychomycosis-159.jpg
12,E:\MedicalData\kagglechallenge\Dermnet\train/Nail Fungus and other Nail Disease/distal-subungual-onychomycosis-16.jpg
12,E:\MedicalData\kagglechallenge\Dermnet\train/Nail Fungus and other Nail Disease/distal-subungual-onychomycosis-160.jpg
12,E:\MedicalData\kagglechallenge\Dermnet\train/Nail Fungus and other Nail Disease/distal-subungual-onychomycosis-162.jpg
12,E:\MedicalData\kagglechallenge\Dermnet\train/Nail Fungus and other Nail Disease/distal-subungual-onychomycosis-163.jpg
12,E:\MedicalData\kagglechallenge\Dermnet\train/Nail Fungus and other Nail Disease/distal-subungual-onychomycosis-166.jpg
12,E:\MedicalData\kagglechallenge\Dermnet\train/Nail Fungus and other Nail Disease/distal-subungual-onychomycosis-17.jpg
12,E:\MedicalData\kagglechallenge\Dermnet\train/Nail Fungus and other Nail Disease/distal-subungual-onychomycosis-18.jpg
12,E:\MedicalData\kagglechallenge\Dermnet\train/Nail Fungus and other Nail Disease/distal-subungual-onychomycosis-19.jpg
12,E:\MedicalData\kagglechallenge\Dermnet\train/Nail Fungus and other Nail Disease/distal-subungual-onychomycosis-2.jpg
12,E:\MedicalData\kagglechallenge\Dermnet\train/Nail Fungus and other Nail Disease/distal-subungual-onychomycosis-20.jpg
12,E:\MedicalData\kagglechallenge\Dermnet\train/Nail Fungus and other Nail Disease/distal-subungual-onychomycosis-21.jpg
12,E:\MedicalData\kagglechallenge\Dermnet\train/Nail Fungus and other Nail Disease/distal-subungual-onychomycosis-22.jpg
12,E:\MedicalData\kagglechallenge\Dermnet\train/Nail Fungus and other Nail Disease/distal-subungual-onychomycosis-23.jpg
12,E:\MedicalData\kagglechallenge\Dermnet\train/Nail Fungus and other Nail Disease/distal-subungual-onychomycosis-24.jpg
12,E:\MedicalData\kagglechallenge\Dermnet\train/Nail Fungus and other Nail Disease/distal-subungual-onychomycosis-25.jpg
12,E:\MedicalData\kagglechallenge\Dermnet\train/Nail Fungus and other Nail Disease/distal-subungual-onychomycosis-26.jpg
12,E:\MedicalData\kagglechallenge\Dermnet\train/Nail Fungus and other Nail Disease/distal-subungual-onychomycosis-27.jpg
12,E:\MedicalData\kagglechallenge\Dermnet\train/Nail Fungus and other Nail Disease/distal-subungual-onychomycosis-28.jpg
12,E:\MedicalData\kagglechallenge\Dermnet\train/Nail Fungus and other Nail Disease/distal-subungual-onychomycosis-29.jpg
12,E:\MedicalData\kagglechallenge\Dermnet\train/Nail Fungus and other Nail Disease/distal-subungual-onychomycosis-3.jpg
12,E:\MedicalData\kagglechallenge\Dermnet\train/Nail Fungus and other Nail Disease/distal-subungual-onychomycosis-31.jpg
12,E:\MedicalData\kagglechallenge\Dermnet\train/Nail Fungus and other Nail Disease/distal-subungual-onychomycosis-32.jpg
12,E:\MedicalData\kagglechallenge\Dermnet\train/Nail Fungus and other Nail Disease/distal-subungual-onychomycosis-33.jpg
12,E:\MedicalData\kagglechallenge\Dermnet\train/Nail Fungus and other Nail Disease/distal-subungual-onychomycosis-34.jpg
12,E:\MedicalData\kagglechallenge\Dermnet\train/Nail Fungus and other Nail Disease/distal-subungual-onychomycosis-345.jpg
12,E:\MedicalData\kagglechallenge\Dermnet\train/Nail Fungus and other Nail Disease/distal-subungual-onychomycosis-346.jpg
12,E:\MedicalData\kagglechallenge\Dermnet\train/Nail Fungus and other Nail Disease/distal-subungual-onychomycosis-348.jpg
12,E:\MedicalData\kagglechallenge\Dermnet\train/Nail Fungus and other Nail Disease/distal-subungual-onychomycosis-36.jpg
12,E:\MedicalData\kagglechallenge\Dermnet\train/Nail Fungus and other Nail Disease/distal-subungual-onychomycosis-38.jpg
12,E:\MedicalData\kagglechallenge\Dermnet\train/Nail Fungus and other Nail Disease/distal-subungual-onychomycosis-39.jpg
12,E:\MedicalData\kagglechallenge\Dermnet\train/Nail Fungus and other Nail Disease/distal-subungual-onychomycosis-4.jpg
12,E:\MedicalData\kagglechallenge\Dermnet\train/Nail Fungus and other Nail Disease/distal-subungual-onychomycosis-41.jpg
12,E:\MedicalData\kagglechallenge\Dermnet\train/Nail Fungus and other Nail Disease/distal-subungual-onychomycosis-83.jpg
12,E:\MedicalData\kagglechallenge\Dermnet\train/Nail Fungus and other Nail Disease/distal-subungual-onychomycosis-84.jpg
12,E:\MedicalData\kagglechallenge\Dermnet\train/Nail Fungus and other Nail Disease/distal-subungual-onychomycosis-85.jpg
12,E:\MedicalData\kagglechallenge\Dermnet\train/Nail Fungus and other Nail Disease/distal-subungual-onychomycosis-88.jpg
12,E:\MedicalData\kagglechallenge\Dermnet\train/Nail Fungus and other Nail Disease/distal-subungual-onychomycosis-90.jpg
12,E:\MedicalData\kagglechallenge\Dermnet\train/Nail Fungus and other Nail Disease/distal-subungual-onychomycosis-91.jpg
12,E:\MedicalData\kagglechallenge\Dermnet\train/Nail Fungus and other Nail Disease/distal-subungual-onychomycosis-92.jpg
12,E:\MedicalData\kagglechallenge\Dermnet\train/Nail Fungus and other Nail Disease/distal-subungual-onychomycosis-93.jpg
12,E:\MedicalData\kagglechallenge\Dermnet\train/Nail Fungus and other Nail Disease/distal-subungual-onychomycosis-94.jpg
12,E:\MedicalData\kagglechallenge\Dermnet\train/Nail Fungus and other Nail Disease/distal-subungual-onychomycosis-95.jpg
12,E:\MedicalData\kagglechallenge\Dermnet\train/Nail Fungus and other Nail Disease/distal-subungual-onychomycosis-97.jpg
12,E:\MedicalData\kagglechallenge\Dermnet\train/Nail Fungus and other Nail Disease/distal-subungual-onychomycosis-98.jpg
12,E:\MedicalData\kagglechallenge\Dermnet\train/Nail Fungus and other Nail Disease/distal-subungual-onychomycosis-99.jpg
12,E:\MedicalData\kagglechallenge\Dermnet\train/Nail Fungus and other Nail Disease/dry-nails-1.jpg
12,E:\MedicalData\kagglechallenge\Dermnet\train/Nail Fungus and other Nail Disease/dry-nails-2.jpg
12,E:\MedicalData\kagglechallenge\Dermnet\train/Nail Fungus and other Nail Disease/dry-nails-3.jpg
12,E:\MedicalData\kagglechallenge\Dermnet\train/Nail Fungus and other Nail Disease/dry-nails-4.jpg
12,E:\MedicalData\kagglechallenge\Dermnet\train/Nail Fungus and other Nail Disease/dry-nails-5.jpg
12,E:\MedicalData\kagglechallenge\Dermnet\train/Nail Fungus and other Nail Disease/dry-nails-6.jpg
12,E:\MedicalData\kagglechallenge\Dermnet\train/Nail Fungus and other Nail Disease/dry-nails-7.jpg
12,E:\MedicalData\kagglechallenge\Dermnet\train/Nail Fungus and other Nail Disease/eczema-nail-1.jpg
12,E:\MedicalData\kagglechallenge\Dermnet\train/Nail Fungus and other Nail Disease/eczema-nail-10.jpg
12,E:\MedicalData\kagglechallenge\Dermnet\train/Nail Fungus and other Nail Disease/eczema-nail-11.jpg
12,E:\MedicalData\kagglechallenge\Dermnet\train/Nail Fungus and other Nail Disease/eczema-nail-12.jpg
12,E:\MedicalData\kagglechallenge\Dermnet\train/Nail Fungus and other Nail Disease/eczema-nail-13.jpg
12,E:\MedicalData\kagglechallenge\Dermnet\train/Nail Fungus and other Nail Disease/eczema-nail-14.jpg
12,E:\MedicalData\kagglechallenge\Dermnet\train/Nail Fungus and other Nail Disease/eczema-nail-15.jpg
12,E:\MedicalData\kagglechallenge\Dermnet\train/Nail Fungus and other Nail Disease/eczema-nail-16.jpg
12,E:\MedicalData\kagglechallenge\Dermnet\train/Nail Fungus and other Nail Disease/eczema-nail-18.jpg
12,E:\MedicalData\kagglechallenge\Dermnet\train/Nail Fungus and other Nail Disease/eczema-nail-19.jpg
12,E:\MedicalData\kagglechallenge\Dermnet\train/Nail Fungus and other Nail Disease/eczema-nail-2.jpg
12,E:\MedicalData\kagglechallenge\Dermnet\train/Nail Fungus and other Nail Disease/eczema-nail-20.jpg
12,E:\MedicalData\kagglechallenge\Dermnet\train/Nail Fungus and other Nail Disease/eczema-nail-21.jpg
12,E:\MedicalData\kagglechallenge\Dermnet\train/Nail Fungus and other Nail Disease/eczema-nail-22.jpg
12,E:\MedicalData\kagglechallenge\Dermnet\train/Nail Fungus and other Nail Disease/eczema-nail-23.jpg
12,E:\MedicalData\kagglechallenge\Dermnet\train/Nail Fungus and other Nail Disease/eczema-nail-24.jpg
12,E:\MedicalData\kagglechallenge\Dermnet\train/Nail Fungus and other Nail Disease/eczema-nail-25.jpg
12,E:\MedicalData\kagglechallenge\Dermnet\train/Nail Fungus and other Nail Disease/eczema-nail-26.jpg
12,E:\MedicalData\kagglechallenge\Dermnet\train/Nail Fungus and other Nail Disease/eczema-nail-3.jpg
12,E:\MedicalData\kagglechallenge\Dermnet\train/Nail Fungus and other Nail Disease/eczema-nail-4.jpg
12,E:\MedicalData\kagglechallenge\Dermnet\train/Nail Fungus and other Nail Disease/eczema-nail-7.jpg
12,E:\MedicalData\kagglechallenge\Dermnet\train/Nail Fungus and other Nail Disease/eczema-nail-9.jpg
12,E:\MedicalData\kagglechallenge\Dermnet\train/Nail Fungus and other Nail Disease/exostosis-3.jpg
12,E:\MedicalData\kagglechallenge\Dermnet\train/Nail Fungus and other Nail Disease/exostosis-4.jpg
12,E:\MedicalData\kagglechallenge\Dermnet\train/Nail Fungus and other Nail Disease/fissure-10.jpg
12,E:\MedicalData\kagglechallenge\Dermnet\train/Nail Fungus and other Nail Disease/fissure-11.jpg
12,E:\MedicalData\kagglechallenge\Dermnet\train/Nail Fungus and other Nail Disease/fissure-4.jpg
12,E:\MedicalData\kagglechallenge\Dermnet\train/Nail Fungus and other Nail Disease/fissure-5.jpg
12,E:\MedicalData\kagglechallenge\Dermnet\train/Nail Fungus and other Nail Disease/habit-tic-deformity-1.jpg
12,E:\MedicalData\kagglechallenge\Dermnet\train/Nail Fungus and other Nail Disease/habit-tic-deformity-11.jpg
12,E:\MedicalData\kagglechallenge\Dermnet\train/Nail Fungus and other Nail Disease/habit-tic-deformity-14.jpg
12,E:\MedicalData\kagglechallenge\Dermnet\train/Nail Fungus and other Nail Disease/habit-tic-deformity-16.jpg
12,E:\MedicalData\kagglechallenge\Dermnet\train/Nail Fungus and other Nail Disease/habit-tic-deformity-17.jpg
12,E:\MedicalData\kagglechallenge\Dermnet\train/Nail Fungus and other Nail Disease/habit-tic-deformity-18.jpg
12,E:\MedicalData\kagglechallenge\Dermnet\train/Nail Fungus and other Nail Disease/habit-tic-deformity-2.jpg
12,E:\MedicalData\kagglechallenge\Dermnet\train/Nail Fungus and other Nail Disease/habit-tic-deformity-20.jpg
12,E:\MedicalData\kagglechallenge\Dermnet\train/Nail Fungus and other Nail Disease/habit-tic-deformity-22.jpg
12,E:\MedicalData\kagglechallenge\Dermnet\train/Nail Fungus and other Nail Disease/habit-tic-deformity-23.jpg
12,E:\MedicalData\kagglechallenge\Dermnet\train/Nail Fungus and other Nail Disease/habit-tic-deformity-24.jpg
12,E:\MedicalData\kagglechallenge\Dermnet\train/Nail Fungus and other Nail Disease/habit-tic-deformity-25.jpg
12,E:\MedicalData\kagglechallenge\Dermnet\train/Nail Fungus and other Nail Disease/habit-tic-deformity-26.jpg
12,E:\MedicalData\kagglechallenge\Dermnet\train/Nail Fungus and other Nail Disease/habit-tic-deformity-27.jpg
12,E:\MedicalData\kagglechallenge\Dermnet\train/Nail Fungus and other Nail Disease/habit-tic-deformity-28.jpg
12,E:\MedicalData\kagglechallenge\Dermnet\train/Nail Fungus and other Nail Disease/habit-tic-deformity-30.jpg
12,E:\MedicalData\kagglechallenge\Dermnet\train/Nail Fungus and other Nail Disease/habit-tic-deformity-31.jpg
12,E:\MedicalData\kagglechallenge\Dermnet\train/Nail Fungus and other Nail Disease/habit-tic-deformity-34.jpg
12,E:\MedicalData\kagglechallenge\Dermnet\train/Nail Fungus and other Nail Disease/habit-tic-deformity-35.jpg
12,E:\MedicalData\kagglechallenge\Dermnet\train/Nail Fungus and other Nail Disease/habit-tic-deformity-36.jpg
12,E:\MedicalData\kagglechallenge\Dermnet\train/Nail Fungus and other Nail Disease/habit-tic-deformity-37.jpg
12,E:\MedicalData\kagglechallenge\Dermnet\train/Nail Fungus and other Nail Disease/habit-tic-deformity-38.jpg
12,E:\MedicalData\kagglechallenge\Dermnet\train/Nail Fungus and other Nail Disease/habit-tic-deformity-39.jpg
12,E:\MedicalData\kagglechallenge\Dermnet\train/Nail Fungus and other Nail Disease/habit-tic-deformity-4.jpg
12,E:\MedicalData\kagglechallenge\Dermnet\train/Nail Fungus and other Nail Disease/habit-tic-deformity-40.jpg
12,E:\MedicalData\kagglechallenge\Dermnet\train/Nail Fungus and other Nail Disease/habit-tic-deformity-42.jpg
12,E:\MedicalData\kagglechallenge\Dermnet\train/Nail Fungus and other Nail Disease/habit-tic-deformity-44.jpg
12,E:\MedicalData\kagglechallenge\Dermnet\train/Nail Fungus and other Nail Disease/habit-tic-deformity-45.jpg
12,E:\MedicalData\kagglechallenge\Dermnet\train/Nail Fungus and other Nail Disease/habit-tic-deformity-46.jpg
12,E:\MedicalData\kagglechallenge\Dermnet\train/Nail Fungus and other Nail Disease/habit-tic-deformity-49.jpg
12,E:\MedicalData\kagglechallenge\Dermnet\train/Nail Fungus and other Nail Disease/habit-tic-deformity-5.jpg
12,E:\MedicalData\kagglechallenge\Dermnet\train/Nail Fungus and other Nail Disease/habit-tic-deformity-50.jpg
12,E:\MedicalData\kagglechallenge\Dermnet\train/Nail Fungus and other Nail Disease/habit-tic-deformity-52.jpg
12,E:\MedicalData\kagglechallenge\Dermnet\train/Nail Fungus and other Nail Disease/habit-tic-deformity-8.jpg
12,E:\MedicalData\kagglechallenge\Dermnet\train/Nail Fungus and other Nail Disease/hang-nail-1.jpg
12,E:\MedicalData\kagglechallenge\Dermnet\train/Nail Fungus and other Nail Disease/hang-nail-2.jpg
12,E:\MedicalData\kagglechallenge\Dermnet\train/Nail Fungus and other Nail Disease/hang-nail-3.jpg
12,E:\MedicalData\kagglechallenge\Dermnet\train/Nail Fungus and other Nail Disease/ingrown-nail-1.jpg
12,E:\MedicalData\kagglechallenge\Dermnet\train/Nail Fungus and other Nail Disease/ingrown-nail-10.jpg
12,E:\MedicalData\kagglechallenge\Dermnet\train/Nail Fungus and other Nail Disease/ingrown-nail-11.jpg
12,E:\MedicalData\kagglechallenge\Dermnet\train/Nail Fungus and other Nail Disease/ingrown-nail-12.jpg
12,E:\MedicalData\kagglechallenge\Dermnet\train/Nail Fungus and other Nail Disease/ingrown-nail-13.jpg
12,E:\MedicalData\kagglechallenge\Dermnet\train/Nail Fungus and other Nail Disease/ingrown-nail-15.jpg
12,E:\MedicalData\kagglechallenge\Dermnet\train/Nail Fungus and other Nail Disease/ingrown-nail-17.jpg
12,E:\MedicalData\kagglechallenge\Dermnet\train/Nail Fungus and other Nail Disease/ingrown-nail-2.jpg
12,E:\MedicalData\kagglechallenge\Dermnet\train/Nail Fungus and other Nail Disease/ingrown-nail-4.jpg
12,E:\MedicalData\kagglechallenge\Dermnet\train/Nail Fungus and other Nail Disease/ingrown-nail-5.jpg
12,E:\MedicalData\kagglechallenge\Dermnet\train/Nail Fungus and other Nail Disease/ingrown-nail-6.jpg
12,E:\MedicalData\kagglechallenge\Dermnet\train/Nail Fungus and other Nail Disease/ingrown-nail-7.jpg
12,E:\MedicalData\kagglechallenge\Dermnet\train/Nail Fungus and other Nail Disease/ingrown-nail-8.jpg
12,E:\MedicalData\kagglechallenge\Dermnet\train/Nail Fungus and other Nail Disease/ingrown-nail-9.jpg
12,E:\MedicalData\kagglechallenge\Dermnet\train/Nail Fungus and other Nail Disease/koilonychia-1.jpg
12,E:\MedicalData\kagglechallenge\Dermnet\train/Nail Fungus and other Nail Disease/koilonychia-10.jpg
12,E:\MedicalData\kagglechallenge\Dermnet\train/Nail Fungus and other Nail Disease/koilonychia-11.jpg
12,E:\MedicalData\kagglechallenge\Dermnet\train/Nail Fungus and other Nail Disease/koilonychia-123.jpg
12,E:\MedicalData\kagglechallenge\Dermnet\train/Nail Fungus and other Nail Disease/koilonychia-13.jpg
12,E:\MedicalData\kagglechallenge\Dermnet\train/Nail Fungus and other Nail Disease/koilonychia-14.jpg
12,E:\MedicalData\kagglechallenge\Dermnet\train/Nail Fungus and other Nail Disease/koilonychia-15.jpg
12,E:\MedicalData\kagglechallenge\Dermnet\train/Nail Fungus and other Nail Disease/koilonychia-16.jpg
12,E:\MedicalData\kagglechallenge\Dermnet\train/Nail Fungus and other Nail Disease/koilonychia-167.jpg
12,E:\MedicalData\kagglechallenge\Dermnet\train/Nail Fungus and other Nail Disease/koilonychia-3.jpg
12,E:\MedicalData\kagglechallenge\Dermnet\train/Nail Fungus and other Nail Disease/koilonychia-4.jpg
12,E:\MedicalData\kagglechallenge\Dermnet\train/Nail Fungus and other Nail Disease/koilonychia-5.jpg
12,E:\MedicalData\kagglechallenge\Dermnet\train/Nail Fungus and other Nail Disease/koilonychia-6.jpg
12,E:\MedicalData\kagglechallenge\Dermnet\train/Nail Fungus and other Nail Disease/koilonychia-8.jpg
12,E:\MedicalData\kagglechallenge\Dermnet\train/Nail Fungus and other Nail Disease/koilonychia-9.jpg
12,E:\MedicalData\kagglechallenge\Dermnet\train/Nail Fungus and other Nail Disease/leukonychia-1.jpg
12,E:\MedicalData\kagglechallenge\Dermnet\train/Nail Fungus and other Nail Disease/leukonychia-2.jpg
12,E:\MedicalData\kagglechallenge\Dermnet\train/Nail Fungus and other Nail Disease/leukonychia-6.jpg
12,E:\MedicalData\kagglechallenge\Dermnet\train/Nail Fungus and other Nail Disease/leukonychia-7.jpg
12,E:\MedicalData\kagglechallenge\Dermnet\train/Nail Fungus and other Nail Disease/leukonychia.jpg
12,E:\MedicalData\kagglechallenge\Dermnet\train/Nail Fungus and other Nail Disease/lichen-planus-10.jpg
12,E:\MedicalData\kagglechallenge\Dermnet\train/Nail Fungus and other Nail Disease/lichen-planus-100.jpg
12,E:\MedicalData\kagglechallenge\Dermnet\train/Nail Fungus and other Nail Disease/lichen-planus-101.jpg
12,E:\MedicalData\kagglechallenge\Dermnet\train/Nail Fungus and other Nail Disease/lichen-planus-103.jpg
12,E:\MedicalData\kagglechallenge\Dermnet\train/Nail Fungus and other Nail Disease/lichen-planus-105.jpg
12,E:\MedicalData\kagglechallenge\Dermnet\train/Nail Fungus and other Nail Disease/lichen-planus-107.jpg
12,E:\MedicalData\kagglechallenge\Dermnet\train/Nail Fungus and other Nail Disease/lichen-planus-108.jpg
12,E:\MedicalData\kagglechallenge\Dermnet\train/Nail Fungus and other Nail Disease/lichen-planus-109.jpg
12,E:\MedicalData\kagglechallenge\Dermnet\train/Nail Fungus and other Nail Disease/lichen-planus-110.jpg
12,E:\MedicalData\kagglechallenge\Dermnet\train/Nail Fungus and other Nail Disease/lichen-planus-111.jpg
12,E:\MedicalData\kagglechallenge\Dermnet\train/Nail Fungus and other Nail Disease/lichen-planus-114.jpg
12,E:\MedicalData\kagglechallenge\Dermnet\train/Nail Fungus and other Nail Disease/lichen-planus-115.jpg
12,E:\MedicalData\kagglechallenge\Dermnet\train/Nail Fungus and other Nail Disease/lichen-planus-116.jpg
12,E:\MedicalData\kagglechallenge\Dermnet\train/Nail Fungus and other Nail Disease/lichen-planus-117.jpg
12,E:\MedicalData\kagglechallenge\Dermnet\train/Nail Fungus and other Nail Disease/lichen-planus-119.jpg
12,E:\MedicalData\kagglechallenge\Dermnet\train/Nail Fungus and other Nail Disease/lichen-planus-120.jpg
12,E:\MedicalData\kagglechallenge\Dermnet\train/Nail Fungus and other Nail Disease/lichen-planus-121.jpg
12,E:\MedicalData\kagglechallenge\Dermnet\train/Nail Fungus and other Nail Disease/lichen-planus-123.jpg
12,E:\MedicalData\kagglechallenge\Dermnet\train/Nail Fungus and other Nail Disease/lichen-planus-124.jpg
12,E:\MedicalData\kagglechallenge\Dermnet\train/Nail Fungus and other Nail Disease/lichen-planus-127.jpg
12,E:\MedicalData\kagglechallenge\Dermnet\train/Nail Fungus and other Nail Disease/lichen-planus-128.jpg
12,E:\MedicalData\kagglechallenge\Dermnet\train/Nail Fungus and other Nail Disease/lichen-planus-13.jpg
12,E:\MedicalData\kagglechallenge\Dermnet\train/Nail Fungus and other Nail Disease/lichen-planus-130.jpg
12,E:\MedicalData\kagglechallenge\Dermnet\train/Nail Fungus and other Nail Disease/lichen-planus-131.jpg
12,E:\MedicalData\kagglechallenge\Dermnet\train/Nail Fungus and other Nail Disease/lichen-planus-132.jpg
12,E:\MedicalData\kagglechallenge\Dermnet\train/Nail Fungus and other Nail Disease/lichen-planus-133.jpg
12,E:\MedicalData\kagglechallenge\Dermnet\train/Nail Fungus and other Nail Disease/lichen-planus-135.jpg
12,E:\MedicalData\kagglechallenge\Dermnet\train/Nail Fungus and other Nail Disease/lichen-planus-138.jpg
12,E:\MedicalData\kagglechallenge\Dermnet\train/Nail Fungus and other Nail Disease/lichen-planus-139.jpg
12,E:\MedicalData\kagglechallenge\Dermnet\train/Nail Fungus and other Nail Disease/lichen-planus-14.jpg
12,E:\MedicalData\kagglechallenge\Dermnet\train/Nail Fungus and other Nail Disease/lichen-planus-143.jpg
12,E:\MedicalData\kagglechallenge\Dermnet\train/Nail Fungus and other Nail Disease/lichen-planus-144.jpg
12,E:\MedicalData\kagglechallenge\Dermnet\train/Nail Fungus and other Nail Disease/lichen-planus-146.jpg
12,E:\MedicalData\kagglechallenge\Dermnet\train/Nail Fungus and other Nail Disease/lichen-planus-148.jpg
12,E:\MedicalData\kagglechallenge\Dermnet\train/Nail Fungus and other Nail Disease/lichen-planus-149.jpg
12,E:\MedicalData\kagglechallenge\Dermnet\train/Nail Fungus and other Nail Disease/lichen-planus-151.jpg
12,E:\MedicalData\kagglechallenge\Dermnet\train/Nail Fungus and other Nail Disease/lichen-planus-152.jpg
12,E:\MedicalData\kagglechallenge\Dermnet\train/Nail Fungus and other Nail Disease/lichen-planus-155.jpg
12,E:\MedicalData\kagglechallenge\Dermnet\train/Nail Fungus and other Nail Disease/lichen-planus-157.jpg
12,E:\MedicalData\kagglechallenge\Dermnet\train/Nail Fungus and other Nail Disease/lichen-planus-158.jpg
12,E:\MedicalData\kagglechallenge\Dermnet\train/Nail Fungus and other Nail Disease/lichen-planus-160.jpg
12,E:\MedicalData\kagglechallenge\Dermnet\train/Nail Fungus and other Nail Disease/lichen-planus-164.jpg
12,E:\MedicalData\kagglechallenge\Dermnet\train/Nail Fungus and other Nail Disease/lichen-planus-165.jpg
12,E:\MedicalData\kagglechallenge\Dermnet\train/Nail Fungus and other Nail Disease/lichen-planus-166.jpg
12,E:\MedicalData\kagglechallenge\Dermnet\train/Nail Fungus and other Nail Disease/lichen-planus-169.jpg
12,E:\MedicalData\kagglechallenge\Dermnet\train/Nail Fungus and other Nail Disease/lichen-planus-170.jpg
12,E:\MedicalData\kagglechallenge\Dermnet\train/Nail Fungus and other Nail Disease/lichen-planus-171.jpg
12,E:\MedicalData\kagglechallenge\Dermnet\train/Nail Fungus and other Nail Disease/lichen-planus-172.jpg
12,E:\MedicalData\kagglechallenge\Dermnet\train/Nail Fungus and other Nail Disease/lichen-planus-174.jpg
12,E:\MedicalData\kagglechallenge\Dermnet\train/Nail Fungus and other Nail Disease/lichen-planus-175.jpg
12,E:\MedicalData\kagglechallenge\Dermnet\train/Nail Fungus and other Nail Disease/lichen-planus-176.jpg
12,E:\MedicalData\kagglechallenge\Dermnet\train/Nail Fungus and other Nail Disease/lichen-planus-178.jpg
12,E:\MedicalData\kagglechallenge\Dermnet\train/Nail Fungus and other Nail Disease/lichen-planus-18.jpg
12,E:\MedicalData\kagglechallenge\Dermnet\train/Nail Fungus and other Nail Disease/lichen-planus-180.jpg
12,E:\MedicalData\kagglechallenge\Dermnet\train/Nail Fungus and other Nail Disease/lichen-planus-182.jpg
12,E:\MedicalData\kagglechallenge\Dermnet\train/Nail Fungus and other Nail Disease/lichen-planus-183.jpg
12,E:\MedicalData\kagglechallenge\Dermnet\train/Nail Fungus and other Nail Disease/lichen-planus-184.jpg
12,E:\MedicalData\kagglechallenge\Dermnet\train/Nail Fungus and other Nail Disease/lichen-planus-185.jpg
12,E:\MedicalData\kagglechallenge\Dermnet\train/Nail Fungus and other Nail Disease/lichen-planus-186.jpg
12,E:\MedicalData\kagglechallenge\Dermnet\train/Nail Fungus and other Nail Disease/lichen-planus-187.jpg
12,E:\MedicalData\kagglechallenge\Dermnet\train/Nail Fungus and other Nail Disease/lichen-planus-188.jpg
12,E:\MedicalData\kagglechallenge\Dermnet\train/Nail Fungus and other Nail Disease/lichen-planus-189.jpg
12,E:\MedicalData\kagglechallenge\Dermnet\train/Nail Fungus and other Nail Disease/lichen-planus-19.jpg
12,E:\MedicalData\kagglechallenge\Dermnet\train/Nail Fungus and other Nail Disease/lichen-planus-190.jpg
12,E:\MedicalData\kagglechallenge\Dermnet\train/Nail Fungus and other Nail Disease/lichen-planus-196.jpg
12,E:\MedicalData\kagglechallenge\Dermnet\train/Nail Fungus and other Nail Disease/lichen-planus-197.jpg
12,E:\MedicalData\kagglechallenge\Dermnet\train/Nail Fungus and other Nail Disease/lichen-planus-199.jpg
12,E:\MedicalData\kagglechallenge\Dermnet\train/Nail Fungus and other Nail Disease/lichen-planus-2.jpg
12,E:\MedicalData\kagglechallenge\Dermnet\train/Nail Fungus and other Nail Disease/lichen-planus-200.jpg
12,E:\MedicalData\kagglechallenge\Dermnet\train/Nail Fungus and other Nail Disease/lichen-planus-201.jpg
12,E:\MedicalData\kagglechallenge\Dermnet\train/Nail Fungus and other Nail Disease/lichen-planus-202.jpg
12,E:\MedicalData\kagglechallenge\Dermnet\train/Nail Fungus and other Nail Disease/lichen-planus-203.jpg
12,E:\MedicalData\kagglechallenge\Dermnet\train/Nail Fungus and other Nail Disease/lichen-planus-206.jpg
12,E:\MedicalData\kagglechallenge\Dermnet\train/Nail Fungus and other Nail Disease/lichen-planus-207.jpg
12,E:\MedicalData\kagglechallenge\Dermnet\train/Nail Fungus and other Nail Disease/lichen-planus-21.jpg
12,E:\MedicalData\kagglechallenge\Dermnet\train/Nail Fungus and other Nail Disease/lichen-planus-210.jpg
12,E:\MedicalData\kagglechallenge\Dermnet\train/Nail Fungus and other Nail Disease/lichen-planus-211.jpg
12,E:\MedicalData\kagglechallenge\Dermnet\train/Nail Fungus and other Nail Disease/lichen-planus-212.jpg
12,E:\MedicalData\kagglechallenge\Dermnet\train/Nail Fungus and other Nail Disease/lichen-planus-82.jpg
12,E:\MedicalData\kagglechallenge\Dermnet\train/Nail Fungus and other Nail Disease/lichen-planus-83.jpg
12,E:\MedicalData\kagglechallenge\Dermnet\train/Nail Fungus and other Nail Disease/lichen-planus-84.jpg
12,E:\MedicalData\kagglechallenge\Dermnet\train/Nail Fungus and other Nail Disease/lichen-planus-85.jpg
12,E:\MedicalData\kagglechallenge\Dermnet\train/Nail Fungus and other Nail Disease/lichen-planus-86.jpg
12,E:\MedicalData\kagglechallenge\Dermnet\train/Nail Fungus and other Nail Disease/lichen-planus-91.jpg
12,E:\MedicalData\kagglechallenge\Dermnet\train/Nail Fungus and other Nail Disease/lichen-planus-93.jpg
12,E:\MedicalData\kagglechallenge\Dermnet\train/Nail Fungus and other Nail Disease/lichen-planus-95.jpg
12,E:\MedicalData\kagglechallenge\Dermnet\train/Nail Fungus and other Nail Disease/lichen-planus-96.jpg
12,E:\MedicalData\kagglechallenge\Dermnet\train/Nail Fungus and other Nail Disease/lichen-planus-97.jpg
12,E:\MedicalData\kagglechallenge\Dermnet\train/Nail Fungus and other Nail Disease/lichen-planus-98.jpg
12,E:\MedicalData\kagglechallenge\Dermnet\train/Nail Fungus and other Nail Disease/median-nail-dystrophy-1.jpg
12,E:\MedicalData\kagglechallenge\Dermnet\train/Nail Fungus and other Nail Disease/median-nail-dystrophy-10.jpg
12,E:\MedicalData\kagglechallenge\Dermnet\train/Nail Fungus and other Nail Disease/median-nail-dystrophy-13.jpg
12,E:\MedicalData\kagglechallenge\Dermnet\train/Nail Fungus and other Nail Disease/median-nail-dystrophy-14.jpg
12,E:\MedicalData\kagglechallenge\Dermnet\train/Nail Fungus and other Nail Disease/median-nail-dystrophy-15.jpg
12,E:\MedicalData\kagglechallenge\Dermnet\train/Nail Fungus and other Nail Disease/median-nail-dystrophy-18.jpg
12,E:\MedicalData\kagglechallenge\Dermnet\train/Nail Fungus and other Nail Disease/median-nail-dystrophy-2.jpg
12,E:\MedicalData\kagglechallenge\Dermnet\train/Nail Fungus and other Nail Disease/median-nail-dystrophy-20.jpg
12,E:\MedicalData\kagglechallenge\Dermnet\train/Nail Fungus and other Nail Disease/median-nail-dystrophy-21.jpg
12,E:\MedicalData\kagglechallenge\Dermnet\train/Nail Fungus and other Nail Disease/median-nail-dystrophy-22.jpg
12,E:\MedicalData\kagglechallenge\Dermnet\train/Nail Fungus and other Nail Disease/median-nail-dystrophy-23.jpg
12,E:\MedicalData\kagglechallenge\Dermnet\train/Nail Fungus and other Nail Disease/median-nail-dystrophy-24.jpg
12,E:\MedicalData\kagglechallenge\Dermnet\train/Nail Fungus and other Nail Disease/median-nail-dystrophy-26.jpg
12,E:\MedicalData\kagglechallenge\Dermnet\train/Nail Fungus and other Nail Disease/median-nail-dystrophy-27.jpg
12,E:\MedicalData\kagglechallenge\Dermnet\train/Nail Fungus and other Nail Disease/median-nail-dystrophy-28.jpg
12,E:\MedicalData\kagglechallenge\Dermnet\train/Nail Fungus and other Nail Disease/median-nail-dystrophy-29.jpg
12,E:\MedicalData\kagglechallenge\Dermnet\train/Nail Fungus and other Nail Disease/median-nail-dystrophy-3.jpg
12,E:\MedicalData\kagglechallenge\Dermnet\train/Nail Fungus and other Nail Disease/median-nail-dystrophy-30.jpg
12,E:\MedicalData\kagglechallenge\Dermnet\train/Nail Fungus and other Nail Disease/median-nail-dystrophy-31.jpg
12,E:\MedicalData\kagglechallenge\Dermnet\train/Nail Fungus and other Nail Disease/median-nail-dystrophy-32.jpg
12,E:\MedicalData\kagglechallenge\Dermnet\train/Nail Fungus and other Nail Disease/median-nail-dystrophy-33.jpg
12,E:\MedicalData\kagglechallenge\Dermnet\train/Nail Fungus and other Nail Disease/median-nail-dystrophy-5.jpg
12,E:\MedicalData\kagglechallenge\Dermnet\train/Nail Fungus and other Nail Disease/median-nail-dystrophy-6.jpg
12,E:\MedicalData\kagglechallenge\Dermnet\train/Nail Fungus and other Nail Disease/median-nail-dystrophy-7.jpg
12,E:\MedicalData\kagglechallenge\Dermnet\train/Nail Fungus and other Nail Disease/mucous-cyst-1.jpg
12,E:\MedicalData\kagglechallenge\Dermnet\train/Nail Fungus and other Nail Disease/mucous-cyst-10.jpg
12,E:\MedicalData\kagglechallenge\Dermnet\train/Nail Fungus and other Nail Disease/mucous-cyst-100.jpg
12,E:\MedicalData\kagglechallenge\Dermnet\train/Nail Fungus and other Nail Disease/mucous-cyst-101.jpg
12,E:\MedicalData\kagglechallenge\Dermnet\train/Nail Fungus and other Nail Disease/mucous-cyst-102.jpg
12,E:\MedicalData\kagglechallenge\Dermnet\train/Nail Fungus and other Nail Disease/mucous-cyst-103.jpg
12,E:\MedicalData\kagglechallenge\Dermnet\train/Nail Fungus and other Nail Disease/mucous-cyst-12.jpg
12,E:\MedicalData\kagglechallenge\Dermnet\train/Nail Fungus and other Nail Disease/mucous-cyst-13.jpg
12,E:\MedicalData\kagglechallenge\Dermnet\train/Nail Fungus and other Nail Disease/mucous-cyst-15.jpg
12,E:\MedicalData\kagglechallenge\Dermnet\train/Nail Fungus and other Nail Disease/mucous-cyst-17.jpg
12,E:\MedicalData\kagglechallenge\Dermnet\train/Nail Fungus and other Nail Disease/mucous-cyst-18.jpg
12,E:\MedicalData\kagglechallenge\Dermnet\train/Nail Fungus and other Nail Disease/mucous-cyst-20.jpg
12,E:\MedicalData\kagglechallenge\Dermnet\train/Nail Fungus and other Nail Disease/mucous-cyst-21.jpg
12,E:\MedicalData\kagglechallenge\Dermnet\train/Nail Fungus and other Nail Disease/mucous-cyst-23.jpg
12,E:\MedicalData\kagglechallenge\Dermnet\train/Nail Fungus and other Nail Disease/mucous-cyst-25.jpg
12,E:\MedicalData\kagglechallenge\Dermnet\train/Nail Fungus and other Nail Disease/mucous-cyst-26.jpg
12,E:\MedicalData\kagglechallenge\Dermnet\train/Nail Fungus and other Nail Disease/mucous-cyst-27.jpg
12,E:\MedicalData\kagglechallenge\Dermnet\train/Nail Fungus and other Nail Disease/mucous-cyst-28.jpg
12,E:\MedicalData\kagglechallenge\Dermnet\train/Nail Fungus and other Nail Disease/mucous-cyst-29.jpg
12,E:\MedicalData\kagglechallenge\Dermnet\train/Nail Fungus and other Nail Disease/mucous-cyst-3.jpg
12,E:\MedicalData\kagglechallenge\Dermnet\train/Nail Fungus and other Nail Disease/mucous-cyst-31.jpg
12,E:\MedicalData\kagglechallenge\Dermnet\train/Nail Fungus and other Nail Disease/mucous-cyst-32.jpg
12,E:\MedicalData\kagglechallenge\Dermnet\train/Nail Fungus and other Nail Disease/mucous-cyst-35.jpg
12,E:\MedicalData\kagglechallenge\Dermnet\train/Nail Fungus and other Nail Disease/mucous-cyst-36.jpg
12,E:\MedicalData\kagglechallenge\Dermnet\train/Nail Fungus and other Nail Disease/mucous-cyst-37.jpg
12,E:\MedicalData\kagglechallenge\Dermnet\train/Nail Fungus and other Nail Disease/mucous-cyst-38.jpg
12,E:\MedicalData\kagglechallenge\Dermnet\train/Nail Fungus and other Nail Disease/mucous-cyst-4.jpg
12,E:\MedicalData\kagglechallenge\Dermnet\train/Nail Fungus and other Nail Disease/mucous-cyst-40.jpg
12,E:\MedicalData\kagglechallenge\Dermnet\train/Nail Fungus and other Nail Disease/mucous-cyst-42.jpg
12,E:\MedicalData\kagglechallenge\Dermnet\train/Nail Fungus and other Nail Disease/mucous-cyst-43.jpg
12,E:\MedicalData\kagglechallenge\Dermnet\train/Nail Fungus and other Nail Disease/mucous-cyst-44.jpg
12,E:\MedicalData\kagglechallenge\Dermnet\train/Nail Fungus and other Nail Disease/mucous-cyst-46.jpg
12,E:\MedicalData\kagglechallenge\Dermnet\train/Nail Fungus and other Nail Disease/mucous-cyst-48.jpg
12,E:\MedicalData\kagglechallenge\Dermnet\train/Nail Fungus and other Nail Disease/mucous-cyst-49.jpg
12,E:\MedicalData\kagglechallenge\Dermnet\train/Nail Fungus and other Nail Disease/mucous-cyst-5.jpg
12,E:\MedicalData\kagglechallenge\Dermnet\train/Nail Fungus and other Nail Disease/mucous-cyst-50.jpg
12,E:\MedicalData\kagglechallenge\Dermnet\train/Nail Fungus and other Nail Disease/mucous-cyst-51.jpg
12,E:\MedicalData\kagglechallenge\Dermnet\train/Nail Fungus and other Nail Disease/mucous-cyst-52.jpg
12,E:\MedicalData\kagglechallenge\Dermnet\train/Nail Fungus and other Nail Disease/mucous-cyst-53.jpg
12,E:\MedicalData\kagglechallenge\Dermnet\train/Nail Fungus and other Nail Disease/mucous-cyst-54.jpg
12,E:\MedicalData\kagglechallenge\Dermnet\train/Nail Fungus and other Nail Disease/mucous-cyst-55.jpg
12,E:\MedicalData\kagglechallenge\Dermnet\train/Nail Fungus and other Nail Disease/mucous-cyst-58.jpg
12,E:\MedicalData\kagglechallenge\Dermnet\train/Nail Fungus and other Nail Disease/mucous-cyst-59.jpg
12,E:\MedicalData\kagglechallenge\Dermnet\train/Nail Fungus and other Nail Disease/mucous-cyst-6.jpg
12,E:\MedicalData\kagglechallenge\Dermnet\train/Nail Fungus and other Nail Disease/mucous-cyst-60.jpg
12,E:\MedicalData\kagglechallenge\Dermnet\train/Nail Fungus and other Nail Disease/mucous-cyst-61.jpg
12,E:\MedicalData\kagglechallenge\Dermnet\train/Nail Fungus and other Nail Disease/mucous-cyst-62.jpg
12,E:\MedicalData\kagglechallenge\Dermnet\train/Nail Fungus and other Nail Disease/mucous-cyst-63.jpg
12,E:\MedicalData\kagglechallenge\Dermnet\train/Nail Fungus and other Nail Disease/mucous-cyst-64.jpg
12,E:\MedicalData\kagglechallenge\Dermnet\train/Nail Fungus and other Nail Disease/mucous-cyst-68.jpg
12,E:\MedicalData\kagglechallenge\Dermnet\train/Nail Fungus and other Nail Disease/mucous-cyst-69.jpg
12,E:\MedicalData\kagglechallenge\Dermnet\train/Nail Fungus and other Nail Disease/mucous-cyst-7.jpg
12,E:\MedicalData\kagglechallenge\Dermnet\train/Nail Fungus and other Nail Disease/mucous-cyst-70.jpg
12,E:\MedicalData\kagglechallenge\Dermnet\train/Nail Fungus and other Nail Disease/mucous-cyst-71.jpg
12,E:\MedicalData\kagglechallenge\Dermnet\train/Nail Fungus and other Nail Disease/mucous-cyst-72.jpg
12,E:\MedicalData\kagglechallenge\Dermnet\train/Nail Fungus and other Nail Disease/mucous-cyst-73.jpg
12,E:\MedicalData\kagglechallenge\Dermnet\train/Nail Fungus and other Nail Disease/mucous-cyst-74.jpg
12,E:\MedicalData\kagglechallenge\Dermnet\train/Nail Fungus and other Nail Disease/mucous-cyst-75.jpg
12,E:\MedicalData\kagglechallenge\Dermnet\train/Nail Fungus and other Nail Disease/mucous-cyst-76.jpg
12,E:\MedicalData\kagglechallenge\Dermnet\train/Nail Fungus and other Nail Disease/mucous-cyst-77.jpg
12,E:\MedicalData\kagglechallenge\Dermnet\train/Nail Fungus and other Nail Disease/mucous-cyst-79.jpg
12,E:\MedicalData\kagglechallenge\Dermnet\train/Nail Fungus and other Nail Disease/mucous-cyst-81.jpg
12,E:\MedicalData\kagglechallenge\Dermnet\train/Nail Fungus and other Nail Disease/mucous-cyst-82.jpg
12,E:\MedicalData\kagglechallenge\Dermnet\train/Nail Fungus and other Nail Disease/mucous-cyst-83.jpg
12,E:\MedicalData\kagglechallenge\Dermnet\train/Nail Fungus and other Nail Disease/mucous-cyst-84.jpg
12,E:\MedicalData\kagglechallenge\Dermnet\train/Nail Fungus and other Nail Disease/mucous-cyst-85.jpg
12,E:\MedicalData\kagglechallenge\Dermnet\train/Nail Fungus and other Nail Disease/mucous-cyst-87.jpg
12,E:\MedicalData\kagglechallenge\Dermnet\train/Nail Fungus and other Nail Disease/mucous-cyst-88.jpg
12,E:\MedicalData\kagglechallenge\Dermnet\train/Nail Fungus and other Nail Disease/mucous-cyst-89.jpg
12,E:\MedicalData\kagglechallenge\Dermnet\train/Nail Fungus and other Nail Disease/mucous-cyst-90.jpg
12,E:\MedicalData\kagglechallenge\Dermnet\train/Nail Fungus and other Nail Disease/mucous-cyst-91.jpg
12,E:\MedicalData\kagglechallenge\Dermnet\train/Nail Fungus and other Nail Disease/mucous-cyst-92.jpg
12,E:\MedicalData\kagglechallenge\Dermnet\train/Nail Fungus and other Nail Disease/mucous-cyst-93.jpg
12,E:\MedicalData\kagglechallenge\Dermnet\train/Nail Fungus and other Nail Disease/mucous-cyst-94.jpg
12,E:\MedicalData\kagglechallenge\Dermnet\train/Nail Fungus and other Nail Disease/mucous-cyst-96.jpg
12,E:\MedicalData\kagglechallenge\Dermnet\train/Nail Fungus and other Nail Disease/mucous-cyst-97.jpg
12,E:\MedicalData\kagglechallenge\Dermnet\train/Nail Fungus and other Nail Disease/mucous-cyst-98.jpg
12,E:\MedicalData\kagglechallenge\Dermnet\train/Nail Fungus and other Nail Disease/nail-distal-splitting-10.jpg
12,E:\MedicalData\kagglechallenge\Dermnet\train/Nail Fungus and other Nail Disease/nail-distal-splitting-11.jpg
12,E:\MedicalData\kagglechallenge\Dermnet\train/Nail Fungus and other Nail Disease/nail-distal-splitting-12.jpg
12,E:\MedicalData\kagglechallenge\Dermnet\train/Nail Fungus and other Nail Disease/nail-distal-splitting-13.jpg
12,E:\MedicalData\kagglechallenge\Dermnet\train/Nail Fungus and other Nail Disease/nail-distal-splitting-14.jpg
12,E:\MedicalData\kagglechallenge\Dermnet\train/Nail Fungus and other Nail Disease/nail-distal-splitting-16.jpg
12,E:\MedicalData\kagglechallenge\Dermnet\train/Nail Fungus and other Nail Disease/nail-distal-splitting-17.jpg
12,E:\MedicalData\kagglechallenge\Dermnet\train/Nail Fungus and other Nail Disease/nail-distal-splitting-19.jpg
12,E:\MedicalData\kagglechallenge\Dermnet\train/Nail Fungus and other Nail Disease/nail-distal-splitting-2.jpg
12,E:\MedicalData\kagglechallenge\Dermnet\train/Nail Fungus and other Nail Disease/nail-distal-splitting-3.jpg
12,E:\MedicalData\kagglechallenge\Dermnet\train/Nail Fungus and other Nail Disease/nail-distal-splitting-4.jpg
12,E:\MedicalData\kagglechallenge\Dermnet\train/Nail Fungus and other Nail Disease/nail-distal-splitting-6.jpg
12,E:\MedicalData\kagglechallenge\Dermnet\train/Nail Fungus and other Nail Disease/nail-distal-splitting-7.jpg
12,E:\MedicalData\kagglechallenge\Dermnet\train/Nail Fungus and other Nail Disease/nail-distal-splitting-8.jpg
12,E:\MedicalData\kagglechallenge\Dermnet\train/Nail Fungus and other Nail Disease/nail-melanoma-1.jpg
12,E:\MedicalData\kagglechallenge\Dermnet\train/Nail Fungus and other Nail Disease/nail-melanoma-3.jpg
12,E:\MedicalData\kagglechallenge\Dermnet\train/Nail Fungus and other Nail Disease/nail-melanoma-5.jpg
12,E:\MedicalData\kagglechallenge\Dermnet\train/Nail Fungus and other Nail Disease/nails-chemotherapy-1.jpg
12,E:\MedicalData\kagglechallenge\Dermnet\train/Nail Fungus and other Nail Disease/nails-chemotherapy-2.jpg
12,E:\MedicalData\kagglechallenge\Dermnet\train/Nail Fungus and other Nail Disease/nails-chemotherapy-3.jpg
12,E:\MedicalData\kagglechallenge\Dermnet\train/Nail Fungus and other Nail Disease/nails-chemotherapy.jpg
12,E:\MedicalData\kagglechallenge\Dermnet\train/Nail Fungus and other Nail Disease/normal-variations-1.jpg
12,E:\MedicalData\kagglechallenge\Dermnet\train/Nail Fungus and other Nail Disease/normal-variations-2.jpg
12,E:\MedicalData\kagglechallenge\Dermnet\train/Nail Fungus and other Nail Disease/normal-variations-4.jpg
12,E:\MedicalData\kagglechallenge\Dermnet\train/Nail Fungus and other Nail Disease/normal-variations-5.jpg
12,E:\MedicalData\kagglechallenge\Dermnet\train/Nail Fungus and other Nail Disease/normal-variations-6.jpg
12,E:\MedicalData\kagglechallenge\Dermnet\train/Nail Fungus and other Nail Disease/onychogryphosis-10.jpg
12,E:\MedicalData\kagglechallenge\Dermnet\train/Nail Fungus and other Nail Disease/onychogryphosis-11.jpg
12,E:\MedicalData\kagglechallenge\Dermnet\train/Nail Fungus and other Nail Disease/onychogryphosis-2.jpg
12,E:\MedicalData\kagglechallenge\Dermnet\train/Nail Fungus and other Nail Disease/onychogryphosis-3.jpg
12,E:\MedicalData\kagglechallenge\Dermnet\train/Nail Fungus and other Nail Disease/onychogryphosis-4.jpg
12,E:\MedicalData\kagglechallenge\Dermnet\train/Nail Fungus and other Nail Disease/onychogryphosis-5.jpg
12,E:\MedicalData\kagglechallenge\Dermnet\train/Nail Fungus and other Nail Disease/onychogryphosis-6.jpg
12,E:\MedicalData\kagglechallenge\Dermnet\train/Nail Fungus and other Nail Disease/onychogryphosis-8.jpg
12,E:\MedicalData\kagglechallenge\Dermnet\train/Nail Fungus and other Nail Disease/onycholysis-1.jpg
12,E:\MedicalData\kagglechallenge\Dermnet\train/Nail Fungus and other Nail Disease/onycholysis-10.jpg
12,E:\MedicalData\kagglechallenge\Dermnet\train/Nail Fungus and other Nail Disease/onycholysis-13.jpg
12,E:\MedicalData\kagglechallenge\Dermnet\train/Nail Fungus and other Nail Disease/onycholysis-14.jpg
12,E:\MedicalData\kagglechallenge\Dermnet\train/Nail Fungus and other Nail Disease/onycholysis-16.jpg
12,E:\MedicalData\kagglechallenge\Dermnet\train/Nail Fungus and other Nail Disease/onycholysis-18.jpg
12,E:\MedicalData\kagglechallenge\Dermnet\train/Nail Fungus and other Nail Disease/onycholysis-19.jpg
12,E:\MedicalData\kagglechallenge\Dermnet\train/Nail Fungus and other Nail Disease/onycholysis-20.jpg
12,E:\MedicalData\kagglechallenge\Dermnet\train/Nail Fungus and other Nail Disease/onycholysis-21.jpg
12,E:\MedicalData\kagglechallenge\Dermnet\train/Nail Fungus and other Nail Disease/onycholysis-23.jpg
12,E:\MedicalData\kagglechallenge\Dermnet\train/Nail Fungus and other Nail Disease/onycholysis-24.jpg
12,E:\MedicalData\kagglechallenge\Dermnet\train/Nail Fungus and other Nail Disease/onycholysis-26.jpg
12,E:\MedicalData\kagglechallenge\Dermnet\train/Nail Fungus and other Nail Disease/onycholysis-27.jpg
12,E:\MedicalData\kagglechallenge\Dermnet\train/Nail Fungus and other Nail Disease/onycholysis-28.jpg
12,E:\MedicalData\kagglechallenge\Dermnet\train/Nail Fungus and other Nail Disease/onycholysis-3.jpg
12,E:\MedicalData\kagglechallenge\Dermnet\train/Nail Fungus and other Nail Disease/onycholysis-30.jpg
12,E:\MedicalData\kagglechallenge\Dermnet\train/Nail Fungus and other Nail Disease/onycholysis-31.jpg
12,E:\MedicalData\kagglechallenge\Dermnet\train/Nail Fungus and other Nail Disease/onycholysis-32.jpg
12,E:\MedicalData\kagglechallenge\Dermnet\train/Nail Fungus and other Nail Disease/onycholysis-34.jpg
12,E:\MedicalData\kagglechallenge\Dermnet\train/Nail Fungus and other Nail Disease/onycholysis-35.jpg
12,E:\MedicalData\kagglechallenge\Dermnet\train/Nail Fungus and other Nail Disease/onycholysis-36.jpg
12,E:\MedicalData\kagglechallenge\Dermnet\train/Nail Fungus and other Nail Disease/onycholysis-37.jpg
12,E:\MedicalData\kagglechallenge\Dermnet\train/Nail Fungus and other Nail Disease/onycholysis-38.jpg
12,E:\MedicalData\kagglechallenge\Dermnet\train/Nail Fungus and other Nail Disease/onycholysis-39.jpg
12,E:\MedicalData\kagglechallenge\Dermnet\train/Nail Fungus and other Nail Disease/onycholysis-4.jpg
12,E:\MedicalData\kagglechallenge\Dermnet\train/Nail Fungus and other Nail Disease/onycholysis-40.jpg
12,E:\MedicalData\kagglechallenge\Dermnet\train/Nail Fungus and other Nail Disease/onycholysis-41.jpg
12,E:\MedicalData\kagglechallenge\Dermnet\train/Nail Fungus and other Nail Disease/onycholysis-42.jpg
12,E:\MedicalData\kagglechallenge\Dermnet\train/Nail Fungus and other Nail Disease/onycholysis-45.jpg
12,E:\MedicalData\kagglechallenge\Dermnet\train/Nail Fungus and other Nail Disease/onycholysis-46.jpg
12,E:\MedicalData\kagglechallenge\Dermnet\train/Nail Fungus and other Nail Disease/onycholysis-47.jpg
12,E:\MedicalData\kagglechallenge\Dermnet\train/Nail Fungus and other Nail Disease/onycholysis-5.jpg
12,E:\MedicalData\kagglechallenge\Dermnet\train/Nail Fungus and other Nail Disease/onycholysis-51.jpg
12,E:\MedicalData\kagglechallenge\Dermnet\train/Nail Fungus and other Nail Disease/onycholysis-52.jpg
12,E:\MedicalData\kagglechallenge\Dermnet\train/Nail Fungus and other Nail Disease/onycholysis-53.jpg
12,E:\MedicalData\kagglechallenge\Dermnet\train/Nail Fungus and other Nail Disease/onycholysis-54.jpg
12,E:\MedicalData\kagglechallenge\Dermnet\train/Nail Fungus and other Nail Disease/onycholysis-55.jpg
12,E:\MedicalData\kagglechallenge\Dermnet\train/Nail Fungus and other Nail Disease/onycholysis-56.jpg
12,E:\MedicalData\kagglechallenge\Dermnet\train/Nail Fungus and other Nail Disease/onycholysis-57.jpg
12,E:\MedicalData\kagglechallenge\Dermnet\train/Nail Fungus and other Nail Disease/onycholysis-58.jpg
12,E:\MedicalData\kagglechallenge\Dermnet\train/Nail Fungus and other Nail Disease/onycholysis-60.jpg
12,E:\MedicalData\kagglechallenge\Dermnet\train/Nail Fungus and other Nail Disease/onycholysis-61.jpg
12,E:\MedicalData\kagglechallenge\Dermnet\train/Nail Fungus and other Nail Disease/onycholysis-63.jpg
12,E:\MedicalData\kagglechallenge\Dermnet\train/Nail Fungus and other Nail Disease/onycholysis-65.jpg
12,E:\MedicalData\kagglechallenge\Dermnet\train/Nail Fungus and other Nail Disease/onycholysis-9.jpg
12,E:\MedicalData\kagglechallenge\Dermnet\train/Nail Fungus and other Nail Disease/pachyonychia-congenita-1.jpg
12,E:\MedicalData\kagglechallenge\Dermnet\train/Nail Fungus and other Nail Disease/pachyonychia-congenita-2.jpg
12,E:\MedicalData\kagglechallenge\Dermnet\train/Nail Fungus and other Nail Disease/pachyonychia-congenita-3.jpg
12,E:\MedicalData\kagglechallenge\Dermnet\train/Nail Fungus and other Nail Disease/pachyonychia-congenita-5.jpg
12,E:\MedicalData\kagglechallenge\Dermnet\train/Nail Fungus and other Nail Disease/pachyonychia-congenita-6.jpg
12,E:\MedicalData\kagglechallenge\Dermnet\train/Nail Fungus and other Nail Disease/pachyonychia-congenita-7.jpg
12,E:\MedicalData\kagglechallenge\Dermnet\train/Nail Fungus and other Nail Disease/pachyonychia-congenita-8.jpg
12,E:\MedicalData\kagglechallenge\Dermnet\train/Nail Fungus and other Nail Disease/periungual-epidermal-cyst-2.jpg
12,E:\MedicalData\kagglechallenge\Dermnet\train/Nail Fungus and other Nail Disease/periungual-epidermal-cyst-3.jpg
12,E:\MedicalData\kagglechallenge\Dermnet\train/Nail Fungus and other Nail Disease/periungual-fibroma-1.jpg
12,E:\MedicalData\kagglechallenge\Dermnet\train/Nail Fungus and other Nail Disease/periungual-fibroma-2.jpg
12,E:\MedicalData\kagglechallenge\Dermnet\train/Nail Fungus and other Nail Disease/periungual-fibroma-4.jpg
12,E:\MedicalData\kagglechallenge\Dermnet\train/Nail Fungus and other Nail Disease/periungual-warts-10.jpg
12,E:\MedicalData\kagglechallenge\Dermnet\train/Nail Fungus and other Nail Disease/periungual-warts-11.jpg
12,E:\MedicalData\kagglechallenge\Dermnet\train/Nail Fungus and other Nail Disease/periungual-warts-12.jpg
12,E:\MedicalData\kagglechallenge\Dermnet\train/Nail Fungus and other Nail Disease/periungual-warts-13.jpg
12,E:\MedicalData\kagglechallenge\Dermnet\train/Nail Fungus and other Nail Disease/periungual-warts-14.jpg
12,E:\MedicalData\kagglechallenge\Dermnet\train/Nail Fungus and other Nail Disease/periungual-warts-2.jpg
12,E:\MedicalData\kagglechallenge\Dermnet\train/Nail Fungus and other Nail Disease/periungual-warts-3.jpg
12,E:\MedicalData\kagglechallenge\Dermnet\train/Nail Fungus and other Nail Disease/periungual-warts-4.jpg
12,E:\MedicalData\kagglechallenge\Dermnet\train/Nail Fungus and other Nail Disease/periungual-warts-5.jpg
12,E:\MedicalData\kagglechallenge\Dermnet\train/Nail Fungus and other Nail Disease/periungual-warts-6.jpg
12,E:\MedicalData\kagglechallenge\Dermnet\train/Nail Fungus and other Nail Disease/periungual-warts-7.jpg
12,E:\MedicalData\kagglechallenge\Dermnet\train/Nail Fungus and other Nail Disease/pigmented-bands-1.jpg
12,E:\MedicalData\kagglechallenge\Dermnet\train/Nail Fungus and other Nail Disease/pigmented-bands-11.jpg
12,E:\MedicalData\kagglechallenge\Dermnet\train/Nail Fungus and other Nail Disease/pigmented-bands-3.jpg
12,E:\MedicalData\kagglechallenge\Dermnet\train/Nail Fungus and other Nail Disease/pigmented-bands-4.jpg
12,E:\MedicalData\kagglechallenge\Dermnet\train/Nail Fungus and other Nail Disease/pigmented-bands-5.jpg
12,E:\MedicalData\kagglechallenge\Dermnet\train/Nail Fungus and other Nail Disease/pigmented-bands-6.jpg
12,E:\MedicalData\kagglechallenge\Dermnet\train/Nail Fungus and other Nail Disease/pigmented-bands-8.jpg
12,E:\MedicalData\kagglechallenge\Dermnet\train/Nail Fungus and other Nail Disease/pincer-nails-1.jpg
12,E:\MedicalData\kagglechallenge\Dermnet\train/Nail Fungus and other Nail Disease/pincer-nails-11.jpg
12,E:\MedicalData\kagglechallenge\Dermnet\train/Nail Fungus and other Nail Disease/pincer-nails-13.jpg
12,E:\MedicalData\kagglechallenge\Dermnet\train/Nail Fungus and other Nail Disease/pincer-nails-14.jpg
12,E:\MedicalData\kagglechallenge\Dermnet\train/Nail Fungus and other Nail Disease/pincer-nails-15.jpg
12,E:\MedicalData\kagglechallenge\Dermnet\train/Nail Fungus and other Nail Disease/pincer-nails-16.jpg
12,E:\MedicalData\kagglechallenge\Dermnet\train/Nail Fungus and other Nail Disease/pincer-nails-17.jpg
12,E:\MedicalData\kagglechallenge\Dermnet\train/Nail Fungus and other Nail Disease/pincer-nails-19.jpg
12,E:\MedicalData\kagglechallenge\Dermnet\train/Nail Fungus and other Nail Disease/pincer-nails-5.jpg
12,E:\MedicalData\kagglechallenge\Dermnet\train/Nail Fungus and other Nail Disease/pincer-nails-7.jpg
12,E:\MedicalData\kagglechallenge\Dermnet\train/Nail Fungus and other Nail Disease/proximal-subungual-onychomycosis-1.jpg
12,E:\MedicalData\kagglechallenge\Dermnet\train/Nail Fungus and other Nail Disease/proximal-subungual-onychomycosis-123.jpg
12,E:\MedicalData\kagglechallenge\Dermnet\train/Nail Fungus and other Nail Disease/proximal-subungual-onychomycosis-134.jpg
12,E:\MedicalData\kagglechallenge\Dermnet\train/Nail Fungus and other Nail Disease/proximal-subungual-onychomycosis-2.jpg
12,E:\MedicalData\kagglechallenge\Dermnet\train/Nail Fungus and other Nail Disease/proximal-subungual-onychomycosis-3.jpg
12,E:\MedicalData\kagglechallenge\Dermnet\train/Nail Fungus and other Nail Disease/proximal-subungual-onychomycosis-4.jpg
12,E:\MedicalData\kagglechallenge\Dermnet\train/Nail Fungus and other Nail Disease/proximal-subungual-onychomycosis-5.jpg
12,E:\MedicalData\kagglechallenge\Dermnet\train/Nail Fungus and other Nail Disease/proximal-subungual-onychomycosis-6.jpg
12,E:\MedicalData\kagglechallenge\Dermnet\train/Nail Fungus and other Nail Disease/proximal-subungual-onychomycosis-8.jpg
12,E:\MedicalData\kagglechallenge\Dermnet\train/Nail Fungus and other Nail Disease/proximal-subungual-onychomycosis-9.jpg
12,E:\MedicalData\kagglechallenge\Dermnet\train/Nail Fungus and other Nail Disease/pseudomonas-10.jpg
12,E:\MedicalData\kagglechallenge\Dermnet\train/Nail Fungus and other Nail Disease/pseudomonas-12.jpg
12,E:\MedicalData\kagglechallenge\Dermnet\train/Nail Fungus and other Nail Disease/pseudomonas-14.jpg
12,E:\MedicalData\kagglechallenge\Dermnet\train/Nail Fungus and other Nail Disease/pseudomonas-16.jpg
12,E:\MedicalData\kagglechallenge\Dermnet\train/Nail Fungus and other Nail Disease/pseudomonas-17.jpg
12,E:\MedicalData\kagglechallenge\Dermnet\train/Nail Fungus and other Nail Disease/pseudomonas-2.jpg
12,E:\MedicalData\kagglechallenge\Dermnet\train/Nail Fungus and other Nail Disease/pseudomonas-20.jpg
12,E:\MedicalData\kagglechallenge\Dermnet\train/Nail Fungus and other Nail Disease/pseudomonas-21.jpg
12,E:\MedicalData\kagglechallenge\Dermnet\train/Nail Fungus and other Nail Disease/pseudomonas-23.jpg
12,E:\MedicalData\kagglechallenge\Dermnet\train/Nail Fungus and other Nail Disease/pseudomonas-24.jpg
12,E:\MedicalData\kagglechallenge\Dermnet\train/Nail Fungus and other Nail Disease/pseudomonas-25.jpg
12,E:\MedicalData\kagglechallenge\Dermnet\train/Nail Fungus and other Nail Disease/pseudomonas-26.jpg
12,E:\MedicalData\kagglechallenge\Dermnet\train/Nail Fungus and other Nail Disease/pseudomonas-27.jpg
12,E:\MedicalData\kagglechallenge\Dermnet\train/Nail Fungus and other Nail Disease/pseudomonas-28.jpg
12,E:\MedicalData\kagglechallenge\Dermnet\train/Nail Fungus and other Nail Disease/pseudomonas-29.jpg
12,E:\MedicalData\kagglechallenge\Dermnet\train/Nail Fungus and other Nail Disease/pseudomonas-3.jpg
12,E:\MedicalData\kagglechallenge\Dermnet\train/Nail Fungus and other Nail Disease/pseudomonas-30.jpg
12,E:\MedicalData\kagglechallenge\Dermnet\train/Nail Fungus and other Nail Disease/pseudomonas-31.jpg
12,E:\MedicalData\kagglechallenge\Dermnet\train/Nail Fungus and other Nail Disease/pseudomonas-32.jpg
12,E:\MedicalData\kagglechallenge\Dermnet\train/Nail Fungus and other Nail Disease/pseudomonas-33.jpg
12,E:\MedicalData\kagglechallenge\Dermnet\train/Nail Fungus and other Nail Disease/pseudomonas-34.jpg
12,E:\MedicalData\kagglechallenge\Dermnet\train/Nail Fungus and other Nail Disease/pseudomonas-36.jpg
12,E:\MedicalData\kagglechallenge\Dermnet\train/Nail Fungus and other Nail Disease/pseudomonas-37.jpg
12,E:\MedicalData\kagglechallenge\Dermnet\train/Nail Fungus and other Nail Disease/pseudomonas-38.jpg
12,E:\MedicalData\kagglechallenge\Dermnet\train/Nail Fungus and other Nail Disease/pseudomonas-39.jpg
12,E:\MedicalData\kagglechallenge\Dermnet\train/Nail Fungus and other Nail Disease/pseudomonas-4.jpg
12,E:\MedicalData\kagglechallenge\Dermnet\train/Nail Fungus and other Nail Disease/pseudomonas-40.jpg
12,E:\MedicalData\kagglechallenge\Dermnet\train/Nail Fungus and other Nail Disease/pseudomonas-6.jpg
12,E:\MedicalData\kagglechallenge\Dermnet\train/Nail Fungus and other Nail Disease/pseudomonas-7.jpg
12,E:\MedicalData\kagglechallenge\Dermnet\train/Nail Fungus and other Nail Disease/pseudomonas-8.jpg
12,E:\MedicalData\kagglechallenge\Dermnet\train/Nail Fungus and other Nail Disease/pseudomonas-9.jpg
12,E:\MedicalData\kagglechallenge\Dermnet\train/Nail Fungus and other Nail Disease/psoriasis-1.jpg
12,E:\MedicalData\kagglechallenge\Dermnet\train/Nail Fungus and other Nail Disease/psoriasis-10.jpg
12,E:\MedicalData\kagglechallenge\Dermnet\train/Nail Fungus and other Nail Disease/psoriasis-101.jpg
12,E:\MedicalData\kagglechallenge\Dermnet\train/Nail Fungus and other Nail Disease/psoriasis-103.jpg
12,E:\MedicalData\kagglechallenge\Dermnet\train/Nail Fungus and other Nail Disease/psoriasis-104.jpg
12,E:\MedicalData\kagglechallenge\Dermnet\train/Nail Fungus and other Nail Disease/psoriasis-106.jpg
12,E:\MedicalData\kagglechallenge\Dermnet\train/Nail Fungus and other Nail Disease/psoriasis-109.jpg
12,E:\MedicalData\kagglechallenge\Dermnet\train/Nail Fungus and other Nail Disease/psoriasis-11.jpg
12,E:\MedicalData\kagglechallenge\Dermnet\train/Nail Fungus and other Nail Disease/psoriasis-112.jpg
12,E:\MedicalData\kagglechallenge\Dermnet\train/Nail Fungus and other Nail Disease/psoriasis-113.jpg
12,E:\MedicalData\kagglechallenge\Dermnet\train/Nail Fungus and other Nail Disease/psoriasis-114.jpg
12,E:\MedicalData\kagglechallenge\Dermnet\train/Nail Fungus and other Nail Disease/psoriasis-115.jpg
12,E:\MedicalData\kagglechallenge\Dermnet\train/Nail Fungus and other Nail Disease/psoriasis-116.jpg
12,E:\MedicalData\kagglechallenge\Dermnet\train/Nail Fungus and other Nail Disease/psoriasis-117.jpg
12,E:\MedicalData\kagglechallenge\Dermnet\train/Nail Fungus and other Nail Disease/psoriasis-119.jpg
12,E:\MedicalData\kagglechallenge\Dermnet\train/Nail Fungus and other Nail Disease/psoriasis-12.jpg
12,E:\MedicalData\kagglechallenge\Dermnet\train/Nail Fungus and other Nail Disease/psoriasis-121.jpg
12,E:\MedicalData\kagglechallenge\Dermnet\train/Nail Fungus and other Nail Disease/psoriasis-123.jpg
12,E:\MedicalData\kagglechallenge\Dermnet\train/Nail Fungus and other Nail Disease/psoriasis-124.jpg
12,E:\MedicalData\kagglechallenge\Dermnet\train/Nail Fungus and other Nail Disease/psoriasis-126.jpg
12,E:\MedicalData\kagglechallenge\Dermnet\train/Nail Fungus and other Nail Disease/psoriasis-127.jpg
12,E:\MedicalData\kagglechallenge\Dermnet\train/Nail Fungus and other Nail Disease/psoriasis-128.jpg
12,E:\MedicalData\kagglechallenge\Dermnet\train/Nail Fungus and other Nail Disease/psoriasis-129.jpg
12,E:\MedicalData\kagglechallenge\Dermnet\train/Nail Fungus and other Nail Disease/psoriasis-13.jpg
12,E:\MedicalData\kagglechallenge\Dermnet\train/Nail Fungus and other Nail Disease/psoriasis-130.jpg
12,E:\MedicalData\kagglechallenge\Dermnet\train/Nail Fungus and other Nail Disease/psoriasis-131.jpg
12,E:\MedicalData\kagglechallenge\Dermnet\train/Nail Fungus and other Nail Disease/psoriasis-132.jpg
12,E:\MedicalData\kagglechallenge\Dermnet\train/Nail Fungus and other Nail Disease/psoriasis-133.jpg
12,E:\MedicalData\kagglechallenge\Dermnet\train/Nail Fungus and other Nail Disease/psoriasis-134.jpg
12,E:\MedicalData\kagglechallenge\Dermnet\train/Nail Fungus and other Nail Disease/psoriasis-137.jpg
12,E:\MedicalData\kagglechallenge\Dermnet\train/Nail Fungus and other Nail Disease/psoriasis-138.jpg
12,E:\MedicalData\kagglechallenge\Dermnet\train/Nail Fungus and other Nail Disease/psoriasis-139.jpg
12,E:\MedicalData\kagglechallenge\Dermnet\train/Nail Fungus and other Nail Disease/psoriasis-14.jpg
12,E:\MedicalData\kagglechallenge\Dermnet\train/Nail Fungus and other Nail Disease/psoriasis-140.jpg
12,E:\MedicalData\kagglechallenge\Dermnet\train/Nail Fungus and other Nail Disease/psoriasis-141.jpg
12,E:\MedicalData\kagglechallenge\Dermnet\train/Nail Fungus and other Nail Disease/psoriasis-143.jpg
12,E:\MedicalData\kagglechallenge\Dermnet\train/Nail Fungus and other Nail Disease/psoriasis-144.jpg
12,E:\MedicalData\kagglechallenge\Dermnet\train/Nail Fungus and other Nail Disease/psoriasis-147.jpg
12,E:\MedicalData\kagglechallenge\Dermnet\train/Nail Fungus and other Nail Disease/psoriasis-148.jpg
12,E:\MedicalData\kagglechallenge\Dermnet\train/Nail Fungus and other Nail Disease/psoriasis-149.jpg
12,E:\MedicalData\kagglechallenge\Dermnet\train/Nail Fungus and other Nail Disease/psoriasis-15.jpg
12,E:\MedicalData\kagglechallenge\Dermnet\train/Nail Fungus and other Nail Disease/psoriasis-150.jpg
12,E:\MedicalData\kagglechallenge\Dermnet\train/Nail Fungus and other Nail Disease/psoriasis-151.jpg
12,E:\MedicalData\kagglechallenge\Dermnet\train/Nail Fungus and other Nail Disease/psoriasis-152.jpg
12,E:\MedicalData\kagglechallenge\Dermnet\train/Nail Fungus and other Nail Disease/psoriasis-153.jpg
12,E:\MedicalData\kagglechallenge\Dermnet\train/Nail Fungus and other Nail Disease/psoriasis-154.jpg
12,E:\MedicalData\kagglechallenge\Dermnet\train/Nail Fungus and other Nail Disease/psoriasis-157.jpg
12,E:\MedicalData\kagglechallenge\Dermnet\train/Nail Fungus and other Nail Disease/psoriasis-158.jpg
12,E:\MedicalData\kagglechallenge\Dermnet\train/Nail Fungus and other Nail Disease/psoriasis-161.jpg
12,E:\MedicalData\kagglechallenge\Dermnet\train/Nail Fungus and other Nail Disease/psoriasis-163.jpg
12,E:\MedicalData\kagglechallenge\Dermnet\train/Nail Fungus and other Nail Disease/psoriasis-164.jpg
12,E:\MedicalData\kagglechallenge\Dermnet\train/Nail Fungus and other Nail Disease/psoriasis-165.jpg
12,E:\MedicalData\kagglechallenge\Dermnet\train/Nail Fungus and other Nail Disease/psoriasis-167.jpg
12,E:\MedicalData\kagglechallenge\Dermnet\train/Nail Fungus and other Nail Disease/psoriasis-168.jpg
12,E:\MedicalData\kagglechallenge\Dermnet\train/Nail Fungus and other Nail Disease/psoriasis-169.jpg
12,E:\MedicalData\kagglechallenge\Dermnet\train/Nail Fungus and other Nail Disease/psoriasis-170.jpg
12,E:\MedicalData\kagglechallenge\Dermnet\train/Nail Fungus and other Nail Disease/psoriasis-171.jpg
12,E:\MedicalData\kagglechallenge\Dermnet\train/Nail Fungus and other Nail Disease/psoriasis-172.jpg
12,E:\MedicalData\kagglechallenge\Dermnet\train/Nail Fungus and other Nail Disease/psoriasis-19.jpg
12,E:\MedicalData\kagglechallenge\Dermnet\train/Nail Fungus and other Nail Disease/psoriasis-2.jpg
12,E:\MedicalData\kagglechallenge\Dermnet\train/Nail Fungus and other Nail Disease/psoriasis-20.jpg
12,E:\MedicalData\kagglechallenge\Dermnet\train/Nail Fungus and other Nail Disease/psoriasis-21.jpg
12,E:\MedicalData\kagglechallenge\Dermnet\train/Nail Fungus and other Nail Disease/psoriasis-22.jpg
12,E:\MedicalData\kagglechallenge\Dermnet\train/Nail Fungus and other Nail Disease/psoriasis-24.jpg
12,E:\MedicalData\kagglechallenge\Dermnet\train/Nail Fungus and other Nail Disease/psoriasis-25.jpg
12,E:\MedicalData\kagglechallenge\Dermnet\train/Nail Fungus and other Nail Disease/psoriasis-26.jpg
12,E:\MedicalData\kagglechallenge\Dermnet\train/Nail Fungus and other Nail Disease/psoriasis-28.jpg
12,E:\MedicalData\kagglechallenge\Dermnet\train/Nail Fungus and other Nail Disease/psoriasis-30.jpg
12,E:\MedicalData\kagglechallenge\Dermnet\train/Nail Fungus and other Nail Disease/psoriasis-33.jpg
12,E:\MedicalData\kagglechallenge\Dermnet\train/Nail Fungus and other Nail Disease/psoriasis-34.jpg
12,E:\MedicalData\kagglechallenge\Dermnet\train/Nail Fungus and other Nail Disease/psoriasis-35.jpg
12,E:\MedicalData\kagglechallenge\Dermnet\train/Nail Fungus and other Nail Disease/psoriasis-36.jpg
12,E:\MedicalData\kagglechallenge\Dermnet\train/Nail Fungus and other Nail Disease/psoriasis-37.jpg
12,E:\MedicalData\kagglechallenge\Dermnet\train/Nail Fungus and other Nail Disease/psoriasis-38.jpg
12,E:\MedicalData\kagglechallenge\Dermnet\train/Nail Fungus and other Nail Disease/psoriasis-4.jpg
12,E:\MedicalData\kagglechallenge\Dermnet\train/Nail Fungus and other Nail Disease/psoriasis-86.jpg
12,E:\MedicalData\kagglechallenge\Dermnet\train/Nail Fungus and other Nail Disease/psoriasis-87.jpg
12,E:\MedicalData\kagglechallenge\Dermnet\train/Nail Fungus and other Nail Disease/psoriasis-88.jpg
12,E:\MedicalData\kagglechallenge\Dermnet\train/Nail Fungus and other Nail Disease/psoriasis-89.jpg
12,E:\MedicalData\kagglechallenge\Dermnet\train/Nail Fungus and other Nail Disease/psoriasis-9.jpg
12,E:\MedicalData\kagglechallenge\Dermnet\train/Nail Fungus and other Nail Disease/psoriasis-91.jpg
12,E:\MedicalData\kagglechallenge\Dermnet\train/Nail Fungus and other Nail Disease/psoriasis-92.jpg
12,E:\MedicalData\kagglechallenge\Dermnet\train/Nail Fungus and other Nail Disease/psoriasis-93.jpg
12,E:\MedicalData\kagglechallenge\Dermnet\train/Nail Fungus and other Nail Disease/psoriasis-94.jpg
12,E:\MedicalData\kagglechallenge\Dermnet\train/Nail Fungus and other Nail Disease/psoriasis-95.jpg
12,E:\MedicalData\kagglechallenge\Dermnet\train/Nail Fungus and other Nail Disease/psoriasis-96.jpg
12,E:\MedicalData\kagglechallenge\Dermnet\train/Nail Fungus and other Nail Disease/psoriasis-97.jpg
12,E:\MedicalData\kagglechallenge\Dermnet\train/Nail Fungus and other Nail Disease/psoriasis-99.jpg
12,E:\MedicalData\kagglechallenge\Dermnet\train/Nail Fungus and other Nail Disease/ridging-beading-1.jpg
12,E:\MedicalData\kagglechallenge\Dermnet\train/Nail Fungus and other Nail Disease/ridging-beading-10.jpg
12,E:\MedicalData\kagglechallenge\Dermnet\train/Nail Fungus and other Nail Disease/ridging-beading-11.jpg
12,E:\MedicalData\kagglechallenge\Dermnet\train/Nail Fungus and other Nail Disease/ridging-beading-14.jpg
12,E:\MedicalData\kagglechallenge\Dermnet\train/Nail Fungus and other Nail Disease/ridging-beading-16.jpg
12,E:\MedicalData\kagglechallenge\Dermnet\train/Nail Fungus and other Nail Disease/ridging-beading-17.jpg
12,E:\MedicalData\kagglechallenge\Dermnet\train/Nail Fungus and other Nail Disease/ridging-beading-18.jpg
12,E:\MedicalData\kagglechallenge\Dermnet\train/Nail Fungus and other Nail Disease/ridging-beading-19.jpg
12,E:\MedicalData\kagglechallenge\Dermnet\train/Nail Fungus and other Nail Disease/ridging-beading-2.jpg
12,E:\MedicalData\kagglechallenge\Dermnet\train/Nail Fungus and other Nail Disease/ridging-beading-22.jpg
12,E:\MedicalData\kagglechallenge\Dermnet\train/Nail Fungus and other Nail Disease/ridging-beading-23.jpg
12,E:\MedicalData\kagglechallenge\Dermnet\train/Nail Fungus and other Nail Disease/ridging-beading-26.jpg
12,E:\MedicalData\kagglechallenge\Dermnet\train/Nail Fungus and other Nail Disease/ridging-beading-27.jpg
12,E:\MedicalData\kagglechallenge\Dermnet\train/Nail Fungus and other Nail Disease/ridging-beading-29.jpg
12,E:\MedicalData\kagglechallenge\Dermnet\train/Nail Fungus and other Nail Disease/ridging-beading-3.jpg
12,E:\MedicalData\kagglechallenge\Dermnet\train/Nail Fungus and other Nail Disease/ridging-beading-32.jpg
12,E:\MedicalData\kagglechallenge\Dermnet\train/Nail Fungus and other Nail Disease/ridging-beading-4.jpg
12,E:\MedicalData\kagglechallenge\Dermnet\train/Nail Fungus and other Nail Disease/ridging-beading-5.jpg
12,E:\MedicalData\kagglechallenge\Dermnet\train/Nail Fungus and other Nail Disease/ridging-beading-6.jpg
12,E:\MedicalData\kagglechallenge\Dermnet\train/Nail Fungus and other Nail Disease/ridging-beading-7.jpg
12,E:\MedicalData\kagglechallenge\Dermnet\train/Nail Fungus and other Nail Disease/ridging-beading-8.jpg
12,E:\MedicalData\kagglechallenge\Dermnet\train/Nail Fungus and other Nail Disease/ridging-beading-9.jpg
12,E:\MedicalData\kagglechallenge\Dermnet\train/Nail Fungus and other Nail Disease/skin-splitting-fissure-1.jpg
12,E:\MedicalData\kagglechallenge\Dermnet\train/Nail Fungus and other Nail Disease/skin-splitting-fissure-2.jpg
12,E:\MedicalData\kagglechallenge\Dermnet\train/Nail Fungus and other Nail Disease/skin-splitting-fissure-3.jpg
12,E:\MedicalData\kagglechallenge\Dermnet\train/Nail Fungus and other Nail Disease/splinter-hemorrhage-1.jpg
12,E:\MedicalData\kagglechallenge\Dermnet\train/Nail Fungus and other Nail Disease/splinter-hemorrhage-10.jpg
12,E:\MedicalData\kagglechallenge\Dermnet\train/Nail Fungus and other Nail Disease/splinter-hemorrhage-11.jpg
12,E:\MedicalData\kagglechallenge\Dermnet\train/Nail Fungus and other Nail Disease/splinter-hemorrhage-2.jpg
12,E:\MedicalData\kagglechallenge\Dermnet\train/Nail Fungus and other Nail Disease/splinter-hemorrhage-3.jpg
12,E:\MedicalData\kagglechallenge\Dermnet\train/Nail Fungus and other Nail Disease/splinter-hemorrhage-4.jpg
12,E:\MedicalData\kagglechallenge\Dermnet\train/Nail Fungus and other Nail Disease/splinter-hemorrhage-5.jpg
12,E:\MedicalData\kagglechallenge\Dermnet\train/Nail Fungus and other Nail Disease/splinter-hemorrhage-7.jpg
12,E:\MedicalData\kagglechallenge\Dermnet\train/Nail Fungus and other Nail Disease/splinter-hemorrhage-8.jpg
12,E:\MedicalData\kagglechallenge\Dermnet\train/Nail Fungus and other Nail Disease/splinter-hemorrhage-9.jpg
12,E:\MedicalData\kagglechallenge\Dermnet\train/Nail Fungus and other Nail Disease/subungual-hematoma-10.jpg
12,E:\MedicalData\kagglechallenge\Dermnet\train/Nail Fungus and other Nail Disease/subungual-hematoma-3.jpg
12,E:\MedicalData\kagglechallenge\Dermnet\train/Nail Fungus and other Nail Disease/subungual-hematoma-5.jpg
12,E:\MedicalData\kagglechallenge\Dermnet\train/Nail Fungus and other Nail Disease/subungual-hematoma-6.jpg
12,E:\MedicalData\kagglechallenge\Dermnet\train/Nail Fungus and other Nail Disease/subungual-hematoma-7.jpg
12,E:\MedicalData\kagglechallenge\Dermnet\train/Nail Fungus and other Nail Disease/subungual-hematoma-9.jpg
12,E:\MedicalData\kagglechallenge\Dermnet\train/Nail Fungus and other Nail Disease/terry-nails-1.jpg
12,E:\MedicalData\kagglechallenge\Dermnet\train/Nail Fungus and other Nail Disease/terry-nails-2.jpg
12,E:\MedicalData\kagglechallenge\Dermnet\train/Nail Fungus and other Nail Disease/terry-nails-3.jpg
12,E:\MedicalData\kagglechallenge\Dermnet\train/Nail Fungus and other Nail Disease/terry-nails-4.jpg
12,E:\MedicalData\kagglechallenge\Dermnet\train/Nail Fungus and other Nail Disease/trauma-11.jpg
12,E:\MedicalData\kagglechallenge\Dermnet\train/Nail Fungus and other Nail Disease/trauma-12.jpg
12,E:\MedicalData\kagglechallenge\Dermnet\train/Nail Fungus and other Nail Disease/trauma-13.jpg
12,E:\MedicalData\kagglechallenge\Dermnet\train/Nail Fungus and other Nail Disease/trauma-133.jpg
12,E:\MedicalData\kagglechallenge\Dermnet\train/Nail Fungus and other Nail Disease/trauma-145.jpg
12,E:\MedicalData\kagglechallenge\Dermnet\train/Nail Fungus and other Nail Disease/trauma-146.jpg
12,E:\MedicalData\kagglechallenge\Dermnet\train/Nail Fungus and other Nail Disease/trauma-147.jpg
12,E:\MedicalData\kagglechallenge\Dermnet\train/Nail Fungus and other Nail Disease/trauma-149.jpg
12,E:\MedicalData\kagglechallenge\Dermnet\train/Nail Fungus and other Nail Disease/trauma-15.jpg
12,E:\MedicalData\kagglechallenge\Dermnet\train/Nail Fungus and other Nail Disease/trauma-150.jpg
12,E:\MedicalData\kagglechallenge\Dermnet\train/Nail Fungus and other Nail Disease/trauma-151.jpg
12,E:\MedicalData\kagglechallenge\Dermnet\train/Nail Fungus and other Nail Disease/trauma-152.jpg
12,E:\MedicalData\kagglechallenge\Dermnet\train/Nail Fungus and other Nail Disease/trauma-155.jpg
12,E:\MedicalData\kagglechallenge\Dermnet\train/Nail Fungus and other Nail Disease/trauma-16.jpg
12,E:\MedicalData\kagglechallenge\Dermnet\train/Nail Fungus and other Nail Disease/trauma-178.jpg
12,E:\MedicalData\kagglechallenge\Dermnet\train/Nail Fungus and other Nail Disease/trauma-18.jpg
12,E:\MedicalData\kagglechallenge\Dermnet\train/Nail Fungus and other Nail Disease/trauma-19.jpg
12,E:\MedicalData\kagglechallenge\Dermnet\train/Nail Fungus and other Nail Disease/trauma-21.jpg
12,E:\MedicalData\kagglechallenge\Dermnet\train/Nail Fungus and other Nail Disease/trauma-22.jpg
12,E:\MedicalData\kagglechallenge\Dermnet\train/Nail Fungus and other Nail Disease/trauma-25.jpg
12,E:\MedicalData\kagglechallenge\Dermnet\train/Nail Fungus and other Nail Disease/trauma-26.jpg
12,E:\MedicalData\kagglechallenge\Dermnet\train/Nail Fungus and other Nail Disease/trauma-29.jpg
12,E:\MedicalData\kagglechallenge\Dermnet\train/Nail Fungus and other Nail Disease/trauma-3.jpg
12,E:\MedicalData\kagglechallenge\Dermnet\train/Nail Fungus and other Nail Disease/trauma-30.jpg
12,E:\MedicalData\kagglechallenge\Dermnet\train/Nail Fungus and other Nail Disease/trauma-4.jpg
12,E:\MedicalData\kagglechallenge\Dermnet\train/Nail Fungus and other Nail Disease/trauma-5.jpg
12,E:\MedicalData\kagglechallenge\Dermnet\train/Nail Fungus and other Nail Disease/trauma-6.jpg
12,E:\MedicalData\kagglechallenge\Dermnet\train/Nail Fungus and other Nail Disease/trauma-7.jpg
12,E:\MedicalData\kagglechallenge\Dermnet\train/Nail Fungus and other Nail Disease/trauma-9.jpg
12,E:\MedicalData\kagglechallenge\Dermnet\train/Nail Fungus and other Nail Disease/twenty-nail-dystrophy-10.jpg
12,E:\MedicalData\kagglechallenge\Dermnet\train/Nail Fungus and other Nail Disease/twenty-nail-dystrophy-11.jpg
12,E:\MedicalData\kagglechallenge\Dermnet\train/Nail Fungus and other Nail Disease/twenty-nail-dystrophy-13.jpg
12,E:\MedicalData\kagglechallenge\Dermnet\train/Nail Fungus and other Nail Disease/twenty-nail-dystrophy-14.jpg
12,E:\MedicalData\kagglechallenge\Dermnet\train/Nail Fungus and other Nail Disease/twenty-nail-dystrophy-2.jpg
12,E:\MedicalData\kagglechallenge\Dermnet\train/Nail Fungus and other Nail Disease/twenty-nail-dystrophy-5.jpg
12,E:\MedicalData\kagglechallenge\Dermnet\train/Nail Fungus and other Nail Disease/twenty-nail-dystrophy-6.jpg
12,E:\MedicalData\kagglechallenge\Dermnet\train/Nail Fungus and other Nail Disease/twenty-nail-dystrophy-9.jpg
12,E:\MedicalData\kagglechallenge\Dermnet\train/Nail Fungus and other Nail Disease/white-nails-1.jpg
12,E:\MedicalData\kagglechallenge\Dermnet\train/Nail Fungus and other Nail Disease/white-superficial-onychomycosis-10.jpg
12,E:\MedicalData\kagglechallenge\Dermnet\train/Nail Fungus and other Nail Disease/white-superficial-onychomycosis-11.jpg
12,E:\MedicalData\kagglechallenge\Dermnet\train/Nail Fungus and other Nail Disease/white-superficial-onychomycosis-12.jpg
12,E:\MedicalData\kagglechallenge\Dermnet\train/Nail Fungus and other Nail Disease/white-superficial-onychomycosis-13.jpg
12,E:\MedicalData\kagglechallenge\Dermnet\train/Nail Fungus and other Nail Disease/white-superficial-onychomycosis-14.jpg
12,E:\MedicalData\kagglechallenge\Dermnet\train/Nail Fungus and other Nail Disease/white-superficial-onychomycosis-15.jpg
12,E:\MedicalData\kagglechallenge\Dermnet\train/Nail Fungus and other Nail Disease/white-superficial-onychomycosis-2.jpg
12,E:\MedicalData\kagglechallenge\Dermnet\train/Nail Fungus and other Nail Disease/white-superficial-onychomycosis-5.jpg
12,E:\MedicalData\kagglechallenge\Dermnet\train/Nail Fungus and other Nail Disease/white-superficial-onychomycosis-7.jpg
12,E:\MedicalData\kagglechallenge\Dermnet\train/Nail Fungus and other Nail Disease/white-superficial-onychomycosis-8.jpg
12,E:\MedicalData\kagglechallenge\Dermnet\train/Nail Fungus and other Nail Disease/white-superficial-onychomycosis-9.jpg
12,E:\MedicalData\kagglechallenge\Dermnet\train/Nail Fungus and other Nail Disease/yellow-nails-11.jpg
12,E:\MedicalData\kagglechallenge\Dermnet\train/Nail Fungus and other Nail Disease/yellow-nails-12.jpg
12,E:\MedicalData\kagglechallenge\Dermnet\train/Nail Fungus and other Nail Disease/yellow-nails-13.jpg
12,E:\MedicalData\kagglechallenge\Dermnet\train/Nail Fungus and other Nail Disease/yellow-nails-15.jpg
12,E:\MedicalData\kagglechallenge\Dermnet\train/Nail Fungus and other Nail Disease/yellow-nails-16.jpg
12,E:\MedicalData\kagglechallenge\Dermnet\train/Nail Fungus and other Nail Disease/yellow-nails-17.jpg
12,E:\MedicalData\kagglechallenge\Dermnet\train/Nail Fungus and other Nail Disease/yellow-nails-2.jpg
12,E:\MedicalData\kagglechallenge\Dermnet\train/Nail Fungus and other Nail Disease/yellow-nails-5.jpg
12,E:\MedicalData\kagglechallenge\Dermnet\train/Nail Fungus and other Nail Disease/yellow-nails-6.jpg
12,E:\MedicalData\kagglechallenge\Dermnet\train/Nail Fungus and other Nail Disease/yellow-nails-7.jpg
12,E:\MedicalData\kagglechallenge\Dermnet\train/Nail Fungus and other Nail Disease/yellow-nails-8.jpg
12,E:\MedicalData\kagglechallenge\Dermnet\train/Nail Fungus and other Nail Disease/yellow-nails-9.jpg
13,E:\MedicalData\kagglechallenge\Dermnet\train/Poison Ivy Photos and other Contact Dermatitis/allergic-contact-dermatitis-10.jpg
13,E:\MedicalData\kagglechallenge\Dermnet\train/Poison Ivy Photos and other Contact Dermatitis/allergic-contact-dermatitis-100.jpg
13,E:\MedicalData\kagglechallenge\Dermnet\train/Poison Ivy Photos and other Contact Dermatitis/allergic-contact-dermatitis-101.jpg
13,E:\MedicalData\kagglechallenge\Dermnet\train/Poison Ivy Photos and other Contact Dermatitis/allergic-contact-dermatitis-102.jpg
13,E:\MedicalData\kagglechallenge\Dermnet\train/Poison Ivy Photos and other Contact Dermatitis/allergic-contact-dermatitis-106.jpg
13,E:\MedicalData\kagglechallenge\Dermnet\train/Poison Ivy Photos and other Contact Dermatitis/allergic-contact-dermatitis-109.jpg
13,E:\MedicalData\kagglechallenge\Dermnet\train/Poison Ivy Photos and other Contact Dermatitis/allergic-contact-dermatitis-110.jpg
13,E:\MedicalData\kagglechallenge\Dermnet\train/Poison Ivy Photos and other Contact Dermatitis/allergic-contact-dermatitis-112.jpg
13,E:\MedicalData\kagglechallenge\Dermnet\train/Poison Ivy Photos and other Contact Dermatitis/allergic-contact-dermatitis-113.jpg
13,E:\MedicalData\kagglechallenge\Dermnet\train/Poison Ivy Photos and other Contact Dermatitis/allergic-contact-dermatitis-114.jpg
13,E:\MedicalData\kagglechallenge\Dermnet\train/Poison Ivy Photos and other Contact Dermatitis/allergic-contact-dermatitis-115.jpg
13,E:\MedicalData\kagglechallenge\Dermnet\train/Poison Ivy Photos and other Contact Dermatitis/allergic-contact-dermatitis-117.jpg
13,E:\MedicalData\kagglechallenge\Dermnet\train/Poison Ivy Photos and other Contact Dermatitis/allergic-contact-dermatitis-119.jpg
13,E:\MedicalData\kagglechallenge\Dermnet\train/Poison Ivy Photos and other Contact Dermatitis/allergic-contact-dermatitis-12.jpg
13,E:\MedicalData\kagglechallenge\Dermnet\train/Poison Ivy Photos and other Contact Dermatitis/allergic-contact-dermatitis-120.jpg
13,E:\MedicalData\kagglechallenge\Dermnet\train/Poison Ivy Photos and other Contact Dermatitis/allergic-contact-dermatitis-121.jpg
13,E:\MedicalData\kagglechallenge\Dermnet\train/Poison Ivy Photos and other Contact Dermatitis/allergic-contact-dermatitis-122.jpg
13,E:\MedicalData\kagglechallenge\Dermnet\train/Poison Ivy Photos and other Contact Dermatitis/allergic-contact-dermatitis-125.jpg
13,E:\MedicalData\kagglechallenge\Dermnet\train/Poison Ivy Photos and other Contact Dermatitis/allergic-contact-dermatitis-127.jpg
13,E:\MedicalData\kagglechallenge\Dermnet\train/Poison Ivy Photos and other Contact Dermatitis/allergic-contact-dermatitis-128.jpg
13,E:\MedicalData\kagglechallenge\Dermnet\train/Poison Ivy Photos and other Contact Dermatitis/allergic-contact-dermatitis-129.jpg
13,E:\MedicalData\kagglechallenge\Dermnet\train/Poison Ivy Photos and other Contact Dermatitis/allergic-contact-dermatitis-13.jpg
13,E:\MedicalData\kagglechallenge\Dermnet\train/Poison Ivy Photos and other Contact Dermatitis/allergic-contact-dermatitis-131.jpg
13,E:\MedicalData\kagglechallenge\Dermnet\train/Poison Ivy Photos and other Contact Dermatitis/allergic-contact-dermatitis-132.jpg
13,E:\MedicalData\kagglechallenge\Dermnet\train/Poison Ivy Photos and other Contact Dermatitis/allergic-contact-dermatitis-133.jpg
13,E:\MedicalData\kagglechallenge\Dermnet\train/Poison Ivy Photos and other Contact Dermatitis/allergic-contact-dermatitis-135.jpg
13,E:\MedicalData\kagglechallenge\Dermnet\train/Poison Ivy Photos and other Contact Dermatitis/allergic-contact-dermatitis-136.jpg
13,E:\MedicalData\kagglechallenge\Dermnet\train/Poison Ivy Photos and other Contact Dermatitis/allergic-contact-dermatitis-137.jpg
13,E:\MedicalData\kagglechallenge\Dermnet\train/Poison Ivy Photos and other Contact Dermatitis/allergic-contact-dermatitis-138.jpg
13,E:\MedicalData\kagglechallenge\Dermnet\train/Poison Ivy Photos and other Contact Dermatitis/allergic-contact-dermatitis-139.jpg
13,E:\MedicalData\kagglechallenge\Dermnet\train/Poison Ivy Photos and other Contact Dermatitis/allergic-contact-dermatitis-14.jpg
13,E:\MedicalData\kagglechallenge\Dermnet\train/Poison Ivy Photos and other Contact Dermatitis/allergic-contact-dermatitis-141.jpg
13,E:\MedicalData\kagglechallenge\Dermnet\train/Poison Ivy Photos and other Contact Dermatitis/allergic-contact-dermatitis-142.jpg
13,E:\MedicalData\kagglechallenge\Dermnet\train/Poison Ivy Photos and other Contact Dermatitis/allergic-contact-dermatitis-144.jpg
13,E:\MedicalData\kagglechallenge\Dermnet\train/Poison Ivy Photos and other Contact Dermatitis/allergic-contact-dermatitis-145.jpg
13,E:\MedicalData\kagglechallenge\Dermnet\train/Poison Ivy Photos and other Contact Dermatitis/allergic-contact-dermatitis-146.jpg
13,E:\MedicalData\kagglechallenge\Dermnet\train/Poison Ivy Photos and other Contact Dermatitis/allergic-contact-dermatitis-147.jpg
13,E:\MedicalData\kagglechallenge\Dermnet\train/Poison Ivy Photos and other Contact Dermatitis/allergic-contact-dermatitis-148.jpg
13,E:\MedicalData\kagglechallenge\Dermnet\train/Poison Ivy Photos and other Contact Dermatitis/allergic-contact-dermatitis-15.jpg
13,E:\MedicalData\kagglechallenge\Dermnet\train/Poison Ivy Photos and other Contact Dermatitis/allergic-contact-dermatitis-150.jpg
13,E:\MedicalData\kagglechallenge\Dermnet\train/Poison Ivy Photos and other Contact Dermatitis/allergic-contact-dermatitis-153.jpg
13,E:\MedicalData\kagglechallenge\Dermnet\train/Poison Ivy Photos and other Contact Dermatitis/allergic-contact-dermatitis-154.jpg
13,E:\MedicalData\kagglechallenge\Dermnet\train/Poison Ivy Photos and other Contact Dermatitis/allergic-contact-dermatitis-155.jpg
13,E:\MedicalData\kagglechallenge\Dermnet\train/Poison Ivy Photos and other Contact Dermatitis/allergic-contact-dermatitis-157.jpg
13,E:\MedicalData\kagglechallenge\Dermnet\train/Poison Ivy Photos and other Contact Dermatitis/allergic-contact-dermatitis-158.jpg
13,E:\MedicalData\kagglechallenge\Dermnet\train/Poison Ivy Photos and other Contact Dermatitis/allergic-contact-dermatitis-159.jpg
13,E:\MedicalData\kagglechallenge\Dermnet\train/Poison Ivy Photos and other Contact Dermatitis/allergic-contact-dermatitis-16.jpg
13,E:\MedicalData\kagglechallenge\Dermnet\train/Poison Ivy Photos and other Contact Dermatitis/allergic-contact-dermatitis-160.jpg
13,E:\MedicalData\kagglechallenge\Dermnet\train/Poison Ivy Photos and other Contact Dermatitis/allergic-contact-dermatitis-162.jpg
13,E:\MedicalData\kagglechallenge\Dermnet\train/Poison Ivy Photos and other Contact Dermatitis/allergic-contact-dermatitis-163.jpg
13,E:\MedicalData\kagglechallenge\Dermnet\train/Poison Ivy Photos and other Contact Dermatitis/allergic-contact-dermatitis-166.jpg
13,E:\MedicalData\kagglechallenge\Dermnet\train/Poison Ivy Photos and other Contact Dermatitis/allergic-contact-dermatitis-168.jpg
13,E:\MedicalData\kagglechallenge\Dermnet\train/Poison Ivy Photos and other Contact Dermatitis/allergic-contact-dermatitis-170.jpg
13,E:\MedicalData\kagglechallenge\Dermnet\train/Poison Ivy Photos and other Contact Dermatitis/allergic-contact-dermatitis-171.jpg
13,E:\MedicalData\kagglechallenge\Dermnet\train/Poison Ivy Photos and other Contact Dermatitis/allergic-contact-dermatitis-173.jpg
13,E:\MedicalData\kagglechallenge\Dermnet\train/Poison Ivy Photos and other Contact Dermatitis/allergic-contact-dermatitis-174.jpg
13,E:\MedicalData\kagglechallenge\Dermnet\train/Poison Ivy Photos and other Contact Dermatitis/allergic-contact-dermatitis-175.jpg
13,E:\MedicalData\kagglechallenge\Dermnet\train/Poison Ivy Photos and other Contact Dermatitis/allergic-contact-dermatitis-176.jpg
13,E:\MedicalData\kagglechallenge\Dermnet\train/Poison Ivy Photos and other Contact Dermatitis/allergic-contact-dermatitis-178.jpg
13,E:\MedicalData\kagglechallenge\Dermnet\train/Poison Ivy Photos and other Contact Dermatitis/allergic-contact-dermatitis-179.jpg
13,E:\MedicalData\kagglechallenge\Dermnet\train/Poison Ivy Photos and other Contact Dermatitis/allergic-contact-dermatitis-180.jpg
13,E:\MedicalData\kagglechallenge\Dermnet\train/Poison Ivy Photos and other Contact Dermatitis/allergic-contact-dermatitis-181.jpg
13,E:\MedicalData\kagglechallenge\Dermnet\train/Poison Ivy Photos and other Contact Dermatitis/allergic-contact-dermatitis-182.jpg
13,E:\MedicalData\kagglechallenge\Dermnet\train/Poison Ivy Photos and other Contact Dermatitis/allergic-contact-dermatitis-183.jpg
13,E:\MedicalData\kagglechallenge\Dermnet\train/Poison Ivy Photos and other Contact Dermatitis/allergic-contact-dermatitis-2.jpg
13,E:\MedicalData\kagglechallenge\Dermnet\train/Poison Ivy Photos and other Contact Dermatitis/allergic-contact-dermatitis-20.jpg
13,E:\MedicalData\kagglechallenge\Dermnet\train/Poison Ivy Photos and other Contact Dermatitis/allergic-contact-dermatitis-21.jpg
13,E:\MedicalData\kagglechallenge\Dermnet\train/Poison Ivy Photos and other Contact Dermatitis/allergic-contact-dermatitis-22.jpg
13,E:\MedicalData\kagglechallenge\Dermnet\train/Poison Ivy Photos and other Contact Dermatitis/allergic-contact-dermatitis-23.jpg
13,E:\MedicalData\kagglechallenge\Dermnet\train/Poison Ivy Photos and other Contact Dermatitis/allergic-contact-dermatitis-24.jpg
13,E:\MedicalData\kagglechallenge\Dermnet\train/Poison Ivy Photos and other Contact Dermatitis/allergic-contact-dermatitis-26.jpg
13,E:\MedicalData\kagglechallenge\Dermnet\train/Poison Ivy Photos and other Contact Dermatitis/allergic-contact-dermatitis-27.jpg
13,E:\MedicalData\kagglechallenge\Dermnet\train/Poison Ivy Photos and other Contact Dermatitis/allergic-contact-dermatitis-28.jpg
13,E:\MedicalData\kagglechallenge\Dermnet\train/Poison Ivy Photos and other Contact Dermatitis/allergic-contact-dermatitis-29.jpg
13,E:\MedicalData\kagglechallenge\Dermnet\train/Poison Ivy Photos and other Contact Dermatitis/allergic-contact-dermatitis-3.jpg
13,E:\MedicalData\kagglechallenge\Dermnet\train/Poison Ivy Photos and other Contact Dermatitis/allergic-contact-dermatitis-30.jpg
13,E:\MedicalData\kagglechallenge\Dermnet\train/Poison Ivy Photos and other Contact Dermatitis/allergic-contact-dermatitis-32.jpg
13,E:\MedicalData\kagglechallenge\Dermnet\train/Poison Ivy Photos and other Contact Dermatitis/allergic-contact-dermatitis-33.jpg
13,E:\MedicalData\kagglechallenge\Dermnet\train/Poison Ivy Photos and other Contact Dermatitis/allergic-contact-dermatitis-34.jpg
13,E:\MedicalData\kagglechallenge\Dermnet\train/Poison Ivy Photos and other Contact Dermatitis/allergic-contact-dermatitis-35.jpg
13,E:\MedicalData\kagglechallenge\Dermnet\train/Poison Ivy Photos and other Contact Dermatitis/allergic-contact-dermatitis-36.jpg
13,E:\MedicalData\kagglechallenge\Dermnet\train/Poison Ivy Photos and other Contact Dermatitis/allergic-contact-dermatitis-37.jpg
13,E:\MedicalData\kagglechallenge\Dermnet\train/Poison Ivy Photos and other Contact Dermatitis/allergic-contact-dermatitis-84.jpg
13,E:\MedicalData\kagglechallenge\Dermnet\train/Poison Ivy Photos and other Contact Dermatitis/allergic-contact-dermatitis-85.jpg
13,E:\MedicalData\kagglechallenge\Dermnet\train/Poison Ivy Photos and other Contact Dermatitis/allergic-contact-dermatitis-87.jpg
13,E:\MedicalData\kagglechallenge\Dermnet\train/Poison Ivy Photos and other Contact Dermatitis/allergic-contact-dermatitis-89.jpg
13,E:\MedicalData\kagglechallenge\Dermnet\train/Poison Ivy Photos and other Contact Dermatitis/allergic-contact-dermatitis-92.jpg
13,E:\MedicalData\kagglechallenge\Dermnet\train/Poison Ivy Photos and other Contact Dermatitis/allergic-contact-dermatitis-93.jpg
13,E:\MedicalData\kagglechallenge\Dermnet\train/Poison Ivy Photos and other Contact Dermatitis/allergic-contact-dermatitis-94.jpg
13,E:\MedicalData\kagglechallenge\Dermnet\train/Poison Ivy Photos and other Contact Dermatitis/allergic-contact-dermatitis-95.jpg
13,E:\MedicalData\kagglechallenge\Dermnet\train/Poison Ivy Photos and other Contact Dermatitis/allergic-contact-dermatitis-96.jpg
13,E:\MedicalData\kagglechallenge\Dermnet\train/Poison Ivy Photos and other Contact Dermatitis/allergic-contact-dermatitis-97.jpg
13,E:\MedicalData\kagglechallenge\Dermnet\train/Poison Ivy Photos and other Contact Dermatitis/angry-back-patch-testing-51.jpg
13,E:\MedicalData\kagglechallenge\Dermnet\train/Poison Ivy Photos and other Contact Dermatitis/angry-back-patch-testing-53.jpg
13,E:\MedicalData\kagglechallenge\Dermnet\train/Poison Ivy Photos and other Contact Dermatitis/angry-back-patch-testing-54.jpg
13,E:\MedicalData\kagglechallenge\Dermnet\train/Poison Ivy Photos and other Contact Dermatitis/cement-dermatitis-burns-1.jpg
13,E:\MedicalData\kagglechallenge\Dermnet\train/Poison Ivy Photos and other Contact Dermatitis/cement-dermatitis-burns-2.jpg
13,E:\MedicalData\kagglechallenge\Dermnet\train/Poison Ivy Photos and other Contact Dermatitis/contact-airborne-1.jpg
13,E:\MedicalData\kagglechallenge\Dermnet\train/Poison Ivy Photos and other Contact Dermatitis/contact-airborne-2.jpg
13,E:\MedicalData\kagglechallenge\Dermnet\train/Poison Ivy Photos and other Contact Dermatitis/contact-airborne-3.jpg
13,E:\MedicalData\kagglechallenge\Dermnet\train/Poison Ivy Photos and other Contact Dermatitis/contact-dermatitis-leg-ulcers-1.jpg
13,E:\MedicalData\kagglechallenge\Dermnet\train/Poison Ivy Photos and other Contact Dermatitis/contact-dermatitis-leg-ulcers-2.jpg
13,E:\MedicalData\kagglechallenge\Dermnet\train/Poison Ivy Photos and other Contact Dermatitis/contact-dermatitis-leg-ulcers-3.jpg
13,E:\MedicalData\kagglechallenge\Dermnet\train/Poison Ivy Photos and other Contact Dermatitis/cosmetic-fragrance-allergy-1.jpg
13,E:\MedicalData\kagglechallenge\Dermnet\train/Poison Ivy Photos and other Contact Dermatitis/cosmetic-fragrance-allergy-2.jpg
13,E:\MedicalData\kagglechallenge\Dermnet\train/Poison Ivy Photos and other Contact Dermatitis/cosmetic-fragrance-allergy-3.jpg
13,E:\MedicalData\kagglechallenge\Dermnet\train/Poison Ivy Photos and other Contact Dermatitis/cosmetic-fragrance-allergy-4.jpg
13,E:\MedicalData\kagglechallenge\Dermnet\train/Poison Ivy Photos and other Contact Dermatitis/cosmetic-fragrance-allergy-5.jpg
13,E:\MedicalData\kagglechallenge\Dermnet\train/Poison Ivy Photos and other Contact Dermatitis/cosmetic-fragrance-allergy-7.jpg
13,E:\MedicalData\kagglechallenge\Dermnet\train/Poison Ivy Photos and other Contact Dermatitis/irritant-contact-dermatitis-1.jpg
13,E:\MedicalData\kagglechallenge\Dermnet\train/Poison Ivy Photos and other Contact Dermatitis/irritant-contact-dermatitis-2.jpg
13,E:\MedicalData\kagglechallenge\Dermnet\train/Poison Ivy Photos and other Contact Dermatitis/irritant-contact-dermatitis-3.jpg
13,E:\MedicalData\kagglechallenge\Dermnet\train/Poison Ivy Photos and other Contact Dermatitis/irritant-contact-dermatitis-5.jpg
13,E:\MedicalData\kagglechallenge\Dermnet\train/Poison Ivy Photos and other Contact Dermatitis/irritant-contact-dermatitis-6.jpg
13,E:\MedicalData\kagglechallenge\Dermnet\train/Poison Ivy Photos and other Contact Dermatitis/irritant-contact-dermatitis-7.jpg
13,E:\MedicalData\kagglechallenge\Dermnet\train/Poison Ivy Photos and other Contact Dermatitis/metal-dermatitis-10.jpg
13,E:\MedicalData\kagglechallenge\Dermnet\train/Poison Ivy Photos and other Contact Dermatitis/metal-dermatitis-12.jpg
13,E:\MedicalData\kagglechallenge\Dermnet\train/Poison Ivy Photos and other Contact Dermatitis/metal-dermatitis-3.jpg
13,E:\MedicalData\kagglechallenge\Dermnet\train/Poison Ivy Photos and other Contact Dermatitis/metal-dermatitis-4.jpg
13,E:\MedicalData\kagglechallenge\Dermnet\train/Poison Ivy Photos and other Contact Dermatitis/metal-dermatitis-5.jpg
13,E:\MedicalData\kagglechallenge\Dermnet\train/Poison Ivy Photos and other Contact Dermatitis/metal-dermatitis-6.jpg
13,E:\MedicalData\kagglechallenge\Dermnet\train/Poison Ivy Photos and other Contact Dermatitis/metal-dermatitis-7.jpg
13,E:\MedicalData\kagglechallenge\Dermnet\train/Poison Ivy Photos and other Contact Dermatitis/metal-dermatitis-8.jpg
13,E:\MedicalData\kagglechallenge\Dermnet\train/Poison Ivy Photos and other Contact Dermatitis/natural-rubber-latex-allergy-1.jpg
13,E:\MedicalData\kagglechallenge\Dermnet\train/Poison Ivy Photos and other Contact Dermatitis/natural-rubber-latex-allergy-2.jpg
13,E:\MedicalData\kagglechallenge\Dermnet\train/Poison Ivy Photos and other Contact Dermatitis/natural-rubber-latex-allergy-3.jpg
13,E:\MedicalData\kagglechallenge\Dermnet\train/Poison Ivy Photos and other Contact Dermatitis/natural-rubber-latex-allergy-4.jpg
13,E:\MedicalData\kagglechallenge\Dermnet\train/Poison Ivy Photos and other Contact Dermatitis/natural-rubber-latex-allergy-5.jpg
13,E:\MedicalData\kagglechallenge\Dermnet\train/Poison Ivy Photos and other Contact Dermatitis/patch-testing-11.jpg
13,E:\MedicalData\kagglechallenge\Dermnet\train/Poison Ivy Photos and other Contact Dermatitis/patch-testing-12.jpg
13,E:\MedicalData\kagglechallenge\Dermnet\train/Poison Ivy Photos and other Contact Dermatitis/patch-testing-13.jpg
13,E:\MedicalData\kagglechallenge\Dermnet\train/Poison Ivy Photos and other Contact Dermatitis/patch-testing-14.jpg
13,E:\MedicalData\kagglechallenge\Dermnet\train/Poison Ivy Photos and other Contact Dermatitis/patch-testing-15.jpg
13,E:\MedicalData\kagglechallenge\Dermnet\train/Poison Ivy Photos and other Contact Dermatitis/patch-testing-16.jpg
13,E:\MedicalData\kagglechallenge\Dermnet\train/Poison Ivy Photos and other Contact Dermatitis/patch-testing-17.jpg
13,E:\MedicalData\kagglechallenge\Dermnet\train/Poison Ivy Photos and other Contact Dermatitis/patch-testing-19.jpg
13,E:\MedicalData\kagglechallenge\Dermnet\train/Poison Ivy Photos and other Contact Dermatitis/patch-testing-20.jpg
13,E:\MedicalData\kagglechallenge\Dermnet\train/Poison Ivy Photos and other Contact Dermatitis/patch-testing-23.jpg
13,E:\MedicalData\kagglechallenge\Dermnet\train/Poison Ivy Photos and other Contact Dermatitis/patch-testing-24.jpg
13,E:\MedicalData\kagglechallenge\Dermnet\train/Poison Ivy Photos and other Contact Dermatitis/patch-testing-25.jpg
13,E:\MedicalData\kagglechallenge\Dermnet\train/Poison Ivy Photos and other Contact Dermatitis/patch-testing-27.jpg
13,E:\MedicalData\kagglechallenge\Dermnet\train/Poison Ivy Photos and other Contact Dermatitis/patch-testing-28.jpg
13,E:\MedicalData\kagglechallenge\Dermnet\train/Poison Ivy Photos and other Contact Dermatitis/patch-testing-3.jpg
13,E:\MedicalData\kagglechallenge\Dermnet\train/Poison Ivy Photos and other Contact Dermatitis/patch-testing-30.jpg
13,E:\MedicalData\kagglechallenge\Dermnet\train/Poison Ivy Photos and other Contact Dermatitis/patch-testing-32.jpg
13,E:\MedicalData\kagglechallenge\Dermnet\train/Poison Ivy Photos and other Contact Dermatitis/patch-testing-34.jpg
13,E:\MedicalData\kagglechallenge\Dermnet\train/Poison Ivy Photos and other Contact Dermatitis/patch-testing-35.jpg
13,E:\MedicalData\kagglechallenge\Dermnet\train/Poison Ivy Photos and other Contact Dermatitis/patch-testing-38.jpg
13,E:\MedicalData\kagglechallenge\Dermnet\train/Poison Ivy Photos and other Contact Dermatitis/patch-testing-39.jpg
13,E:\MedicalData\kagglechallenge\Dermnet\train/Poison Ivy Photos and other Contact Dermatitis/patch-testing-4.jpg
13,E:\MedicalData\kagglechallenge\Dermnet\train/Poison Ivy Photos and other Contact Dermatitis/patch-testing-40.jpg
13,E:\MedicalData\kagglechallenge\Dermnet\train/Poison Ivy Photos and other Contact Dermatitis/patch-testing-41.jpg
13,E:\MedicalData\kagglechallenge\Dermnet\train/Poison Ivy Photos and other Contact Dermatitis/patch-testing-42.jpg
13,E:\MedicalData\kagglechallenge\Dermnet\train/Poison Ivy Photos and other Contact Dermatitis/patch-testing-43.jpg
13,E:\MedicalData\kagglechallenge\Dermnet\train/Poison Ivy Photos and other Contact Dermatitis/patch-testing-44.jpg
13,E:\MedicalData\kagglechallenge\Dermnet\train/Poison Ivy Photos and other Contact Dermatitis/patch-testing-45.jpg
13,E:\MedicalData\kagglechallenge\Dermnet\train/Poison Ivy Photos and other Contact Dermatitis/patch-testing-46.jpg
13,E:\MedicalData\kagglechallenge\Dermnet\train/Poison Ivy Photos and other Contact Dermatitis/patch-testing-47.jpg
13,E:\MedicalData\kagglechallenge\Dermnet\train/Poison Ivy Photos and other Contact Dermatitis/patch-testing-48.jpg
13,E:\MedicalData\kagglechallenge\Dermnet\train/Poison Ivy Photos and other Contact Dermatitis/patch-testing-49.jpg
13,E:\MedicalData\kagglechallenge\Dermnet\train/Poison Ivy Photos and other Contact Dermatitis/patch-testing-5.jpg
13,E:\MedicalData\kagglechallenge\Dermnet\train/Poison Ivy Photos and other Contact Dermatitis/patch-testing-50.jpg
13,E:\MedicalData\kagglechallenge\Dermnet\train/Poison Ivy Photos and other Contact Dermatitis/patch-testing-6.jpg
13,E:\MedicalData\kagglechallenge\Dermnet\train/Poison Ivy Photos and other Contact Dermatitis/patch-testing-7.jpg
13,E:\MedicalData\kagglechallenge\Dermnet\train/Poison Ivy Photos and other Contact Dermatitis/rhus-dermatitis-1.jpg
13,E:\MedicalData\kagglechallenge\Dermnet\train/Poison Ivy Photos and other Contact Dermatitis/rhus-dermatitis-10.jpg
13,E:\MedicalData\kagglechallenge\Dermnet\train/Poison Ivy Photos and other Contact Dermatitis/rhus-dermatitis-11.jpg
13,E:\MedicalData\kagglechallenge\Dermnet\train/Poison Ivy Photos and other Contact Dermatitis/rhus-dermatitis-12.jpg
13,E:\MedicalData\kagglechallenge\Dermnet\train/Poison Ivy Photos and other Contact Dermatitis/rhus-dermatitis-13.jpg
13,E:\MedicalData\kagglechallenge\Dermnet\train/Poison Ivy Photos and other Contact Dermatitis/rhus-dermatitis-15.jpg
13,E:\MedicalData\kagglechallenge\Dermnet\train/Poison Ivy Photos and other Contact Dermatitis/rhus-dermatitis-16.jpg
13,E:\MedicalData\kagglechallenge\Dermnet\train/Poison Ivy Photos and other Contact Dermatitis/rhus-dermatitis-18.jpg
13,E:\MedicalData\kagglechallenge\Dermnet\train/Poison Ivy Photos and other Contact Dermatitis/rhus-dermatitis-2.jpg
13,E:\MedicalData\kagglechallenge\Dermnet\train/Poison Ivy Photos and other Contact Dermatitis/rhus-dermatitis-20.jpg
13,E:\MedicalData\kagglechallenge\Dermnet\train/Poison Ivy Photos and other Contact Dermatitis/rhus-dermatitis-22.jpg
13,E:\MedicalData\kagglechallenge\Dermnet\train/Poison Ivy Photos and other Contact Dermatitis/rhus-dermatitis-24.jpg
13,E:\MedicalData\kagglechallenge\Dermnet\train/Poison Ivy Photos and other Contact Dermatitis/rhus-dermatitis-28.jpg
13,E:\MedicalData\kagglechallenge\Dermnet\train/Poison Ivy Photos and other Contact Dermatitis/rhus-dermatitis-29.jpg
13,E:\MedicalData\kagglechallenge\Dermnet\train/Poison Ivy Photos and other Contact Dermatitis/rhus-dermatitis-3.jpg
13,E:\MedicalData\kagglechallenge\Dermnet\train/Poison Ivy Photos and other Contact Dermatitis/rhus-dermatitis-30.jpg
13,E:\MedicalData\kagglechallenge\Dermnet\train/Poison Ivy Photos and other Contact Dermatitis/rhus-dermatitis-31.jpg
13,E:\MedicalData\kagglechallenge\Dermnet\train/Poison Ivy Photos and other Contact Dermatitis/rhus-dermatitis-32.jpg
13,E:\MedicalData\kagglechallenge\Dermnet\train/Poison Ivy Photos and other Contact Dermatitis/rhus-dermatitis-33.jpg
13,E:\MedicalData\kagglechallenge\Dermnet\train/Poison Ivy Photos and other Contact Dermatitis/rhus-dermatitis-36.jpg
13,E:\MedicalData\kagglechallenge\Dermnet\train/Poison Ivy Photos and other Contact Dermatitis/rhus-dermatitis-37.jpg
13,E:\MedicalData\kagglechallenge\Dermnet\train/Poison Ivy Photos and other Contact Dermatitis/rhus-dermatitis-38.jpg
13,E:\MedicalData\kagglechallenge\Dermnet\train/Poison Ivy Photos and other Contact Dermatitis/rhus-dermatitis-39.jpg
13,E:\MedicalData\kagglechallenge\Dermnet\train/Poison Ivy Photos and other Contact Dermatitis/rhus-dermatitis-42.jpg
13,E:\MedicalData\kagglechallenge\Dermnet\train/Poison Ivy Photos and other Contact Dermatitis/rhus-dermatitis-45.jpg
13,E:\MedicalData\kagglechallenge\Dermnet\train/Poison Ivy Photos and other Contact Dermatitis/rhus-dermatitis-47.jpg
13,E:\MedicalData\kagglechallenge\Dermnet\train/Poison Ivy Photos and other Contact Dermatitis/rhus-dermatitis-48.jpg
13,E:\MedicalData\kagglechallenge\Dermnet\train/Poison Ivy Photos and other Contact Dermatitis/rhus-dermatitis-49.jpg
13,E:\MedicalData\kagglechallenge\Dermnet\train/Poison Ivy Photos and other Contact Dermatitis/rhus-dermatitis-5.jpg
13,E:\MedicalData\kagglechallenge\Dermnet\train/Poison Ivy Photos and other Contact Dermatitis/rhus-dermatitis-51.jpg
13,E:\MedicalData\kagglechallenge\Dermnet\train/Poison Ivy Photos and other Contact Dermatitis/rhus-dermatitis-52.jpg
13,E:\MedicalData\kagglechallenge\Dermnet\train/Poison Ivy Photos and other Contact Dermatitis/rhus-dermatitis-53.jpg
13,E:\MedicalData\kagglechallenge\Dermnet\train/Poison Ivy Photos and other Contact Dermatitis/rhus-dermatitis-54.jpg
13,E:\MedicalData\kagglechallenge\Dermnet\train/Poison Ivy Photos and other Contact Dermatitis/rhus-dermatitis-55.jpg
13,E:\MedicalData\kagglechallenge\Dermnet\train/Poison Ivy Photos and other Contact Dermatitis/rhus-dermatitis-56.jpg
13,E:\MedicalData\kagglechallenge\Dermnet\train/Poison Ivy Photos and other Contact Dermatitis/rhus-dermatitis-57.jpg
13,E:\MedicalData\kagglechallenge\Dermnet\train/Poison Ivy Photos and other Contact Dermatitis/rhus-dermatitis-59.jpg
13,E:\MedicalData\kagglechallenge\Dermnet\train/Poison Ivy Photos and other Contact Dermatitis/rhus-dermatitis-6.jpg
13,E:\MedicalData\kagglechallenge\Dermnet\train/Poison Ivy Photos and other Contact Dermatitis/rhus-dermatitis-60.jpg
13,E:\MedicalData\kagglechallenge\Dermnet\train/Poison Ivy Photos and other Contact Dermatitis/rhus-dermatitis-61.jpg
13,E:\MedicalData\kagglechallenge\Dermnet\train/Poison Ivy Photos and other Contact Dermatitis/rhus-dermatitis-62.jpg
13,E:\MedicalData\kagglechallenge\Dermnet\train/Poison Ivy Photos and other Contact Dermatitis/rhus-dermatitis-64.jpg
13,E:\MedicalData\kagglechallenge\Dermnet\train/Poison Ivy Photos and other Contact Dermatitis/rhus-dermatitis-65.jpg
13,E:\MedicalData\kagglechallenge\Dermnet\train/Poison Ivy Photos and other Contact Dermatitis/rhus-dermatitis-66.jpg
13,E:\MedicalData\kagglechallenge\Dermnet\train/Poison Ivy Photos and other Contact Dermatitis/rhus-dermatitis-67.jpg
13,E:\MedicalData\kagglechallenge\Dermnet\train/Poison Ivy Photos and other Contact Dermatitis/rhus-dermatitis-7.jpg
13,E:\MedicalData\kagglechallenge\Dermnet\train/Poison Ivy Photos and other Contact Dermatitis/rhus-dermatitis-73.jpg
13,E:\MedicalData\kagglechallenge\Dermnet\train/Poison Ivy Photos and other Contact Dermatitis/rhus-dermatitis-74.jpg
13,E:\MedicalData\kagglechallenge\Dermnet\train/Poison Ivy Photos and other Contact Dermatitis/rhus-dermatitis-75.jpg
13,E:\MedicalData\kagglechallenge\Dermnet\train/Poison Ivy Photos and other Contact Dermatitis/rhus-dermatitis-77.jpg
13,E:\MedicalData\kagglechallenge\Dermnet\train/Poison Ivy Photos and other Contact Dermatitis/rhus-dermatitis-80.jpg
13,E:\MedicalData\kagglechallenge\Dermnet\train/Poison Ivy Photos and other Contact Dermatitis/rhus-dermatitis-81.jpg
13,E:\MedicalData\kagglechallenge\Dermnet\train/Poison Ivy Photos and other Contact Dermatitis/rhus-dermatitis-83.jpg
13,E:\MedicalData\kagglechallenge\Dermnet\train/Poison Ivy Photos and other Contact Dermatitis/rhus-dermatitis-9.jpg
13,E:\MedicalData\kagglechallenge\Dermnet\train/Poison Ivy Photos and other Contact Dermatitis/shoe-allergy-1.jpg
13,E:\MedicalData\kagglechallenge\Dermnet\train/Poison Ivy Photos and other Contact Dermatitis/shoe-allergy-11.jpg
13,E:\MedicalData\kagglechallenge\Dermnet\train/Poison Ivy Photos and other Contact Dermatitis/shoe-allergy-12.jpg
13,E:\MedicalData\kagglechallenge\Dermnet\train/Poison Ivy Photos and other Contact Dermatitis/shoe-allergy-13.jpg
13,E:\MedicalData\kagglechallenge\Dermnet\train/Poison Ivy Photos and other Contact Dermatitis/shoe-allergy-14.jpg
13,E:\MedicalData\kagglechallenge\Dermnet\train/Poison Ivy Photos and other Contact Dermatitis/shoe-allergy-15.jpg
13,E:\MedicalData\kagglechallenge\Dermnet\train/Poison Ivy Photos and other Contact Dermatitis/shoe-allergy-16.jpg
13,E:\MedicalData\kagglechallenge\Dermnet\train/Poison Ivy Photos and other Contact Dermatitis/shoe-allergy-17.jpg
13,E:\MedicalData\kagglechallenge\Dermnet\train/Poison Ivy Photos and other Contact Dermatitis/shoe-allergy-2.jpg
13,E:\MedicalData\kagglechallenge\Dermnet\train/Poison Ivy Photos and other Contact Dermatitis/shoe-allergy-3.jpg
13,E:\MedicalData\kagglechallenge\Dermnet\train/Poison Ivy Photos and other Contact Dermatitis/shoe-allergy-5.jpg
13,E:\MedicalData\kagglechallenge\Dermnet\train/Poison Ivy Photos and other Contact Dermatitis/shoe-allergy-8.jpg
13,E:\MedicalData\kagglechallenge\Dermnet\train/Poison Ivy Photos and other Contact Dermatitis/shoe-allergy-9.jpg
13,E:\MedicalData\kagglechallenge\Dermnet\train/Poison Ivy Photos and other Contact Dermatitis/systemically-induced-allergic-dermatitis-1.jpg
13,E:\MedicalData\kagglechallenge\Dermnet\train/Poison Ivy Photos and other Contact Dermatitis/systemically-induced-allergic-dermatitis-2.jpg
14,E:\MedicalData\kagglechallenge\Dermnet\train/Psoriasis pictures Lichen Planus and related diseases/07acne06270532.jpg
14,E:\MedicalData\kagglechallenge\Dermnet\train/Psoriasis pictures Lichen Planus and related diseases/08biteLine110105.jpg
14,E:\MedicalData\kagglechallenge\Dermnet\train/Psoriasis pictures Lichen Planus and related diseases/08biteLine1101051.jpg
14,E:\MedicalData\kagglechallenge\Dermnet\train/Psoriasis pictures Lichen Planus and related diseases/08LichenPlanusTongue.jpg
14,E:\MedicalData\kagglechallenge\Dermnet\train/Psoriasis pictures Lichen Planus and related diseases/08lichenPlanusTongue1122051.jpg
14,E:\MedicalData\kagglechallenge\Dermnet\train/Psoriasis pictures Lichen Planus and related diseases/08lichenPlanusTongue1122052.jpg
14,E:\MedicalData\kagglechallenge\Dermnet\train/Psoriasis pictures Lichen Planus and related diseases/08LSAAnal062804.jpg
14,E:\MedicalData\kagglechallenge\Dermnet\train/Psoriasis pictures Lichen Planus and related diseases/08PsoriasisGroin.jpg
14,E:\MedicalData\kagglechallenge\Dermnet\train/Psoriasis pictures Lichen Planus and related diseases/08PsoriasisGroin1.jpg
14,E:\MedicalData\kagglechallenge\Dermnet\train/Psoriasis pictures Lichen Planus and related diseases/08psoriasisIntertrig020606.jpg
14,E:\MedicalData\kagglechallenge\Dermnet\train/Psoriasis pictures Lichen Planus and related diseases/08psoriasisIntertrig0206061.jpg
14,E:\MedicalData\kagglechallenge\Dermnet\train/Psoriasis pictures Lichen Planus and related diseases/08PsoriasisIntertrigo.jpg
14,E:\MedicalData\kagglechallenge\Dermnet\train/Psoriasis pictures Lichen Planus and related diseases/08PsoriasisIntertrigo1006.jpg
14,E:\MedicalData\kagglechallenge\Dermnet\train/Psoriasis pictures Lichen Planus and related diseases/08PsoriasisNailSkin.jpg
14,E:\MedicalData\kagglechallenge\Dermnet\train/Psoriasis pictures Lichen Planus and related diseases/08PsoriasisOilSpot.jpg
14,E:\MedicalData\kagglechallenge\Dermnet\train/Psoriasis pictures Lichen Planus and related diseases/08PsoriasisOnycholysis.jpg
14,E:\MedicalData\kagglechallenge\Dermnet\train/Psoriasis pictures Lichen Planus and related diseases/08PsoriasisOnycholysis1.jpg
14,E:\MedicalData\kagglechallenge\Dermnet\train/Psoriasis pictures Lichen Planus and related diseases/08PsoriasisOnycholysis2.jpg
14,E:\MedicalData\kagglechallenge\Dermnet\train/Psoriasis pictures Lichen Planus and related diseases/08PsoriasisPinking2.jpg
14,E:\MedicalData\kagglechallenge\Dermnet\train/Psoriasis pictures Lichen Planus and related diseases/08PsoriasisPitting.jpg
14,E:\MedicalData\kagglechallenge\Dermnet\train/Psoriasis pictures Lichen Planus and related diseases/08PsoriasisPitting1.jpg
14,E:\MedicalData\kagglechallenge\Dermnet\train/Psoriasis pictures Lichen Planus and related diseases/08PsoriasisPustular.jpg
14,E:\MedicalData\kagglechallenge\Dermnet\train/Psoriasis pictures Lichen Planus and related diseases/08PsoriasisUmbilicus.jpg
14,E:\MedicalData\kagglechallenge\Dermnet\train/Psoriasis pictures Lichen Planus and related diseases/08SebDermBrow.jpg
14,E:\MedicalData\kagglechallenge\Dermnet\train/Psoriasis pictures Lichen Planus and related diseases/08SebDermChest020106.jpg
14,E:\MedicalData\kagglechallenge\Dermnet\train/Psoriasis pictures Lichen Planus and related diseases/08SebDermCradleCap.jpg
14,E:\MedicalData\kagglechallenge\Dermnet\train/Psoriasis pictures Lichen Planus and related diseases/08SebDermEAr.jpg
14,E:\MedicalData\kagglechallenge\Dermnet\train/Psoriasis pictures Lichen Planus and related diseases/08sebDermEar031306.jpg
14,E:\MedicalData\kagglechallenge\Dermnet\train/Psoriasis pictures Lichen Planus and related diseases/08sebDermEar092605.jpg
14,E:\MedicalData\kagglechallenge\Dermnet\train/Psoriasis pictures Lichen Planus and related diseases/08sebDermEar0926051.jpg
14,E:\MedicalData\kagglechallenge\Dermnet\train/Psoriasis pictures Lichen Planus and related diseases/08SebDermEar1.jpg
14,E:\MedicalData\kagglechallenge\Dermnet\train/Psoriasis pictures Lichen Planus and related diseases/08SebDermEArq.jpg
14,E:\MedicalData\kagglechallenge\Dermnet\train/Psoriasis pictures Lichen Planus and related diseases/08SebDermEyelashes.jpg
14,E:\MedicalData\kagglechallenge\Dermnet\train/Psoriasis pictures Lichen Planus and related diseases/08SebDermFace.jpg
14,E:\MedicalData\kagglechallenge\Dermnet\train/Psoriasis pictures Lichen Planus and related diseases/08sebDermLids012405.jpg
14,E:\MedicalData\kagglechallenge\Dermnet\train/Psoriasis pictures Lichen Planus and related diseases/08SebDermLids0301041.jpg
14,E:\MedicalData\kagglechallenge\Dermnet\train/Psoriasis pictures Lichen Planus and related diseases/08SebDermNLFold.jpg
14,E:\MedicalData\kagglechallenge\Dermnet\train/Psoriasis pictures Lichen Planus and related diseases/08SebDermOK011021.jpg
14,E:\MedicalData\kagglechallenge\Dermnet\train/Psoriasis pictures Lichen Planus and related diseases/08sebDermPrestern121205.jpg
14,E:\MedicalData\kagglechallenge\Dermnet\train/Psoriasis pictures Lichen Planus and related diseases/08SebDErmPresternal.jpg
14,E:\MedicalData\kagglechallenge\Dermnet\train/Psoriasis pictures Lichen Planus and related diseases/08SebDermPresternal063002.jpg
14,E:\MedicalData\kagglechallenge\Dermnet\train/Psoriasis pictures Lichen Planus and related diseases/08SebDermq.jpg
14,E:\MedicalData\kagglechallenge\Dermnet\train/Psoriasis pictures Lichen Planus and related diseases/08SebDermRosacea110104.jpg
14,E:\MedicalData\kagglechallenge\Dermnet\train/Psoriasis pictures Lichen Planus and related diseases/08SebDermScalp.jpg
14,E:\MedicalData\kagglechallenge\Dermnet\train/Psoriasis pictures Lichen Planus and related diseases/08SebDermScalp0120.jpg
14,E:\MedicalData\kagglechallenge\Dermnet\train/Psoriasis pictures Lichen Planus and related diseases/08SebDermScalp1.jpg
14,E:\MedicalData\kagglechallenge\Dermnet\train/Psoriasis pictures Lichen Planus and related diseases/08sebDermScalp111308.jpg
14,E:\MedicalData\kagglechallenge\Dermnet\train/Psoriasis pictures Lichen Planus and related diseases/08SebDermScalp1223.jpg
14,E:\MedicalData\kagglechallenge\Dermnet\train/Psoriasis pictures Lichen Planus and related diseases/08SebDermScalp3.jpg
14,E:\MedicalData\kagglechallenge\Dermnet\train/Psoriasis pictures Lichen Planus and related diseases/08SebDermScalpq.jpg
14,E:\MedicalData\kagglechallenge\Dermnet\train/Psoriasis pictures Lichen Planus and related diseases/08sebKerm0123064.jpg
14,E:\MedicalData\kagglechallenge\Dermnet\train/Psoriasis pictures Lichen Planus and related diseases/08sebKerm01230641.jpg
14,E:\MedicalData\kagglechallenge\Dermnet\train/Psoriasis pictures Lichen Planus and related diseases/08SebKerm0811.jpg
14,E:\MedicalData\kagglechallenge\Dermnet\train/Psoriasis pictures Lichen Planus and related diseases/08sebKerm11220410.jpg
14,E:\MedicalData\kagglechallenge\Dermnet\train/Psoriasis pictures Lichen Planus and related diseases/08sebKerm11220467.jpg
14,E:\MedicalData\kagglechallenge\Dermnet\train/Psoriasis pictures Lichen Planus and related diseases/08sebKerm11220468.jpg
14,E:\MedicalData\kagglechallenge\Dermnet\train/Psoriasis pictures Lichen Planus and related diseases/08sebKerm1122049.jpg
14,E:\MedicalData\kagglechallenge\Dermnet\train/Psoriasis pictures Lichen Planus and related diseases/08TineaAmiantacea.jpg
14,E:\MedicalData\kagglechallenge\Dermnet\train/Psoriasis pictures Lichen Planus and related diseases/08TineaAmiantacea1.jpg
14,E:\MedicalData\kagglechallenge\Dermnet\train/Psoriasis pictures Lichen Planus and related diseases/13tineaAmiantacea0821061.jpg
14,E:\MedicalData\kagglechallenge\Dermnet\train/Psoriasis pictures Lichen Planus and related diseases/3Eczema3-009.jpg
14,E:\MedicalData\kagglechallenge\Dermnet\train/Psoriasis pictures Lichen Planus and related diseases/8Psoriasis1-226.jpg
14,E:\MedicalData\kagglechallenge\Dermnet\train/Psoriasis pictures Lichen Planus and related diseases/8Psoriasis2-219.jpg
14,E:\MedicalData\kagglechallenge\Dermnet\train/Psoriasis pictures Lichen Planus and related diseases/Axillary-Granular-Parakeratosis-2.jpg
14,E:\MedicalData\kagglechallenge\Dermnet\train/Psoriasis pictures Lichen Planus and related diseases/Axillary-Granular-Parakeratosis-3.jpg
14,E:\MedicalData\kagglechallenge\Dermnet\train/Psoriasis pictures Lichen Planus and related diseases/Axillary-Granular-Parakeratosis-4.jpg
14,E:\MedicalData\kagglechallenge\Dermnet\train/Psoriasis pictures Lichen Planus and related diseases/Axillary-Granular-Parakeratosis-5.jpg
14,E:\MedicalData\kagglechallenge\Dermnet\train/Psoriasis pictures Lichen Planus and related diseases/Axillary-Granular-Parakeratosis-6.jpg
14,E:\MedicalData\kagglechallenge\Dermnet\train/Psoriasis pictures Lichen Planus and related diseases/Axillary-Granular-Parakeratosis-7.jpg
14,E:\MedicalData\kagglechallenge\Dermnet\train/Psoriasis pictures Lichen Planus and related diseases/Axillary-Granular-Parakeratosis-8.jpg
14,E:\MedicalData\kagglechallenge\Dermnet\train/Psoriasis pictures Lichen Planus and related diseases/erythrokeratodermia-variabilis-1.jpg
14,E:\MedicalData\kagglechallenge\Dermnet\train/Psoriasis pictures Lichen Planus and related diseases/erythrokeratodermia-variabilis-2.jpg
14,E:\MedicalData\kagglechallenge\Dermnet\train/Psoriasis pictures Lichen Planus and related diseases/erythrokeratodermia-variabilis-3.jpg
14,E:\MedicalData\kagglechallenge\Dermnet\train/Psoriasis pictures Lichen Planus and related diseases/erythrokeratodermia-variabilis-4.jpg
14,E:\MedicalData\kagglechallenge\Dermnet\train/Psoriasis pictures Lichen Planus and related diseases/Lichen-Nitidus-1.jpg
14,E:\MedicalData\kagglechallenge\Dermnet\train/Psoriasis pictures Lichen Planus and related diseases/Lichen-Nitidus-11.jpg
14,E:\MedicalData\kagglechallenge\Dermnet\train/Psoriasis pictures Lichen Planus and related diseases/Lichen-Nitidus-12.jpg
14,E:\MedicalData\kagglechallenge\Dermnet\train/Psoriasis pictures Lichen Planus and related diseases/Lichen-Nitidus-13.jpg
14,E:\MedicalData\kagglechallenge\Dermnet\train/Psoriasis pictures Lichen Planus and related diseases/Lichen-Nitidus-14.jpg
14,E:\MedicalData\kagglechallenge\Dermnet\train/Psoriasis pictures Lichen Planus and related diseases/Lichen-Nitidus-15.jpg
14,E:\MedicalData\kagglechallenge\Dermnet\train/Psoriasis pictures Lichen Planus and related diseases/Lichen-Nitidus-16.jpg
14,E:\MedicalData\kagglechallenge\Dermnet\train/Psoriasis pictures Lichen Planus and related diseases/Lichen-Nitidus-18.jpg
14,E:\MedicalData\kagglechallenge\Dermnet\train/Psoriasis pictures Lichen Planus and related diseases/Lichen-Nitidus-19.jpg
14,E:\MedicalData\kagglechallenge\Dermnet\train/Psoriasis pictures Lichen Planus and related diseases/Lichen-Nitidus-20.jpg
14,E:\MedicalData\kagglechallenge\Dermnet\train/Psoriasis pictures Lichen Planus and related diseases/Lichen-Nitidus-21.jpg
14,E:\MedicalData\kagglechallenge\Dermnet\train/Psoriasis pictures Lichen Planus and related diseases/Lichen-Nitidus-23.jpg
14,E:\MedicalData\kagglechallenge\Dermnet\train/Psoriasis pictures Lichen Planus and related diseases/lichen-planus-1.jpg
14,E:\MedicalData\kagglechallenge\Dermnet\train/Psoriasis pictures Lichen Planus and related diseases/lichen-planus-100.jpg
14,E:\MedicalData\kagglechallenge\Dermnet\train/Psoriasis pictures Lichen Planus and related diseases/lichen-planus-101.jpg
14,E:\MedicalData\kagglechallenge\Dermnet\train/Psoriasis pictures Lichen Planus and related diseases/lichen-planus-102.jpg
14,E:\MedicalData\kagglechallenge\Dermnet\train/Psoriasis pictures Lichen Planus and related diseases/lichen-planus-103.jpg
14,E:\MedicalData\kagglechallenge\Dermnet\train/Psoriasis pictures Lichen Planus and related diseases/lichen-planus-105.jpg
14,E:\MedicalData\kagglechallenge\Dermnet\train/Psoriasis pictures Lichen Planus and related diseases/lichen-planus-106.jpg
14,E:\MedicalData\kagglechallenge\Dermnet\train/Psoriasis pictures Lichen Planus and related diseases/lichen-planus-107.jpg
14,E:\MedicalData\kagglechallenge\Dermnet\train/Psoriasis pictures Lichen Planus and related diseases/lichen-planus-108.jpg
14,E:\MedicalData\kagglechallenge\Dermnet\train/Psoriasis pictures Lichen Planus and related diseases/lichen-planus-109.jpg
14,E:\MedicalData\kagglechallenge\Dermnet\train/Psoriasis pictures Lichen Planus and related diseases/lichen-planus-11.jpg
14,E:\MedicalData\kagglechallenge\Dermnet\train/Psoriasis pictures Lichen Planus and related diseases/lichen-planus-110.jpg
14,E:\MedicalData\kagglechallenge\Dermnet\train/Psoriasis pictures Lichen Planus and related diseases/lichen-planus-111.jpg
14,E:\MedicalData\kagglechallenge\Dermnet\train/Psoriasis pictures Lichen Planus and related diseases/lichen-planus-114.jpg
14,E:\MedicalData\kagglechallenge\Dermnet\train/Psoriasis pictures Lichen Planus and related diseases/lichen-planus-116.jpg
14,E:\MedicalData\kagglechallenge\Dermnet\train/Psoriasis pictures Lichen Planus and related diseases/lichen-planus-118.jpg
14,E:\MedicalData\kagglechallenge\Dermnet\train/Psoriasis pictures Lichen Planus and related diseases/lichen-planus-119.jpg
14,E:\MedicalData\kagglechallenge\Dermnet\train/Psoriasis pictures Lichen Planus and related diseases/lichen-planus-12.jpg
14,E:\MedicalData\kagglechallenge\Dermnet\train/Psoriasis pictures Lichen Planus and related diseases/lichen-planus-120.jpg
14,E:\MedicalData\kagglechallenge\Dermnet\train/Psoriasis pictures Lichen Planus and related diseases/lichen-planus-126.jpg
14,E:\MedicalData\kagglechallenge\Dermnet\train/Psoriasis pictures Lichen Planus and related diseases/lichen-planus-127.jpg
14,E:\MedicalData\kagglechallenge\Dermnet\train/Psoriasis pictures Lichen Planus and related diseases/lichen-planus-128.jpg
14,E:\MedicalData\kagglechallenge\Dermnet\train/Psoriasis pictures Lichen Planus and related diseases/lichen-planus-13.jpg
14,E:\MedicalData\kagglechallenge\Dermnet\train/Psoriasis pictures Lichen Planus and related diseases/lichen-planus-130.jpg
14,E:\MedicalData\kagglechallenge\Dermnet\train/Psoriasis pictures Lichen Planus and related diseases/lichen-planus-131.jpg
14,E:\MedicalData\kagglechallenge\Dermnet\train/Psoriasis pictures Lichen Planus and related diseases/lichen-planus-132.jpg
14,E:\MedicalData\kagglechallenge\Dermnet\train/Psoriasis pictures Lichen Planus and related diseases/lichen-planus-134.jpg
14,E:\MedicalData\kagglechallenge\Dermnet\train/Psoriasis pictures Lichen Planus and related diseases/lichen-planus-135.jpg
14,E:\MedicalData\kagglechallenge\Dermnet\train/Psoriasis pictures Lichen Planus and related diseases/lichen-planus-137.jpg
14,E:\MedicalData\kagglechallenge\Dermnet\train/Psoriasis pictures Lichen Planus and related diseases/lichen-planus-138.jpg
14,E:\MedicalData\kagglechallenge\Dermnet\train/Psoriasis pictures Lichen Planus and related diseases/lichen-planus-139.jpg
14,E:\MedicalData\kagglechallenge\Dermnet\train/Psoriasis pictures Lichen Planus and related diseases/lichen-planus-14.jpg
14,E:\MedicalData\kagglechallenge\Dermnet\train/Psoriasis pictures Lichen Planus and related diseases/lichen-planus-142.jpg
14,E:\MedicalData\kagglechallenge\Dermnet\train/Psoriasis pictures Lichen Planus and related diseases/lichen-planus-143.jpg
14,E:\MedicalData\kagglechallenge\Dermnet\train/Psoriasis pictures Lichen Planus and related diseases/lichen-planus-146.jpg
14,E:\MedicalData\kagglechallenge\Dermnet\train/Psoriasis pictures Lichen Planus and related diseases/lichen-planus-148.jpg
14,E:\MedicalData\kagglechallenge\Dermnet\train/Psoriasis pictures Lichen Planus and related diseases/lichen-planus-151.jpg
14,E:\MedicalData\kagglechallenge\Dermnet\train/Psoriasis pictures Lichen Planus and related diseases/lichen-planus-152.jpg
14,E:\MedicalData\kagglechallenge\Dermnet\train/Psoriasis pictures Lichen Planus and related diseases/lichen-planus-155.jpg
14,E:\MedicalData\kagglechallenge\Dermnet\train/Psoriasis pictures Lichen Planus and related diseases/lichen-planus-156.jpg
14,E:\MedicalData\kagglechallenge\Dermnet\train/Psoriasis pictures Lichen Planus and related diseases/lichen-planus-158.jpg
14,E:\MedicalData\kagglechallenge\Dermnet\train/Psoriasis pictures Lichen Planus and related diseases/lichen-planus-162.jpg
14,E:\MedicalData\kagglechallenge\Dermnet\train/Psoriasis pictures Lichen Planus and related diseases/lichen-planus-164.jpg
14,E:\MedicalData\kagglechallenge\Dermnet\train/Psoriasis pictures Lichen Planus and related diseases/lichen-planus-165.jpg
14,E:\MedicalData\kagglechallenge\Dermnet\train/Psoriasis pictures Lichen Planus and related diseases/lichen-planus-166.jpg
14,E:\MedicalData\kagglechallenge\Dermnet\train/Psoriasis pictures Lichen Planus and related diseases/lichen-planus-167.jpg
14,E:\MedicalData\kagglechallenge\Dermnet\train/Psoriasis pictures Lichen Planus and related diseases/lichen-planus-169.jpg
14,E:\MedicalData\kagglechallenge\Dermnet\train/Psoriasis pictures Lichen Planus and related diseases/lichen-planus-17.jpg
14,E:\MedicalData\kagglechallenge\Dermnet\train/Psoriasis pictures Lichen Planus and related diseases/lichen-planus-170.jpg
14,E:\MedicalData\kagglechallenge\Dermnet\train/Psoriasis pictures Lichen Planus and related diseases/lichen-planus-171.jpg
14,E:\MedicalData\kagglechallenge\Dermnet\train/Psoriasis pictures Lichen Planus and related diseases/lichen-planus-172.jpg
14,E:\MedicalData\kagglechallenge\Dermnet\train/Psoriasis pictures Lichen Planus and related diseases/lichen-planus-174.jpg
14,E:\MedicalData\kagglechallenge\Dermnet\train/Psoriasis pictures Lichen Planus and related diseases/lichen-planus-175.jpg
14,E:\MedicalData\kagglechallenge\Dermnet\train/Psoriasis pictures Lichen Planus and related diseases/lichen-planus-176.jpg
14,E:\MedicalData\kagglechallenge\Dermnet\train/Psoriasis pictures Lichen Planus and related diseases/lichen-planus-178.jpg
14,E:\MedicalData\kagglechallenge\Dermnet\train/Psoriasis pictures Lichen Planus and related diseases/lichen-planus-18.jpg
14,E:\MedicalData\kagglechallenge\Dermnet\train/Psoriasis pictures Lichen Planus and related diseases/lichen-planus-182.jpg
14,E:\MedicalData\kagglechallenge\Dermnet\train/Psoriasis pictures Lichen Planus and related diseases/lichen-planus-183.jpg
14,E:\MedicalData\kagglechallenge\Dermnet\train/Psoriasis pictures Lichen Planus and related diseases/lichen-planus-184.jpg
14,E:\MedicalData\kagglechallenge\Dermnet\train/Psoriasis pictures Lichen Planus and related diseases/lichen-planus-185.jpg
14,E:\MedicalData\kagglechallenge\Dermnet\train/Psoriasis pictures Lichen Planus and related diseases/lichen-planus-189.jpg
14,E:\MedicalData\kagglechallenge\Dermnet\train/Psoriasis pictures Lichen Planus and related diseases/lichen-planus-19.jpg
14,E:\MedicalData\kagglechallenge\Dermnet\train/Psoriasis pictures Lichen Planus and related diseases/lichen-planus-193.jpg
14,E:\MedicalData\kagglechallenge\Dermnet\train/Psoriasis pictures Lichen Planus and related diseases/lichen-planus-195.jpg
14,E:\MedicalData\kagglechallenge\Dermnet\train/Psoriasis pictures Lichen Planus and related diseases/lichen-planus-196.jpg
14,E:\MedicalData\kagglechallenge\Dermnet\train/Psoriasis pictures Lichen Planus and related diseases/lichen-planus-197.jpg
14,E:\MedicalData\kagglechallenge\Dermnet\train/Psoriasis pictures Lichen Planus and related diseases/lichen-planus-198.jpg
14,E:\MedicalData\kagglechallenge\Dermnet\train/Psoriasis pictures Lichen Planus and related diseases/lichen-planus-2.jpg
14,E:\MedicalData\kagglechallenge\Dermnet\train/Psoriasis pictures Lichen Planus and related diseases/lichen-planus-20.jpg
14,E:\MedicalData\kagglechallenge\Dermnet\train/Psoriasis pictures Lichen Planus and related diseases/lichen-planus-200.jpg
14,E:\MedicalData\kagglechallenge\Dermnet\train/Psoriasis pictures Lichen Planus and related diseases/lichen-planus-201.jpg
14,E:\MedicalData\kagglechallenge\Dermnet\train/Psoriasis pictures Lichen Planus and related diseases/lichen-planus-202.jpg
14,E:\MedicalData\kagglechallenge\Dermnet\train/Psoriasis pictures Lichen Planus and related diseases/lichen-planus-203.jpg
14,E:\MedicalData\kagglechallenge\Dermnet\train/Psoriasis pictures Lichen Planus and related diseases/lichen-planus-204.jpg
14,E:\MedicalData\kagglechallenge\Dermnet\train/Psoriasis pictures Lichen Planus and related diseases/lichen-planus-206.jpg
14,E:\MedicalData\kagglechallenge\Dermnet\train/Psoriasis pictures Lichen Planus and related diseases/lichen-planus-207.jpg
14,E:\MedicalData\kagglechallenge\Dermnet\train/Psoriasis pictures Lichen Planus and related diseases/lichen-planus-21.jpg
14,E:\MedicalData\kagglechallenge\Dermnet\train/Psoriasis pictures Lichen Planus and related diseases/lichen-planus-211.jpg
14,E:\MedicalData\kagglechallenge\Dermnet\train/Psoriasis pictures Lichen Planus and related diseases/lichen-planus-82.jpg
14,E:\MedicalData\kagglechallenge\Dermnet\train/Psoriasis pictures Lichen Planus and related diseases/lichen-planus-86.jpg
14,E:\MedicalData\kagglechallenge\Dermnet\train/Psoriasis pictures Lichen Planus and related diseases/lichen-planus-9.jpg
14,E:\MedicalData\kagglechallenge\Dermnet\train/Psoriasis pictures Lichen Planus and related diseases/lichen-planus-91.jpg
14,E:\MedicalData\kagglechallenge\Dermnet\train/Psoriasis pictures Lichen Planus and related diseases/lichen-planus-93.jpg
14,E:\MedicalData\kagglechallenge\Dermnet\train/Psoriasis pictures Lichen Planus and related diseases/lichen-planus-95.jpg
14,E:\MedicalData\kagglechallenge\Dermnet\train/Psoriasis pictures Lichen Planus and related diseases/lichen-planus-96.jpg
14,E:\MedicalData\kagglechallenge\Dermnet\train/Psoriasis pictures Lichen Planus and related diseases/lichen-planus-98.jpg
14,E:\MedicalData\kagglechallenge\Dermnet\train/Psoriasis pictures Lichen Planus and related diseases/lichen-planus-99.jpg
14,E:\MedicalData\kagglechallenge\Dermnet\train/Psoriasis pictures Lichen Planus and related diseases/Lichen-Planus-Drug-1.jpg
14,E:\MedicalData\kagglechallenge\Dermnet\train/Psoriasis pictures Lichen Planus and related diseases/Lichen-Planus-Drug-10.jpg
14,E:\MedicalData\kagglechallenge\Dermnet\train/Psoriasis pictures Lichen Planus and related diseases/Lichen-Planus-Drug-11.jpg
14,E:\MedicalData\kagglechallenge\Dermnet\train/Psoriasis pictures Lichen Planus and related diseases/Lichen-Planus-Drug-12.jpg
14,E:\MedicalData\kagglechallenge\Dermnet\train/Psoriasis pictures Lichen Planus and related diseases/Lichen-Planus-Drug-14.jpg
14,E:\MedicalData\kagglechallenge\Dermnet\train/Psoriasis pictures Lichen Planus and related diseases/Lichen-Planus-Drug-15.jpg
14,E:\MedicalData\kagglechallenge\Dermnet\train/Psoriasis pictures Lichen Planus and related diseases/Lichen-Planus-Drug-16.jpg
14,E:\MedicalData\kagglechallenge\Dermnet\train/Psoriasis pictures Lichen Planus and related diseases/Lichen-Planus-Drug-17.jpg
14,E:\MedicalData\kagglechallenge\Dermnet\train/Psoriasis pictures Lichen Planus and related diseases/Lichen-Planus-Drug-18.jpg
14,E:\MedicalData\kagglechallenge\Dermnet\train/Psoriasis pictures Lichen Planus and related diseases/Lichen-Planus-Drug-2.jpg
14,E:\MedicalData\kagglechallenge\Dermnet\train/Psoriasis pictures Lichen Planus and related diseases/Lichen-Planus-Drug-21.jpg
14,E:\MedicalData\kagglechallenge\Dermnet\train/Psoriasis pictures Lichen Planus and related diseases/Lichen-Planus-Drug-22.jpg
14,E:\MedicalData\kagglechallenge\Dermnet\train/Psoriasis pictures Lichen Planus and related diseases/Lichen-Planus-Drug-23.jpg
14,E:\MedicalData\kagglechallenge\Dermnet\train/Psoriasis pictures Lichen Planus and related diseases/Lichen-Planus-Drug-24.jpg
14,E:\MedicalData\kagglechallenge\Dermnet\train/Psoriasis pictures Lichen Planus and related diseases/Lichen-Planus-Drug-25.jpg
14,E:\MedicalData\kagglechallenge\Dermnet\train/Psoriasis pictures Lichen Planus and related diseases/Lichen-Planus-Drug-27.jpg
14,E:\MedicalData\kagglechallenge\Dermnet\train/Psoriasis pictures Lichen Planus and related diseases/Lichen-Planus-Drug-3.jpg
14,E:\MedicalData\kagglechallenge\Dermnet\train/Psoriasis pictures Lichen Planus and related diseases/Lichen-Planus-Drug-4.jpg
14,E:\MedicalData\kagglechallenge\Dermnet\train/Psoriasis pictures Lichen Planus and related diseases/Lichen-Planus-Drug-5.jpg
14,E:\MedicalData\kagglechallenge\Dermnet\train/Psoriasis pictures Lichen Planus and related diseases/Lichen-Planus-Drug-6.jpg
14,E:\MedicalData\kagglechallenge\Dermnet\train/Psoriasis pictures Lichen Planus and related diseases/Lichen-Planus-Drug-7.jpg
14,E:\MedicalData\kagglechallenge\Dermnet\train/Psoriasis pictures Lichen Planus and related diseases/Lichen-Planus-Drug-8.jpg
14,E:\MedicalData\kagglechallenge\Dermnet\train/Psoriasis pictures Lichen Planus and related diseases/Lichen-Planus-Hypertrophic-1.jpg
14,E:\MedicalData\kagglechallenge\Dermnet\train/Psoriasis pictures Lichen Planus and related diseases/Lichen-Planus-Hypertrophic-12.jpg
14,E:\MedicalData\kagglechallenge\Dermnet\train/Psoriasis pictures Lichen Planus and related diseases/Lichen-Planus-Hypertrophic-13.jpg
14,E:\MedicalData\kagglechallenge\Dermnet\train/Psoriasis pictures Lichen Planus and related diseases/Lichen-Planus-Hypertrophic-14.jpg
14,E:\MedicalData\kagglechallenge\Dermnet\train/Psoriasis pictures Lichen Planus and related diseases/Lichen-Planus-Hypertrophic-19.jpg
14,E:\MedicalData\kagglechallenge\Dermnet\train/Psoriasis pictures Lichen Planus and related diseases/Lichen-Planus-Hypertrophic-2.jpg
14,E:\MedicalData\kagglechallenge\Dermnet\train/Psoriasis pictures Lichen Planus and related diseases/Lichen-Planus-Hypertrophic-20.jpg
14,E:\MedicalData\kagglechallenge\Dermnet\train/Psoriasis pictures Lichen Planus and related diseases/Lichen-Planus-Hypertrophic-21.jpg
14,E:\MedicalData\kagglechallenge\Dermnet\train/Psoriasis pictures Lichen Planus and related diseases/Lichen-Planus-Hypertrophic-3.jpg
14,E:\MedicalData\kagglechallenge\Dermnet\train/Psoriasis pictures Lichen Planus and related diseases/Lichen-Planus-Hypertrophic-4.jpg
14,E:\MedicalData\kagglechallenge\Dermnet\train/Psoriasis pictures Lichen Planus and related diseases/Lichen-Planus-Hypertrophic-7.jpg
14,E:\MedicalData\kagglechallenge\Dermnet\train/Psoriasis pictures Lichen Planus and related diseases/Lichen-Planus-Hypertrophic-9.jpg
14,E:\MedicalData\kagglechallenge\Dermnet\train/Psoriasis pictures Lichen Planus and related diseases/Lichen-Planus-Oral-10.jpg
14,E:\MedicalData\kagglechallenge\Dermnet\train/Psoriasis pictures Lichen Planus and related diseases/Lichen-Planus-Oral-11.jpg
14,E:\MedicalData\kagglechallenge\Dermnet\train/Psoriasis pictures Lichen Planus and related diseases/Lichen-Planus-Oral-12.jpg
14,E:\MedicalData\kagglechallenge\Dermnet\train/Psoriasis pictures Lichen Planus and related diseases/Lichen-Planus-Oral-15.jpg
14,E:\MedicalData\kagglechallenge\Dermnet\train/Psoriasis pictures Lichen Planus and related diseases/Lichen-Planus-Oral-16.jpg
14,E:\MedicalData\kagglechallenge\Dermnet\train/Psoriasis pictures Lichen Planus and related diseases/Lichen-Planus-Oral-17.jpg
14,E:\MedicalData\kagglechallenge\Dermnet\train/Psoriasis pictures Lichen Planus and related diseases/Lichen-Planus-Oral-19.jpg
14,E:\MedicalData\kagglechallenge\Dermnet\train/Psoriasis pictures Lichen Planus and related diseases/Lichen-Planus-Oral-2.jpg
14,E:\MedicalData\kagglechallenge\Dermnet\train/Psoriasis pictures Lichen Planus and related diseases/Lichen-Planus-Oral-20.jpg
14,E:\MedicalData\kagglechallenge\Dermnet\train/Psoriasis pictures Lichen Planus and related diseases/Lichen-Planus-Oral-21.jpg
14,E:\MedicalData\kagglechallenge\Dermnet\train/Psoriasis pictures Lichen Planus and related diseases/Lichen-Planus-Oral-22.jpg
14,E:\MedicalData\kagglechallenge\Dermnet\train/Psoriasis pictures Lichen Planus and related diseases/Lichen-Planus-Oral-24.jpg
14,E:\MedicalData\kagglechallenge\Dermnet\train/Psoriasis pictures Lichen Planus and related diseases/Lichen-Planus-Oral-25.jpg
14,E:\MedicalData\kagglechallenge\Dermnet\train/Psoriasis pictures Lichen Planus and related diseases/Lichen-Planus-Oral-26.jpg
14,E:\MedicalData\kagglechallenge\Dermnet\train/Psoriasis pictures Lichen Planus and related diseases/Lichen-Planus-Oral-27.jpg
14,E:\MedicalData\kagglechallenge\Dermnet\train/Psoriasis pictures Lichen Planus and related diseases/Lichen-Planus-Oral-3.jpg
14,E:\MedicalData\kagglechallenge\Dermnet\train/Psoriasis pictures Lichen Planus and related diseases/Lichen-Planus-Oral-30.jpg
14,E:\MedicalData\kagglechallenge\Dermnet\train/Psoriasis pictures Lichen Planus and related diseases/Lichen-Planus-Oral-31.jpg
14,E:\MedicalData\kagglechallenge\Dermnet\train/Psoriasis pictures Lichen Planus and related diseases/Lichen-Planus-Oral-33.jpg
14,E:\MedicalData\kagglechallenge\Dermnet\train/Psoriasis pictures Lichen Planus and related diseases/Lichen-Planus-Oral-34.jpg
14,E:\MedicalData\kagglechallenge\Dermnet\train/Psoriasis pictures Lichen Planus and related diseases/Lichen-Planus-Oral-35.jpg
14,E:\MedicalData\kagglechallenge\Dermnet\train/Psoriasis pictures Lichen Planus and related diseases/Lichen-Planus-Oral-36.jpg
14,E:\MedicalData\kagglechallenge\Dermnet\train/Psoriasis pictures Lichen Planus and related diseases/Lichen-Planus-Oral-37.jpg
14,E:\MedicalData\kagglechallenge\Dermnet\train/Psoriasis pictures Lichen Planus and related diseases/Lichen-Planus-Oral-38.jpg
14,E:\MedicalData\kagglechallenge\Dermnet\train/Psoriasis pictures Lichen Planus and related diseases/Lichen-Planus-Oral-39.jpg
14,E:\MedicalData\kagglechallenge\Dermnet\train/Psoriasis pictures Lichen Planus and related diseases/Lichen-Planus-Oral-42.jpg
14,E:\MedicalData\kagglechallenge\Dermnet\train/Psoriasis pictures Lichen Planus and related diseases/Lichen-Planus-Oral-43.jpg
14,E:\MedicalData\kagglechallenge\Dermnet\train/Psoriasis pictures Lichen Planus and related diseases/Lichen-Planus-Oral-44.jpg
14,E:\MedicalData\kagglechallenge\Dermnet\train/Psoriasis pictures Lichen Planus and related diseases/Lichen-Planus-Oral-46.jpg
14,E:\MedicalData\kagglechallenge\Dermnet\train/Psoriasis pictures Lichen Planus and related diseases/Lichen-Planus-Oral-47.jpg
14,E:\MedicalData\kagglechallenge\Dermnet\train/Psoriasis pictures Lichen Planus and related diseases/Lichen-Planus-Oral-48.jpg
14,E:\MedicalData\kagglechallenge\Dermnet\train/Psoriasis pictures Lichen Planus and related diseases/Lichen-Planus-Oral-5.jpg
14,E:\MedicalData\kagglechallenge\Dermnet\train/Psoriasis pictures Lichen Planus and related diseases/Lichen-Planus-Oral-6.jpg
14,E:\MedicalData\kagglechallenge\Dermnet\train/Psoriasis pictures Lichen Planus and related diseases/Lichen-Planus-Oral-8.jpg
14,E:\MedicalData\kagglechallenge\Dermnet\train/Psoriasis pictures Lichen Planus and related diseases/Lichen-Planus-Oral-9.jpg
14,E:\MedicalData\kagglechallenge\Dermnet\train/Psoriasis pictures Lichen Planus and related diseases/Lichen-Planus-Palm-Soles-1.jpg
14,E:\MedicalData\kagglechallenge\Dermnet\train/Psoriasis pictures Lichen Planus and related diseases/Lichen-Planus-Palm-Soles-10.jpg
14,E:\MedicalData\kagglechallenge\Dermnet\train/Psoriasis pictures Lichen Planus and related diseases/Lichen-Planus-Palm-Soles-2.jpg
14,E:\MedicalData\kagglechallenge\Dermnet\train/Psoriasis pictures Lichen Planus and related diseases/Lichen-Planus-Palm-Soles-3.jpg
14,E:\MedicalData\kagglechallenge\Dermnet\train/Psoriasis pictures Lichen Planus and related diseases/Lichen-Planus-Palm-Soles-4.jpg
14,E:\MedicalData\kagglechallenge\Dermnet\train/Psoriasis pictures Lichen Planus and related diseases/Lichen-Planus-Palm-Soles-5.jpg
14,E:\MedicalData\kagglechallenge\Dermnet\train/Psoriasis pictures Lichen Planus and related diseases/Lichen-Planus-Palm-Soles-7.jpg
14,E:\MedicalData\kagglechallenge\Dermnet\train/Psoriasis pictures Lichen Planus and related diseases/Lichen-Planus-Palm-Soles-9.jpg
14,E:\MedicalData\kagglechallenge\Dermnet\train/Psoriasis pictures Lichen Planus and related diseases/Lichen-Planus-Penis-1.jpg
14,E:\MedicalData\kagglechallenge\Dermnet\train/Psoriasis pictures Lichen Planus and related diseases/Lichen-Planus-Penis-11.jpg
14,E:\MedicalData\kagglechallenge\Dermnet\train/Psoriasis pictures Lichen Planus and related diseases/Lichen-Planus-Penis-12.jpg
14,E:\MedicalData\kagglechallenge\Dermnet\train/Psoriasis pictures Lichen Planus and related diseases/Lichen-Planus-Penis-13.jpg
14,E:\MedicalData\kagglechallenge\Dermnet\train/Psoriasis pictures Lichen Planus and related diseases/Lichen-Planus-Penis-2.jpg
14,E:\MedicalData\kagglechallenge\Dermnet\train/Psoriasis pictures Lichen Planus and related diseases/Lichen-Planus-Penis-4.jpg
14,E:\MedicalData\kagglechallenge\Dermnet\train/Psoriasis pictures Lichen Planus and related diseases/Lichen-Planus-Penis-6.jpg
14,E:\MedicalData\kagglechallenge\Dermnet\train/Psoriasis pictures Lichen Planus and related diseases/Lichen-Planus-Penis-7.jpg
14,E:\MedicalData\kagglechallenge\Dermnet\train/Psoriasis pictures Lichen Planus and related diseases/Lichen-Planus-Penis-8.jpg
14,E:\MedicalData\kagglechallenge\Dermnet\train/Psoriasis pictures Lichen Planus and related diseases/Lichen-Planus-Penis-9.jpg
14,E:\MedicalData\kagglechallenge\Dermnet\train/Psoriasis pictures Lichen Planus and related diseases/lichen-planus-vaginal-1.jpg
14,E:\MedicalData\kagglechallenge\Dermnet\train/Psoriasis pictures Lichen Planus and related diseases/lichen-planus-vaginal-10.jpg
14,E:\MedicalData\kagglechallenge\Dermnet\train/Psoriasis pictures Lichen Planus and related diseases/lichen-planus-vaginal-11.jpg
14,E:\MedicalData\kagglechallenge\Dermnet\train/Psoriasis pictures Lichen Planus and related diseases/lichen-planus-vaginal-12.jpg
14,E:\MedicalData\kagglechallenge\Dermnet\train/Psoriasis pictures Lichen Planus and related diseases/lichen-planus-vaginal-2.jpg
14,E:\MedicalData\kagglechallenge\Dermnet\train/Psoriasis pictures Lichen Planus and related diseases/lichen-planus-vaginal-3.jpg
14,E:\MedicalData\kagglechallenge\Dermnet\train/Psoriasis pictures Lichen Planus and related diseases/lichen-planus-vaginal-4.jpg
14,E:\MedicalData\kagglechallenge\Dermnet\train/Psoriasis pictures Lichen Planus and related diseases/lichen-planus-vaginal-5.jpg
14,E:\MedicalData\kagglechallenge\Dermnet\train/Psoriasis pictures Lichen Planus and related diseases/lichen-planus-vaginal-6.jpg
14,E:\MedicalData\kagglechallenge\Dermnet\train/Psoriasis pictures Lichen Planus and related diseases/lichen-planus-vaginal-7.jpg
14,E:\MedicalData\kagglechallenge\Dermnet\train/Psoriasis pictures Lichen Planus and related diseases/lichen-planus-vaginal-8.jpg
14,E:\MedicalData\kagglechallenge\Dermnet\train/Psoriasis pictures Lichen Planus and related diseases/Lichen-Sclerosis-Vulva-1.jpg
14,E:\MedicalData\kagglechallenge\Dermnet\train/Psoriasis pictures Lichen Planus and related diseases/Lichen-Sclerosis-Vulva-10.jpg
14,E:\MedicalData\kagglechallenge\Dermnet\train/Psoriasis pictures Lichen Planus and related diseases/Lichen-Sclerosis-Vulva-12.jpg
14,E:\MedicalData\kagglechallenge\Dermnet\train/Psoriasis pictures Lichen Planus and related diseases/Lichen-Sclerosis-Vulva-14.jpg
14,E:\MedicalData\kagglechallenge\Dermnet\train/Psoriasis pictures Lichen Planus and related diseases/Lichen-Sclerosis-Vulva-18.jpg
14,E:\MedicalData\kagglechallenge\Dermnet\train/Psoriasis pictures Lichen Planus and related diseases/Lichen-Sclerosis-Vulva-19.jpg
14,E:\MedicalData\kagglechallenge\Dermnet\train/Psoriasis pictures Lichen Planus and related diseases/Lichen-Sclerosis-Vulva-2.jpg
14,E:\MedicalData\kagglechallenge\Dermnet\train/Psoriasis pictures Lichen Planus and related diseases/Lichen-Sclerosis-Vulva-20.jpg
14,E:\MedicalData\kagglechallenge\Dermnet\train/Psoriasis pictures Lichen Planus and related diseases/Lichen-Sclerosis-Vulva-22.jpg
14,E:\MedicalData\kagglechallenge\Dermnet\train/Psoriasis pictures Lichen Planus and related diseases/Lichen-Sclerosis-Vulva-24.jpg
14,E:\MedicalData\kagglechallenge\Dermnet\train/Psoriasis pictures Lichen Planus and related diseases/Lichen-Sclerosis-Vulva-25.jpg
14,E:\MedicalData\kagglechallenge\Dermnet\train/Psoriasis pictures Lichen Planus and related diseases/Lichen-Sclerosis-Vulva-26.jpg
14,E:\MedicalData\kagglechallenge\Dermnet\train/Psoriasis pictures Lichen Planus and related diseases/Lichen-Sclerosis-Vulva-27.jpg
14,E:\MedicalData\kagglechallenge\Dermnet\train/Psoriasis pictures Lichen Planus and related diseases/Lichen-Sclerosis-Vulva-28.jpg
14,E:\MedicalData\kagglechallenge\Dermnet\train/Psoriasis pictures Lichen Planus and related diseases/Lichen-Sclerosis-Vulva-30.jpg
14,E:\MedicalData\kagglechallenge\Dermnet\train/Psoriasis pictures Lichen Planus and related diseases/Lichen-Sclerosis-Vulva-34.jpg
14,E:\MedicalData\kagglechallenge\Dermnet\train/Psoriasis pictures Lichen Planus and related diseases/Lichen-Sclerosis-Vulva-36.jpg
14,E:\MedicalData\kagglechallenge\Dermnet\train/Psoriasis pictures Lichen Planus and related diseases/Lichen-Sclerosis-Vulva-37.jpg
14,E:\MedicalData\kagglechallenge\Dermnet\train/Psoriasis pictures Lichen Planus and related diseases/Lichen-Sclerosis-Vulva-38.jpg
14,E:\MedicalData\kagglechallenge\Dermnet\train/Psoriasis pictures Lichen Planus and related diseases/Lichen-Sclerosis-Vulva-39.jpg
14,E:\MedicalData\kagglechallenge\Dermnet\train/Psoriasis pictures Lichen Planus and related diseases/Lichen-Sclerosis-Vulva-4.jpg
14,E:\MedicalData\kagglechallenge\Dermnet\train/Psoriasis pictures Lichen Planus and related diseases/Lichen-Sclerosis-Vulva-40.jpg
14,E:\MedicalData\kagglechallenge\Dermnet\train/Psoriasis pictures Lichen Planus and related diseases/Lichen-Sclerosis-Vulva-42.jpg
14,E:\MedicalData\kagglechallenge\Dermnet\train/Psoriasis pictures Lichen Planus and related diseases/Lichen-Sclerosis-Vulva-43.jpg
14,E:\MedicalData\kagglechallenge\Dermnet\train/Psoriasis pictures Lichen Planus and related diseases/Lichen-Sclerosis-Vulva-7.jpg
14,E:\MedicalData\kagglechallenge\Dermnet\train/Psoriasis pictures Lichen Planus and related diseases/Lichen-Sclerosis-Vulva-8.jpg
14,E:\MedicalData\kagglechallenge\Dermnet\train/Psoriasis pictures Lichen Planus and related diseases/Lichen-Sclerosus-Penis-15.jpg
14,E:\MedicalData\kagglechallenge\Dermnet\train/Psoriasis pictures Lichen Planus and related diseases/Lichen-Sclerosus-Penis-16.jpg
14,E:\MedicalData\kagglechallenge\Dermnet\train/Psoriasis pictures Lichen Planus and related diseases/Lichen-Sclerosus-Penis-18.jpg
14,E:\MedicalData\kagglechallenge\Dermnet\train/Psoriasis pictures Lichen Planus and related diseases/Lichen-Sclerosus-Penis-2.jpg
14,E:\MedicalData\kagglechallenge\Dermnet\train/Psoriasis pictures Lichen Planus and related diseases/Lichen-Sclerosus-Penis-20.jpg
14,E:\MedicalData\kagglechallenge\Dermnet\train/Psoriasis pictures Lichen Planus and related diseases/Lichen-Sclerosus-Penis-21.jpg
14,E:\MedicalData\kagglechallenge\Dermnet\train/Psoriasis pictures Lichen Planus and related diseases/Lichen-Sclerosus-Penis-22.jpg
14,E:\MedicalData\kagglechallenge\Dermnet\train/Psoriasis pictures Lichen Planus and related diseases/Lichen-Sclerosus-Penis-23.jpg
14,E:\MedicalData\kagglechallenge\Dermnet\train/Psoriasis pictures Lichen Planus and related diseases/Lichen-Sclerosus-Penis-25.jpg
14,E:\MedicalData\kagglechallenge\Dermnet\train/Psoriasis pictures Lichen Planus and related diseases/Lichen-Sclerosus-Penis-26.jpg
14,E:\MedicalData\kagglechallenge\Dermnet\train/Psoriasis pictures Lichen Planus and related diseases/Lichen-Sclerosus-Penis-28.jpg
14,E:\MedicalData\kagglechallenge\Dermnet\train/Psoriasis pictures Lichen Planus and related diseases/Lichen-Sclerosus-Penis-29.jpg
14,E:\MedicalData\kagglechallenge\Dermnet\train/Psoriasis pictures Lichen Planus and related diseases/Lichen-Sclerosus-Penis-3.jpg
14,E:\MedicalData\kagglechallenge\Dermnet\train/Psoriasis pictures Lichen Planus and related diseases/Lichen-Sclerosus-Penis-31.jpg
14,E:\MedicalData\kagglechallenge\Dermnet\train/Psoriasis pictures Lichen Planus and related diseases/Lichen-Sclerosus-Penis-32.jpg
14,E:\MedicalData\kagglechallenge\Dermnet\train/Psoriasis pictures Lichen Planus and related diseases/Lichen-Sclerosus-Penis-34.jpg
14,E:\MedicalData\kagglechallenge\Dermnet\train/Psoriasis pictures Lichen Planus and related diseases/Lichen-Sclerosus-Penis-37.jpg
14,E:\MedicalData\kagglechallenge\Dermnet\train/Psoriasis pictures Lichen Planus and related diseases/Lichen-Sclerosus-Penis-4.jpg
14,E:\MedicalData\kagglechallenge\Dermnet\train/Psoriasis pictures Lichen Planus and related diseases/Lichen-Sclerosus-Penis-40.jpg
14,E:\MedicalData\kagglechallenge\Dermnet\train/Psoriasis pictures Lichen Planus and related diseases/Lichen-Sclerosus-Penis-42.jpg
14,E:\MedicalData\kagglechallenge\Dermnet\train/Psoriasis pictures Lichen Planus and related diseases/Lichen-Sclerosus-Penis-44.jpg
14,E:\MedicalData\kagglechallenge\Dermnet\train/Psoriasis pictures Lichen Planus and related diseases/Lichen-Sclerosus-Penis-6.jpg
14,E:\MedicalData\kagglechallenge\Dermnet\train/Psoriasis pictures Lichen Planus and related diseases/Lichen-Sclerosus-Penis-7.jpg
14,E:\MedicalData\kagglechallenge\Dermnet\train/Psoriasis pictures Lichen Planus and related diseases/Lichen-Sclerosus-Penis-9.jpg
14,E:\MedicalData\kagglechallenge\Dermnet\train/Psoriasis pictures Lichen Planus and related diseases/Lichen-Sclerosus-Skin-10.jpg
14,E:\MedicalData\kagglechallenge\Dermnet\train/Psoriasis pictures Lichen Planus and related diseases/Lichen-Sclerosus-Skin-100.jpg
14,E:\MedicalData\kagglechallenge\Dermnet\train/Psoriasis pictures Lichen Planus and related diseases/Lichen-Sclerosus-Skin-101.jpg
14,E:\MedicalData\kagglechallenge\Dermnet\train/Psoriasis pictures Lichen Planus and related diseases/Lichen-Sclerosus-Skin-103.jpg
14,E:\MedicalData\kagglechallenge\Dermnet\train/Psoriasis pictures Lichen Planus and related diseases/Lichen-Sclerosus-Skin-104.jpg
14,E:\MedicalData\kagglechallenge\Dermnet\train/Psoriasis pictures Lichen Planus and related diseases/Lichen-Sclerosus-Skin-105.jpg
14,E:\MedicalData\kagglechallenge\Dermnet\train/Psoriasis pictures Lichen Planus and related diseases/Lichen-Sclerosus-Skin-106.jpg
14,E:\MedicalData\kagglechallenge\Dermnet\train/Psoriasis pictures Lichen Planus and related diseases/Lichen-Sclerosus-Skin-107.jpg
14,E:\MedicalData\kagglechallenge\Dermnet\train/Psoriasis pictures Lichen Planus and related diseases/Lichen-Sclerosus-Skin-108.jpg
14,E:\MedicalData\kagglechallenge\Dermnet\train/Psoriasis pictures Lichen Planus and related diseases/Lichen-Sclerosus-Skin-11.jpg
14,E:\MedicalData\kagglechallenge\Dermnet\train/Psoriasis pictures Lichen Planus and related diseases/Lichen-Sclerosus-Skin-110.jpg
14,E:\MedicalData\kagglechallenge\Dermnet\train/Psoriasis pictures Lichen Planus and related diseases/Lichen-Sclerosus-Skin-111.jpg
14,E:\MedicalData\kagglechallenge\Dermnet\train/Psoriasis pictures Lichen Planus and related diseases/Lichen-Sclerosus-Skin-115.jpg
14,E:\MedicalData\kagglechallenge\Dermnet\train/Psoriasis pictures Lichen Planus and related diseases/Lichen-Sclerosus-Skin-116.jpg
14,E:\MedicalData\kagglechallenge\Dermnet\train/Psoriasis pictures Lichen Planus and related diseases/Lichen-Sclerosus-Skin-117.jpg
14,E:\MedicalData\kagglechallenge\Dermnet\train/Psoriasis pictures Lichen Planus and related diseases/Lichen-Sclerosus-Skin-118.jpg
14,E:\MedicalData\kagglechallenge\Dermnet\train/Psoriasis pictures Lichen Planus and related diseases/Lichen-Sclerosus-Skin-119.jpg
14,E:\MedicalData\kagglechallenge\Dermnet\train/Psoriasis pictures Lichen Planus and related diseases/Lichen-Sclerosus-Skin-12.jpg
14,E:\MedicalData\kagglechallenge\Dermnet\train/Psoriasis pictures Lichen Planus and related diseases/Lichen-Sclerosus-Skin-120.jpg
14,E:\MedicalData\kagglechallenge\Dermnet\train/Psoriasis pictures Lichen Planus and related diseases/Lichen-Sclerosus-Skin-121.jpg
14,E:\MedicalData\kagglechallenge\Dermnet\train/Psoriasis pictures Lichen Planus and related diseases/Lichen-Sclerosus-Skin-122.jpg
14,E:\MedicalData\kagglechallenge\Dermnet\train/Psoriasis pictures Lichen Planus and related diseases/Lichen-Sclerosus-Skin-126.jpg
14,E:\MedicalData\kagglechallenge\Dermnet\train/Psoriasis pictures Lichen Planus and related diseases/Lichen-Sclerosus-Skin-128.jpg
14,E:\MedicalData\kagglechallenge\Dermnet\train/Psoriasis pictures Lichen Planus and related diseases/Lichen-Sclerosus-Skin-13.jpg
14,E:\MedicalData\kagglechallenge\Dermnet\train/Psoriasis pictures Lichen Planus and related diseases/Lichen-Sclerosus-Skin-131.jpg
14,E:\MedicalData\kagglechallenge\Dermnet\train/Psoriasis pictures Lichen Planus and related diseases/Lichen-Sclerosus-Skin-132.jpg
14,E:\MedicalData\kagglechallenge\Dermnet\train/Psoriasis pictures Lichen Planus and related diseases/Lichen-Sclerosus-Skin-133.jpg
14,E:\MedicalData\kagglechallenge\Dermnet\train/Psoriasis pictures Lichen Planus and related diseases/Lichen-Sclerosus-Skin-17.jpg
14,E:\MedicalData\kagglechallenge\Dermnet\train/Psoriasis pictures Lichen Planus and related diseases/Lichen-Sclerosus-Skin-21.jpg
14,E:\MedicalData\kagglechallenge\Dermnet\train/Psoriasis pictures Lichen Planus and related diseases/Lichen-Sclerosus-Skin-22.jpg
14,E:\MedicalData\kagglechallenge\Dermnet\train/Psoriasis pictures Lichen Planus and related diseases/Lichen-Sclerosus-Skin-24.jpg
14,E:\MedicalData\kagglechallenge\Dermnet\train/Psoriasis pictures Lichen Planus and related diseases/Lichen-Sclerosus-Skin-27.jpg
14,E:\MedicalData\kagglechallenge\Dermnet\train/Psoriasis pictures Lichen Planus and related diseases/Lichen-Sclerosus-Skin-29.jpg
14,E:\MedicalData\kagglechallenge\Dermnet\train/Psoriasis pictures Lichen Planus and related diseases/Lichen-Sclerosus-Skin-30.jpg
14,E:\MedicalData\kagglechallenge\Dermnet\train/Psoriasis pictures Lichen Planus and related diseases/Lichen-Sclerosus-Skin-31.jpg
14,E:\MedicalData\kagglechallenge\Dermnet\train/Psoriasis pictures Lichen Planus and related diseases/Lichen-Sclerosus-Skin-32.jpg
14,E:\MedicalData\kagglechallenge\Dermnet\train/Psoriasis pictures Lichen Planus and related diseases/Lichen-Sclerosus-Skin-33.jpg
14,E:\MedicalData\kagglechallenge\Dermnet\train/Psoriasis pictures Lichen Planus and related diseases/Lichen-Sclerosus-Skin-35.jpg
14,E:\MedicalData\kagglechallenge\Dermnet\train/Psoriasis pictures Lichen Planus and related diseases/Lichen-Sclerosus-Skin-36.jpg
14,E:\MedicalData\kagglechallenge\Dermnet\train/Psoriasis pictures Lichen Planus and related diseases/Lichen-Sclerosus-Skin-37.jpg
14,E:\MedicalData\kagglechallenge\Dermnet\train/Psoriasis pictures Lichen Planus and related diseases/Lichen-Sclerosus-Skin-38.jpg
14,E:\MedicalData\kagglechallenge\Dermnet\train/Psoriasis pictures Lichen Planus and related diseases/Lichen-Sclerosus-Skin-4.jpg
14,E:\MedicalData\kagglechallenge\Dermnet\train/Psoriasis pictures Lichen Planus and related diseases/Lichen-Sclerosus-Skin-41.jpg
14,E:\MedicalData\kagglechallenge\Dermnet\train/Psoriasis pictures Lichen Planus and related diseases/Lichen-Sclerosus-Skin-42.jpg
14,E:\MedicalData\kagglechallenge\Dermnet\train/Psoriasis pictures Lichen Planus and related diseases/Lichen-Sclerosus-Skin-44.jpg
14,E:\MedicalData\kagglechallenge\Dermnet\train/Psoriasis pictures Lichen Planus and related diseases/Lichen-Sclerosus-Skin-45.jpg
14,E:\MedicalData\kagglechallenge\Dermnet\train/Psoriasis pictures Lichen Planus and related diseases/Lichen-Sclerosus-Skin-46.jpg
14,E:\MedicalData\kagglechallenge\Dermnet\train/Psoriasis pictures Lichen Planus and related diseases/Lichen-Sclerosus-Skin-47.jpg
14,E:\MedicalData\kagglechallenge\Dermnet\train/Psoriasis pictures Lichen Planus and related diseases/Lichen-Sclerosus-Skin-49.jpg
14,E:\MedicalData\kagglechallenge\Dermnet\train/Psoriasis pictures Lichen Planus and related diseases/Lichen-Sclerosus-Skin-5.jpg
14,E:\MedicalData\kagglechallenge\Dermnet\train/Psoriasis pictures Lichen Planus and related diseases/Lichen-Sclerosus-Skin-50.jpg
14,E:\MedicalData\kagglechallenge\Dermnet\train/Psoriasis pictures Lichen Planus and related diseases/Lichen-Sclerosus-Skin-52.jpg
14,E:\MedicalData\kagglechallenge\Dermnet\train/Psoriasis pictures Lichen Planus and related diseases/Lichen-Sclerosus-Skin-54.jpg
14,E:\MedicalData\kagglechallenge\Dermnet\train/Psoriasis pictures Lichen Planus and related diseases/Lichen-Sclerosus-Skin-55.jpg
14,E:\MedicalData\kagglechallenge\Dermnet\train/Psoriasis pictures Lichen Planus and related diseases/Lichen-Sclerosus-Skin-56.jpg
14,E:\MedicalData\kagglechallenge\Dermnet\train/Psoriasis pictures Lichen Planus and related diseases/Lichen-Sclerosus-Skin-57.jpg
14,E:\MedicalData\kagglechallenge\Dermnet\train/Psoriasis pictures Lichen Planus and related diseases/Lichen-Sclerosus-Skin-59.jpg
14,E:\MedicalData\kagglechallenge\Dermnet\train/Psoriasis pictures Lichen Planus and related diseases/Lichen-Sclerosus-Skin-6.jpg
14,E:\MedicalData\kagglechallenge\Dermnet\train/Psoriasis pictures Lichen Planus and related diseases/Lichen-Sclerosus-Skin-60.jpg
14,E:\MedicalData\kagglechallenge\Dermnet\train/Psoriasis pictures Lichen Planus and related diseases/Lichen-Sclerosus-Skin-61.jpg
14,E:\MedicalData\kagglechallenge\Dermnet\train/Psoriasis pictures Lichen Planus and related diseases/Lichen-Sclerosus-Skin-62.jpg
14,E:\MedicalData\kagglechallenge\Dermnet\train/Psoriasis pictures Lichen Planus and related diseases/Lichen-Sclerosus-Skin-63.jpg
14,E:\MedicalData\kagglechallenge\Dermnet\train/Psoriasis pictures Lichen Planus and related diseases/Lichen-Sclerosus-Skin-64.jpg
14,E:\MedicalData\kagglechallenge\Dermnet\train/Psoriasis pictures Lichen Planus and related diseases/Lichen-Sclerosus-Skin-65.jpg
14,E:\MedicalData\kagglechallenge\Dermnet\train/Psoriasis pictures Lichen Planus and related diseases/Lichen-Sclerosus-Skin-66.jpg
14,E:\MedicalData\kagglechallenge\Dermnet\train/Psoriasis pictures Lichen Planus and related diseases/Lichen-Sclerosus-Skin-67.jpg
14,E:\MedicalData\kagglechallenge\Dermnet\train/Psoriasis pictures Lichen Planus and related diseases/Lichen-Sclerosus-Skin-69.jpg
14,E:\MedicalData\kagglechallenge\Dermnet\train/Psoriasis pictures Lichen Planus and related diseases/Lichen-Sclerosus-Skin-7.jpg
14,E:\MedicalData\kagglechallenge\Dermnet\train/Psoriasis pictures Lichen Planus and related diseases/Lichen-Sclerosus-Skin-70.jpg
14,E:\MedicalData\kagglechallenge\Dermnet\train/Psoriasis pictures Lichen Planus and related diseases/Lichen-Sclerosus-Skin-71.jpg
14,E:\MedicalData\kagglechallenge\Dermnet\train/Psoriasis pictures Lichen Planus and related diseases/Lichen-Sclerosus-Skin-73.jpg
14,E:\MedicalData\kagglechallenge\Dermnet\train/Psoriasis pictures Lichen Planus and related diseases/Lichen-Sclerosus-Skin-76.jpg
14,E:\MedicalData\kagglechallenge\Dermnet\train/Psoriasis pictures Lichen Planus and related diseases/Lichen-Sclerosus-Skin-77.jpg
14,E:\MedicalData\kagglechallenge\Dermnet\train/Psoriasis pictures Lichen Planus and related diseases/Lichen-Sclerosus-Skin-79.jpg
14,E:\MedicalData\kagglechallenge\Dermnet\train/Psoriasis pictures Lichen Planus and related diseases/Lichen-Sclerosus-Skin-8.jpg
14,E:\MedicalData\kagglechallenge\Dermnet\train/Psoriasis pictures Lichen Planus and related diseases/Lichen-Sclerosus-Skin-80.jpg
14,E:\MedicalData\kagglechallenge\Dermnet\train/Psoriasis pictures Lichen Planus and related diseases/Lichen-Sclerosus-Skin-81.jpg
14,E:\MedicalData\kagglechallenge\Dermnet\train/Psoriasis pictures Lichen Planus and related diseases/Lichen-Sclerosus-Skin-83.jpg
14,E:\MedicalData\kagglechallenge\Dermnet\train/Psoriasis pictures Lichen Planus and related diseases/Lichen-Sclerosus-Skin-85.jpg
14,E:\MedicalData\kagglechallenge\Dermnet\train/Psoriasis pictures Lichen Planus and related diseases/Lichen-Sclerosus-Skin-86.jpg
14,E:\MedicalData\kagglechallenge\Dermnet\train/Psoriasis pictures Lichen Planus and related diseases/Lichen-Sclerosus-Skin-87.jpg
14,E:\MedicalData\kagglechallenge\Dermnet\train/Psoriasis pictures Lichen Planus and related diseases/Lichen-Sclerosus-Skin-88.jpg
14,E:\MedicalData\kagglechallenge\Dermnet\train/Psoriasis pictures Lichen Planus and related diseases/Lichen-Sclerosus-Skin-89.jpg
14,E:\MedicalData\kagglechallenge\Dermnet\train/Psoriasis pictures Lichen Planus and related diseases/Lichen-Sclerosus-Skin-93.jpg
14,E:\MedicalData\kagglechallenge\Dermnet\train/Psoriasis pictures Lichen Planus and related diseases/Lichen-Sclerosus-Skin-97.jpg
14,E:\MedicalData\kagglechallenge\Dermnet\train/Psoriasis pictures Lichen Planus and related diseases/Lichen-Sclerosus-Skin-99.jpg
14,E:\MedicalData\kagglechallenge\Dermnet\train/Psoriasis pictures Lichen Planus and related diseases/Lichen-Spinulosa-1.jpg
14,E:\MedicalData\kagglechallenge\Dermnet\train/Psoriasis pictures Lichen Planus and related diseases/Lichen-Spinulosa-2.jpg
14,E:\MedicalData\kagglechallenge\Dermnet\train/Psoriasis pictures Lichen Planus and related diseases/lichen-striatus-1.jpg
14,E:\MedicalData\kagglechallenge\Dermnet\train/Psoriasis pictures Lichen Planus and related diseases/lichen-striatus-2.jpg
14,E:\MedicalData\kagglechallenge\Dermnet\train/Psoriasis pictures Lichen Planus and related diseases/Palmoplantar-Keratoderma-1.jpg
14,E:\MedicalData\kagglechallenge\Dermnet\train/Psoriasis pictures Lichen Planus and related diseases/Palmoplantar-Keratoderma-2.jpg
14,E:\MedicalData\kagglechallenge\Dermnet\train/Psoriasis pictures Lichen Planus and related diseases/Palmoplantar-Keratoderma-3.jpg
14,E:\MedicalData\kagglechallenge\Dermnet\train/Psoriasis pictures Lichen Planus and related diseases/Palmoplantar-Keratoderma-4.jpg
14,E:\MedicalData\kagglechallenge\Dermnet\train/Psoriasis pictures Lichen Planus and related diseases/Palmoplantar-Keratoderma-5.jpg
14,E:\MedicalData\kagglechallenge\Dermnet\train/Psoriasis pictures Lichen Planus and related diseases/Palmoplantar-Keratoderma-6.jpg
14,E:\MedicalData\kagglechallenge\Dermnet\train/Psoriasis pictures Lichen Planus and related diseases/Pityriasis-Lichenoides-1.jpg
14,E:\MedicalData\kagglechallenge\Dermnet\train/Psoriasis pictures Lichen Planus and related diseases/Pityriasis-Lichenoides-10.jpg
14,E:\MedicalData\kagglechallenge\Dermnet\train/Psoriasis pictures Lichen Planus and related diseases/Pityriasis-Lichenoides-11.jpg
14,E:\MedicalData\kagglechallenge\Dermnet\train/Psoriasis pictures Lichen Planus and related diseases/Pityriasis-Lichenoides-13.jpg
14,E:\MedicalData\kagglechallenge\Dermnet\train/Psoriasis pictures Lichen Planus and related diseases/Pityriasis-Lichenoides-15.jpg
14,E:\MedicalData\kagglechallenge\Dermnet\train/Psoriasis pictures Lichen Planus and related diseases/Pityriasis-Lichenoides-17.jpg
14,E:\MedicalData\kagglechallenge\Dermnet\train/Psoriasis pictures Lichen Planus and related diseases/Pityriasis-Lichenoides-18.jpg
14,E:\MedicalData\kagglechallenge\Dermnet\train/Psoriasis pictures Lichen Planus and related diseases/Pityriasis-Lichenoides-2.jpg
14,E:\MedicalData\kagglechallenge\Dermnet\train/Psoriasis pictures Lichen Planus and related diseases/Pityriasis-Lichenoides-20.jpg
14,E:\MedicalData\kagglechallenge\Dermnet\train/Psoriasis pictures Lichen Planus and related diseases/Pityriasis-Lichenoides-21.jpg
14,E:\MedicalData\kagglechallenge\Dermnet\train/Psoriasis pictures Lichen Planus and related diseases/Pityriasis-Lichenoides-22.jpg
14,E:\MedicalData\kagglechallenge\Dermnet\train/Psoriasis pictures Lichen Planus and related diseases/Pityriasis-Lichenoides-23.jpg
14,E:\MedicalData\kagglechallenge\Dermnet\train/Psoriasis pictures Lichen Planus and related diseases/Pityriasis-Lichenoides-25.jpg
14,E:\MedicalData\kagglechallenge\Dermnet\train/Psoriasis pictures Lichen Planus and related diseases/Pityriasis-Lichenoides-27.jpg
14,E:\MedicalData\kagglechallenge\Dermnet\train/Psoriasis pictures Lichen Planus and related diseases/Pityriasis-Lichenoides-28.jpg
14,E:\MedicalData\kagglechallenge\Dermnet\train/Psoriasis pictures Lichen Planus and related diseases/Pityriasis-Lichenoides-29.jpg
14,E:\MedicalData\kagglechallenge\Dermnet\train/Psoriasis pictures Lichen Planus and related diseases/Pityriasis-Lichenoides-30.jpg
14,E:\MedicalData\kagglechallenge\Dermnet\train/Psoriasis pictures Lichen Planus and related diseases/Pityriasis-Lichenoides-31.jpg
14,E:\MedicalData\kagglechallenge\Dermnet\train/Psoriasis pictures Lichen Planus and related diseases/Pityriasis-Lichenoides-33.jpg
14,E:\MedicalData\kagglechallenge\Dermnet\train/Psoriasis pictures Lichen Planus and related diseases/Pityriasis-Lichenoides-34.jpg
14,E:\MedicalData\kagglechallenge\Dermnet\train/Psoriasis pictures Lichen Planus and related diseases/Pityriasis-Lichenoides-36.jpg
14,E:\MedicalData\kagglechallenge\Dermnet\train/Psoriasis pictures Lichen Planus and related diseases/Pityriasis-Lichenoides-37.jpg
14,E:\MedicalData\kagglechallenge\Dermnet\train/Psoriasis pictures Lichen Planus and related diseases/Pityriasis-Lichenoides-38.jpg
14,E:\MedicalData\kagglechallenge\Dermnet\train/Psoriasis pictures Lichen Planus and related diseases/Pityriasis-Lichenoides-4.jpg
14,E:\MedicalData\kagglechallenge\Dermnet\train/Psoriasis pictures Lichen Planus and related diseases/Pityriasis-Lichenoides-40.jpg
14,E:\MedicalData\kagglechallenge\Dermnet\train/Psoriasis pictures Lichen Planus and related diseases/Pityriasis-Lichenoides-41.jpg
14,E:\MedicalData\kagglechallenge\Dermnet\train/Psoriasis pictures Lichen Planus and related diseases/Pityriasis-Lichenoides-42.jpg
14,E:\MedicalData\kagglechallenge\Dermnet\train/Psoriasis pictures Lichen Planus and related diseases/Pityriasis-Lichenoides-43.jpg
14,E:\MedicalData\kagglechallenge\Dermnet\train/Psoriasis pictures Lichen Planus and related diseases/Pityriasis-Lichenoides-44.jpg
14,E:\MedicalData\kagglechallenge\Dermnet\train/Psoriasis pictures Lichen Planus and related diseases/Pityriasis-Lichenoides-45.jpg
14,E:\MedicalData\kagglechallenge\Dermnet\train/Psoriasis pictures Lichen Planus and related diseases/Pityriasis-Lichenoides-47.jpg
14,E:\MedicalData\kagglechallenge\Dermnet\train/Psoriasis pictures Lichen Planus and related diseases/Pityriasis-Lichenoides-49.jpg
14,E:\MedicalData\kagglechallenge\Dermnet\train/Psoriasis pictures Lichen Planus and related diseases/Pityriasis-Lichenoides-5.jpg
14,E:\MedicalData\kagglechallenge\Dermnet\train/Psoriasis pictures Lichen Planus and related diseases/Pityriasis-Lichenoides-51.jpg
14,E:\MedicalData\kagglechallenge\Dermnet\train/Psoriasis pictures Lichen Planus and related diseases/Pityriasis-Lichenoides-52.jpg
14,E:\MedicalData\kagglechallenge\Dermnet\train/Psoriasis pictures Lichen Planus and related diseases/Pityriasis-Lichenoides-54.jpg
14,E:\MedicalData\kagglechallenge\Dermnet\train/Psoriasis pictures Lichen Planus and related diseases/Pityriasis-Lichenoides-55.jpg
14,E:\MedicalData\kagglechallenge\Dermnet\train/Psoriasis pictures Lichen Planus and related diseases/Pityriasis-Lichenoides-8.jpg
14,E:\MedicalData\kagglechallenge\Dermnet\train/Psoriasis pictures Lichen Planus and related diseases/pityriasis-rosea-100.jpg
14,E:\MedicalData\kagglechallenge\Dermnet\train/Psoriasis pictures Lichen Planus and related diseases/pityriasis-rosea-102.jpg
14,E:\MedicalData\kagglechallenge\Dermnet\train/Psoriasis pictures Lichen Planus and related diseases/pityriasis-rosea-104.jpg
14,E:\MedicalData\kagglechallenge\Dermnet\train/Psoriasis pictures Lichen Planus and related diseases/pityriasis-rosea-105.jpg
14,E:\MedicalData\kagglechallenge\Dermnet\train/Psoriasis pictures Lichen Planus and related diseases/pityriasis-rosea-107.jpg
14,E:\MedicalData\kagglechallenge\Dermnet\train/Psoriasis pictures Lichen Planus and related diseases/pityriasis-rosea-108.jpg
14,E:\MedicalData\kagglechallenge\Dermnet\train/Psoriasis pictures Lichen Planus and related diseases/pityriasis-rosea-109.jpg
14,E:\MedicalData\kagglechallenge\Dermnet\train/Psoriasis pictures Lichen Planus and related diseases/pityriasis-rosea-110.jpg
14,E:\MedicalData\kagglechallenge\Dermnet\train/Psoriasis pictures Lichen Planus and related diseases/pityriasis-rosea-112.jpg
14,E:\MedicalData\kagglechallenge\Dermnet\train/Psoriasis pictures Lichen Planus and related diseases/pityriasis-rosea-114.jpg
14,E:\MedicalData\kagglechallenge\Dermnet\train/Psoriasis pictures Lichen Planus and related diseases/pityriasis-rosea-117.jpg
14,E:\MedicalData\kagglechallenge\Dermnet\train/Psoriasis pictures Lichen Planus and related diseases/pityriasis-rosea-118.jpg
14,E:\MedicalData\kagglechallenge\Dermnet\train/Psoriasis pictures Lichen Planus and related diseases/pityriasis-rosea-119.jpg
14,E:\MedicalData\kagglechallenge\Dermnet\train/Psoriasis pictures Lichen Planus and related diseases/pityriasis-rosea-12.jpg
14,E:\MedicalData\kagglechallenge\Dermnet\train/Psoriasis pictures Lichen Planus and related diseases/pityriasis-rosea-120.jpg
14,E:\MedicalData\kagglechallenge\Dermnet\train/Psoriasis pictures Lichen Planus and related diseases/pityriasis-rosea-123.jpg
14,E:\MedicalData\kagglechallenge\Dermnet\train/Psoriasis pictures Lichen Planus and related diseases/pityriasis-rosea-124.jpg
14,E:\MedicalData\kagglechallenge\Dermnet\train/Psoriasis pictures Lichen Planus and related diseases/pityriasis-rosea-125.jpg
14,E:\MedicalData\kagglechallenge\Dermnet\train/Psoriasis pictures Lichen Planus and related diseases/pityriasis-rosea-126.jpg
14,E:\MedicalData\kagglechallenge\Dermnet\train/Psoriasis pictures Lichen Planus and related diseases/pityriasis-rosea-127.jpg
14,E:\MedicalData\kagglechallenge\Dermnet\train/Psoriasis pictures Lichen Planus and related diseases/pityriasis-rosea-128.jpg
14,E:\MedicalData\kagglechallenge\Dermnet\train/Psoriasis pictures Lichen Planus and related diseases/pityriasis-rosea-129.jpg
14,E:\MedicalData\kagglechallenge\Dermnet\train/Psoriasis pictures Lichen Planus and related diseases/pityriasis-rosea-13.jpg
14,E:\MedicalData\kagglechallenge\Dermnet\train/Psoriasis pictures Lichen Planus and related diseases/pityriasis-rosea-132.jpg
14,E:\MedicalData\kagglechallenge\Dermnet\train/Psoriasis pictures Lichen Planus and related diseases/pityriasis-rosea-133.jpg
14,E:\MedicalData\kagglechallenge\Dermnet\train/Psoriasis pictures Lichen Planus and related diseases/pityriasis-rosea-134.jpg
14,E:\MedicalData\kagglechallenge\Dermnet\train/Psoriasis pictures Lichen Planus and related diseases/pityriasis-rosea-136.jpg
14,E:\MedicalData\kagglechallenge\Dermnet\train/Psoriasis pictures Lichen Planus and related diseases/pityriasis-rosea-137.jpg
14,E:\MedicalData\kagglechallenge\Dermnet\train/Psoriasis pictures Lichen Planus and related diseases/pityriasis-rosea-138.jpg
14,E:\MedicalData\kagglechallenge\Dermnet\train/Psoriasis pictures Lichen Planus and related diseases/pityriasis-rosea-14.jpg
14,E:\MedicalData\kagglechallenge\Dermnet\train/Psoriasis pictures Lichen Planus and related diseases/pityriasis-rosea-141.jpg
14,E:\MedicalData\kagglechallenge\Dermnet\train/Psoriasis pictures Lichen Planus and related diseases/pityriasis-rosea-144.jpg
14,E:\MedicalData\kagglechallenge\Dermnet\train/Psoriasis pictures Lichen Planus and related diseases/pityriasis-rosea-145.jpg
14,E:\MedicalData\kagglechallenge\Dermnet\train/Psoriasis pictures Lichen Planus and related diseases/pityriasis-rosea-148.jpg
14,E:\MedicalData\kagglechallenge\Dermnet\train/Psoriasis pictures Lichen Planus and related diseases/pityriasis-rosea-149.jpg
14,E:\MedicalData\kagglechallenge\Dermnet\train/Psoriasis pictures Lichen Planus and related diseases/pityriasis-rosea-15.jpg
14,E:\MedicalData\kagglechallenge\Dermnet\train/Psoriasis pictures Lichen Planus and related diseases/pityriasis-rosea-150.jpg
14,E:\MedicalData\kagglechallenge\Dermnet\train/Psoriasis pictures Lichen Planus and related diseases/pityriasis-rosea-152.jpg
14,E:\MedicalData\kagglechallenge\Dermnet\train/Psoriasis pictures Lichen Planus and related diseases/pityriasis-rosea-153.jpg
14,E:\MedicalData\kagglechallenge\Dermnet\train/Psoriasis pictures Lichen Planus and related diseases/pityriasis-rosea-155.jpg
14,E:\MedicalData\kagglechallenge\Dermnet\train/Psoriasis pictures Lichen Planus and related diseases/pityriasis-rosea-157.jpg
14,E:\MedicalData\kagglechallenge\Dermnet\train/Psoriasis pictures Lichen Planus and related diseases/pityriasis-rosea-158.jpg
14,E:\MedicalData\kagglechallenge\Dermnet\train/Psoriasis pictures Lichen Planus and related diseases/pityriasis-rosea-162.jpg
14,E:\MedicalData\kagglechallenge\Dermnet\train/Psoriasis pictures Lichen Planus and related diseases/pityriasis-rosea-164.jpg
14,E:\MedicalData\kagglechallenge\Dermnet\train/Psoriasis pictures Lichen Planus and related diseases/pityriasis-rosea-165.jpg
14,E:\MedicalData\kagglechallenge\Dermnet\train/Psoriasis pictures Lichen Planus and related diseases/pityriasis-rosea-166.jpg
14,E:\MedicalData\kagglechallenge\Dermnet\train/Psoriasis pictures Lichen Planus and related diseases/pityriasis-rosea-168.jpg
14,E:\MedicalData\kagglechallenge\Dermnet\train/Psoriasis pictures Lichen Planus and related diseases/pityriasis-rosea-169.jpg
14,E:\MedicalData\kagglechallenge\Dermnet\train/Psoriasis pictures Lichen Planus and related diseases/pityriasis-rosea-17.jpg
14,E:\MedicalData\kagglechallenge\Dermnet\train/Psoriasis pictures Lichen Planus and related diseases/pityriasis-rosea-170.jpg
14,E:\MedicalData\kagglechallenge\Dermnet\train/Psoriasis pictures Lichen Planus and related diseases/pityriasis-rosea-172.jpg
14,E:\MedicalData\kagglechallenge\Dermnet\train/Psoriasis pictures Lichen Planus and related diseases/pityriasis-rosea-174.jpg
14,E:\MedicalData\kagglechallenge\Dermnet\train/Psoriasis pictures Lichen Planus and related diseases/pityriasis-rosea-175.jpg
14,E:\MedicalData\kagglechallenge\Dermnet\train/Psoriasis pictures Lichen Planus and related diseases/pityriasis-rosea-177.jpg
14,E:\MedicalData\kagglechallenge\Dermnet\train/Psoriasis pictures Lichen Planus and related diseases/pityriasis-rosea-178.jpg
14,E:\MedicalData\kagglechallenge\Dermnet\train/Psoriasis pictures Lichen Planus and related diseases/pityriasis-rosea-179.jpg
14,E:\MedicalData\kagglechallenge\Dermnet\train/Psoriasis pictures Lichen Planus and related diseases/pityriasis-rosea-18.jpg
14,E:\MedicalData\kagglechallenge\Dermnet\train/Psoriasis pictures Lichen Planus and related diseases/pityriasis-rosea-180.jpg
14,E:\MedicalData\kagglechallenge\Dermnet\train/Psoriasis pictures Lichen Planus and related diseases/pityriasis-rosea-181.jpg
14,E:\MedicalData\kagglechallenge\Dermnet\train/Psoriasis pictures Lichen Planus and related diseases/pityriasis-rosea-182.jpg
14,E:\MedicalData\kagglechallenge\Dermnet\train/Psoriasis pictures Lichen Planus and related diseases/pityriasis-rosea-183.jpg
14,E:\MedicalData\kagglechallenge\Dermnet\train/Psoriasis pictures Lichen Planus and related diseases/pityriasis-rosea-185.jpg
14,E:\MedicalData\kagglechallenge\Dermnet\train/Psoriasis pictures Lichen Planus and related diseases/pityriasis-rosea-186.jpg
14,E:\MedicalData\kagglechallenge\Dermnet\train/Psoriasis pictures Lichen Planus and related diseases/pityriasis-rosea-188.jpg
14,E:\MedicalData\kagglechallenge\Dermnet\train/Psoriasis pictures Lichen Planus and related diseases/pityriasis-rosea-19.jpg
14,E:\MedicalData\kagglechallenge\Dermnet\train/Psoriasis pictures Lichen Planus and related diseases/pityriasis-rosea-190.jpg
14,E:\MedicalData\kagglechallenge\Dermnet\train/Psoriasis pictures Lichen Planus and related diseases/pityriasis-rosea-192.jpg
14,E:\MedicalData\kagglechallenge\Dermnet\train/Psoriasis pictures Lichen Planus and related diseases/pityriasis-rosea-193.jpg
14,E:\MedicalData\kagglechallenge\Dermnet\train/Psoriasis pictures Lichen Planus and related diseases/pityriasis-rosea-194.jpg
14,E:\MedicalData\kagglechallenge\Dermnet\train/Psoriasis pictures Lichen Planus and related diseases/pityriasis-rosea-196.jpg
14,E:\MedicalData\kagglechallenge\Dermnet\train/Psoriasis pictures Lichen Planus and related diseases/pityriasis-rosea-198.jpg
14,E:\MedicalData\kagglechallenge\Dermnet\train/Psoriasis pictures Lichen Planus and related diseases/pityriasis-rosea-20.jpg
14,E:\MedicalData\kagglechallenge\Dermnet\train/Psoriasis pictures Lichen Planus and related diseases/pityriasis-rosea-201.jpg
14,E:\MedicalData\kagglechallenge\Dermnet\train/Psoriasis pictures Lichen Planus and related diseases/pityriasis-rosea-21.jpg
14,E:\MedicalData\kagglechallenge\Dermnet\train/Psoriasis pictures Lichen Planus and related diseases/pityriasis-rosea-23.jpg
14,E:\MedicalData\kagglechallenge\Dermnet\train/Psoriasis pictures Lichen Planus and related diseases/pityriasis-rosea-80.jpg
14,E:\MedicalData\kagglechallenge\Dermnet\train/Psoriasis pictures Lichen Planus and related diseases/pityriasis-rosea-81.jpg
14,E:\MedicalData\kagglechallenge\Dermnet\train/Psoriasis pictures Lichen Planus and related diseases/pityriasis-rosea-82.jpg
14,E:\MedicalData\kagglechallenge\Dermnet\train/Psoriasis pictures Lichen Planus and related diseases/pityriasis-rosea-83.jpg
14,E:\MedicalData\kagglechallenge\Dermnet\train/Psoriasis pictures Lichen Planus and related diseases/pityriasis-rosea-84.jpg
14,E:\MedicalData\kagglechallenge\Dermnet\train/Psoriasis pictures Lichen Planus and related diseases/pityriasis-rosea-85.jpg
14,E:\MedicalData\kagglechallenge\Dermnet\train/Psoriasis pictures Lichen Planus and related diseases/pityriasis-rosea-86.jpg
14,E:\MedicalData\kagglechallenge\Dermnet\train/Psoriasis pictures Lichen Planus and related diseases/pityriasis-rosea-92.jpg
14,E:\MedicalData\kagglechallenge\Dermnet\train/Psoriasis pictures Lichen Planus and related diseases/pityriasis-rosea-93.jpg
14,E:\MedicalData\kagglechallenge\Dermnet\train/Psoriasis pictures Lichen Planus and related diseases/pityriasis-rosea-96.jpg
14,E:\MedicalData\kagglechallenge\Dermnet\train/Psoriasis pictures Lichen Planus and related diseases/pityriasis-rosea-97.jpg
14,E:\MedicalData\kagglechallenge\Dermnet\train/Psoriasis pictures Lichen Planus and related diseases/pityriasis-rosea-98.jpg
14,E:\MedicalData\kagglechallenge\Dermnet\train/Psoriasis pictures Lichen Planus and related diseases/pityriasis-rosea-99.jpg
14,E:\MedicalData\kagglechallenge\Dermnet\train/Psoriasis pictures Lichen Planus and related diseases/pityriasis-rubra-pilaris-10.jpg
14,E:\MedicalData\kagglechallenge\Dermnet\train/Psoriasis pictures Lichen Planus and related diseases/pityriasis-rubra-pilaris-12.jpg
14,E:\MedicalData\kagglechallenge\Dermnet\train/Psoriasis pictures Lichen Planus and related diseases/pityriasis-rubra-pilaris-16.jpg
14,E:\MedicalData\kagglechallenge\Dermnet\train/Psoriasis pictures Lichen Planus and related diseases/pityriasis-rubra-pilaris-17.jpg
14,E:\MedicalData\kagglechallenge\Dermnet\train/Psoriasis pictures Lichen Planus and related diseases/pityriasis-rubra-pilaris-19.jpg
14,E:\MedicalData\kagglechallenge\Dermnet\train/Psoriasis pictures Lichen Planus and related diseases/pityriasis-rubra-pilaris-2.jpg
14,E:\MedicalData\kagglechallenge\Dermnet\train/Psoriasis pictures Lichen Planus and related diseases/pityriasis-rubra-pilaris-21.jpg
14,E:\MedicalData\kagglechallenge\Dermnet\train/Psoriasis pictures Lichen Planus and related diseases/pityriasis-rubra-pilaris-22.jpg
14,E:\MedicalData\kagglechallenge\Dermnet\train/Psoriasis pictures Lichen Planus and related diseases/pityriasis-rubra-pilaris-24.jpg
14,E:\MedicalData\kagglechallenge\Dermnet\train/Psoriasis pictures Lichen Planus and related diseases/pityriasis-rubra-pilaris-25.jpg
14,E:\MedicalData\kagglechallenge\Dermnet\train/Psoriasis pictures Lichen Planus and related diseases/pityriasis-rubra-pilaris-26.jpg
14,E:\MedicalData\kagglechallenge\Dermnet\train/Psoriasis pictures Lichen Planus and related diseases/pityriasis-rubra-pilaris-28.jpg
14,E:\MedicalData\kagglechallenge\Dermnet\train/Psoriasis pictures Lichen Planus and related diseases/pityriasis-rubra-pilaris-29.jpg
14,E:\MedicalData\kagglechallenge\Dermnet\train/Psoriasis pictures Lichen Planus and related diseases/pityriasis-rubra-pilaris-3.jpg
14,E:\MedicalData\kagglechallenge\Dermnet\train/Psoriasis pictures Lichen Planus and related diseases/pityriasis-rubra-pilaris-31.jpg
14,E:\MedicalData\kagglechallenge\Dermnet\train/Psoriasis pictures Lichen Planus and related diseases/pityriasis-rubra-pilaris-32.jpg
14,E:\MedicalData\kagglechallenge\Dermnet\train/Psoriasis pictures Lichen Planus and related diseases/pityriasis-rubra-pilaris-33.jpg
14,E:\MedicalData\kagglechallenge\Dermnet\train/Psoriasis pictures Lichen Planus and related diseases/pityriasis-rubra-pilaris-34.jpg
14,E:\MedicalData\kagglechallenge\Dermnet\train/Psoriasis pictures Lichen Planus and related diseases/pityriasis-rubra-pilaris-35.jpg
14,E:\MedicalData\kagglechallenge\Dermnet\train/Psoriasis pictures Lichen Planus and related diseases/pityriasis-rubra-pilaris-36.jpg
14,E:\MedicalData\kagglechallenge\Dermnet\train/Psoriasis pictures Lichen Planus and related diseases/pityriasis-rubra-pilaris-37.jpg
14,E:\MedicalData\kagglechallenge\Dermnet\train/Psoriasis pictures Lichen Planus and related diseases/pityriasis-rubra-pilaris-38.jpg
14,E:\MedicalData\kagglechallenge\Dermnet\train/Psoriasis pictures Lichen Planus and related diseases/pityriasis-rubra-pilaris-39.jpg
14,E:\MedicalData\kagglechallenge\Dermnet\train/Psoriasis pictures Lichen Planus and related diseases/pityriasis-rubra-pilaris-40.jpg
14,E:\MedicalData\kagglechallenge\Dermnet\train/Psoriasis pictures Lichen Planus and related diseases/pityriasis-rubra-pilaris-41.jpg
14,E:\MedicalData\kagglechallenge\Dermnet\train/Psoriasis pictures Lichen Planus and related diseases/pityriasis-rubra-pilaris-42.jpg
14,E:\MedicalData\kagglechallenge\Dermnet\train/Psoriasis pictures Lichen Planus and related diseases/pityriasis-rubra-pilaris-43.jpg
14,E:\MedicalData\kagglechallenge\Dermnet\train/Psoriasis pictures Lichen Planus and related diseases/pityriasis-rubra-pilaris-44.jpg
14,E:\MedicalData\kagglechallenge\Dermnet\train/Psoriasis pictures Lichen Planus and related diseases/pityriasis-rubra-pilaris-46.jpg
14,E:\MedicalData\kagglechallenge\Dermnet\train/Psoriasis pictures Lichen Planus and related diseases/pityriasis-rubra-pilaris-47.jpg
14,E:\MedicalData\kagglechallenge\Dermnet\train/Psoriasis pictures Lichen Planus and related diseases/pityriasis-rubra-pilaris-5.jpg
14,E:\MedicalData\kagglechallenge\Dermnet\train/Psoriasis pictures Lichen Planus and related diseases/pityriasis-rubra-pilaris-50.jpg
14,E:\MedicalData\kagglechallenge\Dermnet\train/Psoriasis pictures Lichen Planus and related diseases/pityriasis-rubra-pilaris-51.jpg
14,E:\MedicalData\kagglechallenge\Dermnet\train/Psoriasis pictures Lichen Planus and related diseases/pityriasis-rubra-pilaris-52.jpg
14,E:\MedicalData\kagglechallenge\Dermnet\train/Psoriasis pictures Lichen Planus and related diseases/pityriasis-rubra-pilaris-54.jpg
14,E:\MedicalData\kagglechallenge\Dermnet\train/Psoriasis pictures Lichen Planus and related diseases/pityriasis-rubra-pilaris-55.jpg
14,E:\MedicalData\kagglechallenge\Dermnet\train/Psoriasis pictures Lichen Planus and related diseases/pityriasis-rubra-pilaris-56.jpg
14,E:\MedicalData\kagglechallenge\Dermnet\train/Psoriasis pictures Lichen Planus and related diseases/pityriasis-rubra-pilaris-59.jpg
14,E:\MedicalData\kagglechallenge\Dermnet\train/Psoriasis pictures Lichen Planus and related diseases/pityriasis-rubra-pilaris-6.jpg
14,E:\MedicalData\kagglechallenge\Dermnet\train/Psoriasis pictures Lichen Planus and related diseases/pityriasis-rubra-pilaris-62.jpg
14,E:\MedicalData\kagglechallenge\Dermnet\train/Psoriasis pictures Lichen Planus and related diseases/pityriasis-rubra-pilaris-63.jpg
14,E:\MedicalData\kagglechallenge\Dermnet\train/Psoriasis pictures Lichen Planus and related diseases/pityriasis-rubra-pilaris-64.jpg
14,E:\MedicalData\kagglechallenge\Dermnet\train/Psoriasis pictures Lichen Planus and related diseases/pityriasis-rubra-pilaris-66.jpg
14,E:\MedicalData\kagglechallenge\Dermnet\train/Psoriasis pictures Lichen Planus and related diseases/pityriasis-rubra-pilaris-69.jpg
14,E:\MedicalData\kagglechallenge\Dermnet\train/Psoriasis pictures Lichen Planus and related diseases/pityriasis-rubra-pilaris-7.jpg
14,E:\MedicalData\kagglechallenge\Dermnet\train/Psoriasis pictures Lichen Planus and related diseases/pityriasis-rubra-pilaris-71.jpg
14,E:\MedicalData\kagglechallenge\Dermnet\train/Psoriasis pictures Lichen Planus and related diseases/Psoriasis-Anus-1.jpg
14,E:\MedicalData\kagglechallenge\Dermnet\train/Psoriasis pictures Lichen Planus and related diseases/Psoriasis-Anus-10.jpg
14,E:\MedicalData\kagglechallenge\Dermnet\train/Psoriasis pictures Lichen Planus and related diseases/Psoriasis-Anus-11.jpg
14,E:\MedicalData\kagglechallenge\Dermnet\train/Psoriasis pictures Lichen Planus and related diseases/Psoriasis-Anus-13.jpg
14,E:\MedicalData\kagglechallenge\Dermnet\train/Psoriasis pictures Lichen Planus and related diseases/Psoriasis-Anus-14.jpg
14,E:\MedicalData\kagglechallenge\Dermnet\train/Psoriasis pictures Lichen Planus and related diseases/Psoriasis-Anus-16.jpg
14,E:\MedicalData\kagglechallenge\Dermnet\train/Psoriasis pictures Lichen Planus and related diseases/Psoriasis-Anus-17.jpg
14,E:\MedicalData\kagglechallenge\Dermnet\train/Psoriasis pictures Lichen Planus and related diseases/Psoriasis-Anus-3.jpg
14,E:\MedicalData\kagglechallenge\Dermnet\train/Psoriasis pictures Lichen Planus and related diseases/Psoriasis-Anus-4.jpg
14,E:\MedicalData\kagglechallenge\Dermnet\train/Psoriasis pictures Lichen Planus and related diseases/Psoriasis-Anus-5.jpg
14,E:\MedicalData\kagglechallenge\Dermnet\train/Psoriasis pictures Lichen Planus and related diseases/Psoriasis-Anus-6.jpg
14,E:\MedicalData\kagglechallenge\Dermnet\train/Psoriasis pictures Lichen Planus and related diseases/Psoriasis-Anus-7.jpg
14,E:\MedicalData\kagglechallenge\Dermnet\train/Psoriasis pictures Lichen Planus and related diseases/Psoriasis-Anus-8.jpg
14,E:\MedicalData\kagglechallenge\Dermnet\train/Psoriasis pictures Lichen Planus and related diseases/Psoriasis-Anus-9.jpg
14,E:\MedicalData\kagglechallenge\Dermnet\train/Psoriasis pictures Lichen Planus and related diseases/Psoriasis-arthritis-1.jpg
14,E:\MedicalData\kagglechallenge\Dermnet\train/Psoriasis pictures Lichen Planus and related diseases/Psoriasis-arthritis-2.jpg
14,E:\MedicalData\kagglechallenge\Dermnet\train/Psoriasis pictures Lichen Planus and related diseases/Psoriasis-Cellulitis-1.jpg
14,E:\MedicalData\kagglechallenge\Dermnet\train/Psoriasis pictures Lichen Planus and related diseases/Psoriasis-Cellulitis-3.jpg
14,E:\MedicalData\kagglechallenge\Dermnet\train/Psoriasis pictures Lichen Planus and related diseases/psoriasis-Chronic-plaque-00325.jpg
14,E:\MedicalData\kagglechallenge\Dermnet\train/Psoriasis pictures Lichen Planus and related diseases/Psoriasis-Chronic-Plaque-10.jpg
14,E:\MedicalData\kagglechallenge\Dermnet\train/Psoriasis pictures Lichen Planus and related diseases/Psoriasis-Chronic-Plaque-100.jpg
14,E:\MedicalData\kagglechallenge\Dermnet\train/Psoriasis pictures Lichen Planus and related diseases/Psoriasis-Chronic-Plaque-101.jpg
14,E:\MedicalData\kagglechallenge\Dermnet\train/Psoriasis pictures Lichen Planus and related diseases/Psoriasis-Chronic-Plaque-102.jpg
14,E:\MedicalData\kagglechallenge\Dermnet\train/Psoriasis pictures Lichen Planus and related diseases/Psoriasis-Chronic-Plaque-103.jpg
14,E:\MedicalData\kagglechallenge\Dermnet\train/Psoriasis pictures Lichen Planus and related diseases/Psoriasis-Chronic-Plaque-104.jpg
14,E:\MedicalData\kagglechallenge\Dermnet\train/Psoriasis pictures Lichen Planus and related diseases/Psoriasis-Chronic-Plaque-106.jpg
14,E:\MedicalData\kagglechallenge\Dermnet\train/Psoriasis pictures Lichen Planus and related diseases/Psoriasis-Chronic-Plaque-107.jpg
14,E:\MedicalData\kagglechallenge\Dermnet\train/Psoriasis pictures Lichen Planus and related diseases/Psoriasis-Chronic-Plaque-109.jpg
14,E:\MedicalData\kagglechallenge\Dermnet\train/Psoriasis pictures Lichen Planus and related diseases/Psoriasis-Chronic-Plaque-11.jpg
14,E:\MedicalData\kagglechallenge\Dermnet\train/Psoriasis pictures Lichen Planus and related diseases/Psoriasis-Chronic-Plaque-110.jpg
14,E:\MedicalData\kagglechallenge\Dermnet\train/Psoriasis pictures Lichen Planus and related diseases/Psoriasis-Chronic-Plaque-111.jpg
14,E:\MedicalData\kagglechallenge\Dermnet\train/Psoriasis pictures Lichen Planus and related diseases/Psoriasis-Chronic-Plaque-112.jpg
14,E:\MedicalData\kagglechallenge\Dermnet\train/Psoriasis pictures Lichen Planus and related diseases/Psoriasis-Chronic-Plaque-113.jpg
14,E:\MedicalData\kagglechallenge\Dermnet\train/Psoriasis pictures Lichen Planus and related diseases/Psoriasis-Chronic-Plaque-114.jpg
14,E:\MedicalData\kagglechallenge\Dermnet\train/Psoriasis pictures Lichen Planus and related diseases/Psoriasis-Chronic-Plaque-116.jpg
14,E:\MedicalData\kagglechallenge\Dermnet\train/Psoriasis pictures Lichen Planus and related diseases/Psoriasis-Chronic-Plaque-117.jpg
14,E:\MedicalData\kagglechallenge\Dermnet\train/Psoriasis pictures Lichen Planus and related diseases/Psoriasis-Chronic-Plaque-118.jpg
14,E:\MedicalData\kagglechallenge\Dermnet\train/Psoriasis pictures Lichen Planus and related diseases/Psoriasis-Chronic-Plaque-119.jpg
14,E:\MedicalData\kagglechallenge\Dermnet\train/Psoriasis pictures Lichen Planus and related diseases/Psoriasis-Chronic-Plaque-12.jpg
14,E:\MedicalData\kagglechallenge\Dermnet\train/Psoriasis pictures Lichen Planus and related diseases/Psoriasis-Chronic-Plaque-120.jpg
14,E:\MedicalData\kagglechallenge\Dermnet\train/Psoriasis pictures Lichen Planus and related diseases/Psoriasis-Chronic-Plaque-126.jpg
14,E:\MedicalData\kagglechallenge\Dermnet\train/Psoriasis pictures Lichen Planus and related diseases/Psoriasis-Chronic-Plaque-127.jpg
14,E:\MedicalData\kagglechallenge\Dermnet\train/Psoriasis pictures Lichen Planus and related diseases/Psoriasis-Chronic-Plaque-128.jpg
14,E:\MedicalData\kagglechallenge\Dermnet\train/Psoriasis pictures Lichen Planus and related diseases/Psoriasis-Chronic-Plaque-129.jpg
14,E:\MedicalData\kagglechallenge\Dermnet\train/Psoriasis pictures Lichen Planus and related diseases/Psoriasis-Chronic-Plaque-13.jpg
14,E:\MedicalData\kagglechallenge\Dermnet\train/Psoriasis pictures Lichen Planus and related diseases/Psoriasis-Chronic-Plaque-130.jpg
14,E:\MedicalData\kagglechallenge\Dermnet\train/Psoriasis pictures Lichen Planus and related diseases/Psoriasis-Chronic-Plaque-133.jpg
14,E:\MedicalData\kagglechallenge\Dermnet\train/Psoriasis pictures Lichen Planus and related diseases/Psoriasis-Chronic-Plaque-135.jpg
14,E:\MedicalData\kagglechallenge\Dermnet\train/Psoriasis pictures Lichen Planus and related diseases/Psoriasis-Chronic-Plaque-136.jpg
14,E:\MedicalData\kagglechallenge\Dermnet\train/Psoriasis pictures Lichen Planus and related diseases/Psoriasis-Chronic-Plaque-137.jpg
14,E:\MedicalData\kagglechallenge\Dermnet\train/Psoriasis pictures Lichen Planus and related diseases/Psoriasis-Chronic-Plaque-138.jpg
14,E:\MedicalData\kagglechallenge\Dermnet\train/Psoriasis pictures Lichen Planus and related diseases/Psoriasis-Chronic-Plaque-139.jpg
14,E:\MedicalData\kagglechallenge\Dermnet\train/Psoriasis pictures Lichen Planus and related diseases/Psoriasis-Chronic-Plaque-140.jpg
14,E:\MedicalData\kagglechallenge\Dermnet\train/Psoriasis pictures Lichen Planus and related diseases/Psoriasis-Chronic-Plaque-141.jpg
14,E:\MedicalData\kagglechallenge\Dermnet\train/Psoriasis pictures Lichen Planus and related diseases/Psoriasis-Chronic-Plaque-142.jpg
14,E:\MedicalData\kagglechallenge\Dermnet\train/Psoriasis pictures Lichen Planus and related diseases/Psoriasis-Chronic-Plaque-143.jpg
14,E:\MedicalData\kagglechallenge\Dermnet\train/Psoriasis pictures Lichen Planus and related diseases/Psoriasis-Chronic-Plaque-144.jpg
14,E:\MedicalData\kagglechallenge\Dermnet\train/Psoriasis pictures Lichen Planus and related diseases/Psoriasis-Chronic-Plaque-145.jpg
14,E:\MedicalData\kagglechallenge\Dermnet\train/Psoriasis pictures Lichen Planus and related diseases/Psoriasis-Chronic-Plaque-146.jpg
14,E:\MedicalData\kagglechallenge\Dermnet\train/Psoriasis pictures Lichen Planus and related diseases/Psoriasis-Chronic-Plaque-147.jpg
14,E:\MedicalData\kagglechallenge\Dermnet\train/Psoriasis pictures Lichen Planus and related diseases/Psoriasis-Chronic-Plaque-148.jpg
14,E:\MedicalData\kagglechallenge\Dermnet\train/Psoriasis pictures Lichen Planus and related diseases/Psoriasis-Chronic-Plaque-149.jpg
14,E:\MedicalData\kagglechallenge\Dermnet\train/Psoriasis pictures Lichen Planus and related diseases/Psoriasis-Chronic-Plaque-15.jpg
14,E:\MedicalData\kagglechallenge\Dermnet\train/Psoriasis pictures Lichen Planus and related diseases/Psoriasis-Chronic-Plaque-150.jpg
14,E:\MedicalData\kagglechallenge\Dermnet\train/Psoriasis pictures Lichen Planus and related diseases/Psoriasis-Chronic-Plaque-151.jpg
14,E:\MedicalData\kagglechallenge\Dermnet\train/Psoriasis pictures Lichen Planus and related diseases/Psoriasis-Chronic-Plaque-152.jpg
14,E:\MedicalData\kagglechallenge\Dermnet\train/Psoriasis pictures Lichen Planus and related diseases/Psoriasis-Chronic-Plaque-153.jpg
14,E:\MedicalData\kagglechallenge\Dermnet\train/Psoriasis pictures Lichen Planus and related diseases/Psoriasis-Chronic-Plaque-154.jpg
14,E:\MedicalData\kagglechallenge\Dermnet\train/Psoriasis pictures Lichen Planus and related diseases/Psoriasis-Chronic-Plaque-155.jpg
14,E:\MedicalData\kagglechallenge\Dermnet\train/Psoriasis pictures Lichen Planus and related diseases/Psoriasis-Chronic-Plaque-157.jpg
14,E:\MedicalData\kagglechallenge\Dermnet\train/Psoriasis pictures Lichen Planus and related diseases/Psoriasis-Chronic-Plaque-158.jpg
14,E:\MedicalData\kagglechallenge\Dermnet\train/Psoriasis pictures Lichen Planus and related diseases/Psoriasis-Chronic-Plaque-16.jpg
14,E:\MedicalData\kagglechallenge\Dermnet\train/Psoriasis pictures Lichen Planus and related diseases/Psoriasis-Chronic-Plaque-161.jpg
14,E:\MedicalData\kagglechallenge\Dermnet\train/Psoriasis pictures Lichen Planus and related diseases/Psoriasis-Chronic-Plaque-162.jpg
14,E:\MedicalData\kagglechallenge\Dermnet\train/Psoriasis pictures Lichen Planus and related diseases/Psoriasis-Chronic-Plaque-163.jpg
14,E:\MedicalData\kagglechallenge\Dermnet\train/Psoriasis pictures Lichen Planus and related diseases/Psoriasis-Chronic-Plaque-164.jpg
14,E:\MedicalData\kagglechallenge\Dermnet\train/Psoriasis pictures Lichen Planus and related diseases/Psoriasis-Chronic-Plaque-165.jpg
14,E:\MedicalData\kagglechallenge\Dermnet\train/Psoriasis pictures Lichen Planus and related diseases/Psoriasis-Chronic-Plaque-167.jpg
14,E:\MedicalData\kagglechallenge\Dermnet\train/Psoriasis pictures Lichen Planus and related diseases/Psoriasis-Chronic-Plaque-168.jpg
14,E:\MedicalData\kagglechallenge\Dermnet\train/Psoriasis pictures Lichen Planus and related diseases/Psoriasis-Chronic-Plaque-17.jpg
14,E:\MedicalData\kagglechallenge\Dermnet\train/Psoriasis pictures Lichen Planus and related diseases/Psoriasis-Chronic-Plaque-170.jpg
14,E:\MedicalData\kagglechallenge\Dermnet\train/Psoriasis pictures Lichen Planus and related diseases/Psoriasis-Chronic-Plaque-173.jpg
14,E:\MedicalData\kagglechallenge\Dermnet\train/Psoriasis pictures Lichen Planus and related diseases/Psoriasis-Chronic-Plaque-174.jpg
14,E:\MedicalData\kagglechallenge\Dermnet\train/Psoriasis pictures Lichen Planus and related diseases/Psoriasis-Chronic-Plaque-175.jpg
14,E:\MedicalData\kagglechallenge\Dermnet\train/Psoriasis pictures Lichen Planus and related diseases/Psoriasis-Chronic-Plaque-177.jpg
14,E:\MedicalData\kagglechallenge\Dermnet\train/Psoriasis pictures Lichen Planus and related diseases/Psoriasis-Chronic-Plaque-178.jpg
14,E:\MedicalData\kagglechallenge\Dermnet\train/Psoriasis pictures Lichen Planus and related diseases/Psoriasis-Chronic-Plaque-179.jpg
14,E:\MedicalData\kagglechallenge\Dermnet\train/Psoriasis pictures Lichen Planus and related diseases/Psoriasis-Chronic-Plaque-18.jpg
14,E:\MedicalData\kagglechallenge\Dermnet\train/Psoriasis pictures Lichen Planus and related diseases/Psoriasis-Chronic-Plaque-180.jpg
14,E:\MedicalData\kagglechallenge\Dermnet\train/Psoriasis pictures Lichen Planus and related diseases/Psoriasis-Chronic-Plaque-182.jpg
14,E:\MedicalData\kagglechallenge\Dermnet\train/Psoriasis pictures Lichen Planus and related diseases/Psoriasis-Chronic-Plaque-184.jpg
14,E:\MedicalData\kagglechallenge\Dermnet\train/Psoriasis pictures Lichen Planus and related diseases/Psoriasis-Chronic-Plaque-185.jpg
14,E:\MedicalData\kagglechallenge\Dermnet\train/Psoriasis pictures Lichen Planus and related diseases/Psoriasis-Chronic-Plaque-186.jpg
14,E:\MedicalData\kagglechallenge\Dermnet\train/Psoriasis pictures Lichen Planus and related diseases/Psoriasis-Chronic-Plaque-187.jpg
14,E:\MedicalData\kagglechallenge\Dermnet\train/Psoriasis pictures Lichen Planus and related diseases/Psoriasis-Chronic-Plaque-188.jpg
14,E:\MedicalData\kagglechallenge\Dermnet\train/Psoriasis pictures Lichen Planus and related diseases/Psoriasis-Chronic-Plaque-189.jpg
14,E:\MedicalData\kagglechallenge\Dermnet\train/Psoriasis pictures Lichen Planus and related diseases/Psoriasis-Chronic-Plaque-190.jpg
14,E:\MedicalData\kagglechallenge\Dermnet\train/Psoriasis pictures Lichen Planus and related diseases/Psoriasis-Chronic-Plaque-192.jpg
14,E:\MedicalData\kagglechallenge\Dermnet\train/Psoriasis pictures Lichen Planus and related diseases/Psoriasis-Chronic-Plaque-193.jpg
14,E:\MedicalData\kagglechallenge\Dermnet\train/Psoriasis pictures Lichen Planus and related diseases/Psoriasis-Chronic-Plaque-195.jpg
14,E:\MedicalData\kagglechallenge\Dermnet\train/Psoriasis pictures Lichen Planus and related diseases/Psoriasis-Chronic-Plaque-196.jpg
14,E:\MedicalData\kagglechallenge\Dermnet\train/Psoriasis pictures Lichen Planus and related diseases/Psoriasis-Chronic-Plaque-198.jpg
14,E:\MedicalData\kagglechallenge\Dermnet\train/Psoriasis pictures Lichen Planus and related diseases/Psoriasis-Chronic-Plaque-88.jpg
14,E:\MedicalData\kagglechallenge\Dermnet\train/Psoriasis pictures Lichen Planus and related diseases/Psoriasis-Chronic-Plaque-89.jpg
14,E:\MedicalData\kagglechallenge\Dermnet\train/Psoriasis pictures Lichen Planus and related diseases/Psoriasis-Chronic-Plaque-90.jpg
14,E:\MedicalData\kagglechallenge\Dermnet\train/Psoriasis pictures Lichen Planus and related diseases/Psoriasis-Chronic-Plaque-91.jpg
14,E:\MedicalData\kagglechallenge\Dermnet\train/Psoriasis pictures Lichen Planus and related diseases/Psoriasis-Chronic-Plaque-92.jpg
14,E:\MedicalData\kagglechallenge\Dermnet\train/Psoriasis pictures Lichen Planus and related diseases/Psoriasis-Chronic-Plaque-94.jpg
14,E:\MedicalData\kagglechallenge\Dermnet\train/Psoriasis pictures Lichen Planus and related diseases/Psoriasis-Chronic-Plaque-97.jpg
14,E:\MedicalData\kagglechallenge\Dermnet\train/Psoriasis pictures Lichen Planus and related diseases/Psoriasis-Chronic-Plaque-98.jpg
14,E:\MedicalData\kagglechallenge\Dermnet\train/Psoriasis pictures Lichen Planus and related diseases/Psoriasis-Chronic-Plaque-99.jpg
14,E:\MedicalData\kagglechallenge\Dermnet\train/Psoriasis pictures Lichen Planus and related diseases/psoriasis-digits-1.jpg
14,E:\MedicalData\kagglechallenge\Dermnet\train/Psoriasis pictures Lichen Planus and related diseases/psoriasis-digits-3.jpg
14,E:\MedicalData\kagglechallenge\Dermnet\train/Psoriasis pictures Lichen Planus and related diseases/psoriasis-digits-4.jpg
14,E:\MedicalData\kagglechallenge\Dermnet\train/Psoriasis pictures Lichen Planus and related diseases/psoriasis-erythrodermic-1.jpg
14,E:\MedicalData\kagglechallenge\Dermnet\train/Psoriasis pictures Lichen Planus and related diseases/psoriasis-erythrodermic-10.jpg
14,E:\MedicalData\kagglechallenge\Dermnet\train/Psoriasis pictures Lichen Planus and related diseases/psoriasis-erythrodermic-11.jpg
14,E:\MedicalData\kagglechallenge\Dermnet\train/Psoriasis pictures Lichen Planus and related diseases/psoriasis-erythrodermic-12.jpg
14,E:\MedicalData\kagglechallenge\Dermnet\train/Psoriasis pictures Lichen Planus and related diseases/psoriasis-erythrodermic-13.jpg
14,E:\MedicalData\kagglechallenge\Dermnet\train/Psoriasis pictures Lichen Planus and related diseases/psoriasis-erythrodermic-16.jpg
14,E:\MedicalData\kagglechallenge\Dermnet\train/Psoriasis pictures Lichen Planus and related diseases/psoriasis-erythrodermic-18.jpg
14,E:\MedicalData\kagglechallenge\Dermnet\train/Psoriasis pictures Lichen Planus and related diseases/psoriasis-erythrodermic-19.jpg
14,E:\MedicalData\kagglechallenge\Dermnet\train/Psoriasis pictures Lichen Planus and related diseases/psoriasis-erythrodermic-2.jpg
14,E:\MedicalData\kagglechallenge\Dermnet\train/Psoriasis pictures Lichen Planus and related diseases/psoriasis-erythrodermic-20.jpg
14,E:\MedicalData\kagglechallenge\Dermnet\train/Psoriasis pictures Lichen Planus and related diseases/psoriasis-erythrodermic-21.jpg
14,E:\MedicalData\kagglechallenge\Dermnet\train/Psoriasis pictures Lichen Planus and related diseases/psoriasis-erythrodermic-22.jpg
14,E:\MedicalData\kagglechallenge\Dermnet\train/Psoriasis pictures Lichen Planus and related diseases/psoriasis-erythrodermic-23.jpg
14,E:\MedicalData\kagglechallenge\Dermnet\train/Psoriasis pictures Lichen Planus and related diseases/psoriasis-erythrodermic-24.jpg
14,E:\MedicalData\kagglechallenge\Dermnet\train/Psoriasis pictures Lichen Planus and related diseases/psoriasis-erythrodermic-25.jpg
14,E:\MedicalData\kagglechallenge\Dermnet\train/Psoriasis pictures Lichen Planus and related diseases/psoriasis-erythrodermic-26.jpg
14,E:\MedicalData\kagglechallenge\Dermnet\train/Psoriasis pictures Lichen Planus and related diseases/psoriasis-erythrodermic-28.jpg
14,E:\MedicalData\kagglechallenge\Dermnet\train/Psoriasis pictures Lichen Planus and related diseases/psoriasis-erythrodermic-29.jpg
14,E:\MedicalData\kagglechallenge\Dermnet\train/Psoriasis pictures Lichen Planus and related diseases/psoriasis-erythrodermic-30.jpg
14,E:\MedicalData\kagglechallenge\Dermnet\train/Psoriasis pictures Lichen Planus and related diseases/psoriasis-erythrodermic-31.jpg
14,E:\MedicalData\kagglechallenge\Dermnet\train/Psoriasis pictures Lichen Planus and related diseases/psoriasis-erythrodermic-32.jpg
14,E:\MedicalData\kagglechallenge\Dermnet\train/Psoriasis pictures Lichen Planus and related diseases/psoriasis-erythrodermic-34.jpg
14,E:\MedicalData\kagglechallenge\Dermnet\train/Psoriasis pictures Lichen Planus and related diseases/psoriasis-erythrodermic-35.jpg
14,E:\MedicalData\kagglechallenge\Dermnet\train/Psoriasis pictures Lichen Planus and related diseases/psoriasis-erythrodermic-36.jpg
14,E:\MedicalData\kagglechallenge\Dermnet\train/Psoriasis pictures Lichen Planus and related diseases/psoriasis-erythrodermic-37.jpg
14,E:\MedicalData\kagglechallenge\Dermnet\train/Psoriasis pictures Lichen Planus and related diseases/psoriasis-erythrodermic-38.jpg
14,E:\MedicalData\kagglechallenge\Dermnet\train/Psoriasis pictures Lichen Planus and related diseases/psoriasis-erythrodermic-39.jpg
14,E:\MedicalData\kagglechallenge\Dermnet\train/Psoriasis pictures Lichen Planus and related diseases/psoriasis-erythrodermic-4.jpg
14,E:\MedicalData\kagglechallenge\Dermnet\train/Psoriasis pictures Lichen Planus and related diseases/psoriasis-erythrodermic-5.jpg
14,E:\MedicalData\kagglechallenge\Dermnet\train/Psoriasis pictures Lichen Planus and related diseases/Psoriasis-Guttate-10.jpg
14,E:\MedicalData\kagglechallenge\Dermnet\train/Psoriasis pictures Lichen Planus and related diseases/Psoriasis-Guttate-100.jpg
14,E:\MedicalData\kagglechallenge\Dermnet\train/Psoriasis pictures Lichen Planus and related diseases/Psoriasis-Guttate-103.jpg
14,E:\MedicalData\kagglechallenge\Dermnet\train/Psoriasis pictures Lichen Planus and related diseases/Psoriasis-Guttate-104.jpg
14,E:\MedicalData\kagglechallenge\Dermnet\train/Psoriasis pictures Lichen Planus and related diseases/Psoriasis-Guttate-107.jpg
14,E:\MedicalData\kagglechallenge\Dermnet\train/Psoriasis pictures Lichen Planus and related diseases/Psoriasis-Guttate-108.jpg
14,E:\MedicalData\kagglechallenge\Dermnet\train/Psoriasis pictures Lichen Planus and related diseases/Psoriasis-Guttate-11.jpg
14,E:\MedicalData\kagglechallenge\Dermnet\train/Psoriasis pictures Lichen Planus and related diseases/Psoriasis-Guttate-111.jpg
14,E:\MedicalData\kagglechallenge\Dermnet\train/Psoriasis pictures Lichen Planus and related diseases/Psoriasis-Guttate-112.jpg
14,E:\MedicalData\kagglechallenge\Dermnet\train/Psoriasis pictures Lichen Planus and related diseases/Psoriasis-Guttate-114.jpg
14,E:\MedicalData\kagglechallenge\Dermnet\train/Psoriasis pictures Lichen Planus and related diseases/Psoriasis-Guttate-115.jpg
14,E:\MedicalData\kagglechallenge\Dermnet\train/Psoriasis pictures Lichen Planus and related diseases/Psoriasis-Guttate-116.jpg
14,E:\MedicalData\kagglechallenge\Dermnet\train/Psoriasis pictures Lichen Planus and related diseases/Psoriasis-Guttate-118.jpg
14,E:\MedicalData\kagglechallenge\Dermnet\train/Psoriasis pictures Lichen Planus and related diseases/Psoriasis-Guttate-119.jpg
14,E:\MedicalData\kagglechallenge\Dermnet\train/Psoriasis pictures Lichen Planus and related diseases/Psoriasis-Guttate-12.jpg
14,E:\MedicalData\kagglechallenge\Dermnet\train/Psoriasis pictures Lichen Planus and related diseases/Psoriasis-Guttate-120.jpg
14,E:\MedicalData\kagglechallenge\Dermnet\train/Psoriasis pictures Lichen Planus and related diseases/Psoriasis-Guttate-121.jpg
14,E:\MedicalData\kagglechallenge\Dermnet\train/Psoriasis pictures Lichen Planus and related diseases/Psoriasis-Guttate-122.jpg
14,E:\MedicalData\kagglechallenge\Dermnet\train/Psoriasis pictures Lichen Planus and related diseases/Psoriasis-Guttate-123.jpg
14,E:\MedicalData\kagglechallenge\Dermnet\train/Psoriasis pictures Lichen Planus and related diseases/Psoriasis-Guttate-125.jpg
14,E:\MedicalData\kagglechallenge\Dermnet\train/Psoriasis pictures Lichen Planus and related diseases/Psoriasis-Guttate-126.jpg
14,E:\MedicalData\kagglechallenge\Dermnet\train/Psoriasis pictures Lichen Planus and related diseases/Psoriasis-Guttate-17.jpg
14,E:\MedicalData\kagglechallenge\Dermnet\train/Psoriasis pictures Lichen Planus and related diseases/Psoriasis-Guttate-18.jpg
14,E:\MedicalData\kagglechallenge\Dermnet\train/Psoriasis pictures Lichen Planus and related diseases/Psoriasis-Guttate-2.jpg
14,E:\MedicalData\kagglechallenge\Dermnet\train/Psoriasis pictures Lichen Planus and related diseases/Psoriasis-Guttate-20.jpg
14,E:\MedicalData\kagglechallenge\Dermnet\train/Psoriasis pictures Lichen Planus and related diseases/Psoriasis-Guttate-23.jpg
14,E:\MedicalData\kagglechallenge\Dermnet\train/Psoriasis pictures Lichen Planus and related diseases/Psoriasis-Guttate-24.jpg
14,E:\MedicalData\kagglechallenge\Dermnet\train/Psoriasis pictures Lichen Planus and related diseases/Psoriasis-Guttate-25.jpg
14,E:\MedicalData\kagglechallenge\Dermnet\train/Psoriasis pictures Lichen Planus and related diseases/Psoriasis-Guttate-26.jpg
14,E:\MedicalData\kagglechallenge\Dermnet\train/Psoriasis pictures Lichen Planus and related diseases/Psoriasis-Guttate-27.jpg
14,E:\MedicalData\kagglechallenge\Dermnet\train/Psoriasis pictures Lichen Planus and related diseases/Psoriasis-Guttate-28.jpg
14,E:\MedicalData\kagglechallenge\Dermnet\train/Psoriasis pictures Lichen Planus and related diseases/Psoriasis-Guttate-29.jpg
14,E:\MedicalData\kagglechallenge\Dermnet\train/Psoriasis pictures Lichen Planus and related diseases/Psoriasis-Guttate-3.jpg
14,E:\MedicalData\kagglechallenge\Dermnet\train/Psoriasis pictures Lichen Planus and related diseases/Psoriasis-Guttate-30.jpg
14,E:\MedicalData\kagglechallenge\Dermnet\train/Psoriasis pictures Lichen Planus and related diseases/Psoriasis-Guttate-31.jpg
14,E:\MedicalData\kagglechallenge\Dermnet\train/Psoriasis pictures Lichen Planus and related diseases/Psoriasis-Guttate-33.jpg
14,E:\MedicalData\kagglechallenge\Dermnet\train/Psoriasis pictures Lichen Planus and related diseases/Psoriasis-Guttate-34.jpg
14,E:\MedicalData\kagglechallenge\Dermnet\train/Psoriasis pictures Lichen Planus and related diseases/Psoriasis-Guttate-36.jpg
14,E:\MedicalData\kagglechallenge\Dermnet\train/Psoriasis pictures Lichen Planus and related diseases/Psoriasis-Guttate-38.jpg
14,E:\MedicalData\kagglechallenge\Dermnet\train/Psoriasis pictures Lichen Planus and related diseases/Psoriasis-Guttate-39.jpg
14,E:\MedicalData\kagglechallenge\Dermnet\train/Psoriasis pictures Lichen Planus and related diseases/Psoriasis-Guttate-4.jpg
14,E:\MedicalData\kagglechallenge\Dermnet\train/Psoriasis pictures Lichen Planus and related diseases/Psoriasis-Guttate-40.jpg
14,E:\MedicalData\kagglechallenge\Dermnet\train/Psoriasis pictures Lichen Planus and related diseases/Psoriasis-Guttate-41.jpg
14,E:\MedicalData\kagglechallenge\Dermnet\train/Psoriasis pictures Lichen Planus and related diseases/Psoriasis-Guttate-42.jpg
14,E:\MedicalData\kagglechallenge\Dermnet\train/Psoriasis pictures Lichen Planus and related diseases/Psoriasis-Guttate-44.jpg
14,E:\MedicalData\kagglechallenge\Dermnet\train/Psoriasis pictures Lichen Planus and related diseases/Psoriasis-Guttate-45.jpg
14,E:\MedicalData\kagglechallenge\Dermnet\train/Psoriasis pictures Lichen Planus and related diseases/Psoriasis-Guttate-46.jpg
14,E:\MedicalData\kagglechallenge\Dermnet\train/Psoriasis pictures Lichen Planus and related diseases/Psoriasis-Guttate-49.jpg
14,E:\MedicalData\kagglechallenge\Dermnet\train/Psoriasis pictures Lichen Planus and related diseases/Psoriasis-Guttate-5.jpg
14,E:\MedicalData\kagglechallenge\Dermnet\train/Psoriasis pictures Lichen Planus and related diseases/Psoriasis-Guttate-50.jpg
14,E:\MedicalData\kagglechallenge\Dermnet\train/Psoriasis pictures Lichen Planus and related diseases/Psoriasis-Guttate-51.jpg
14,E:\MedicalData\kagglechallenge\Dermnet\train/Psoriasis pictures Lichen Planus and related diseases/Psoriasis-Guttate-52.jpg
14,E:\MedicalData\kagglechallenge\Dermnet\train/Psoriasis pictures Lichen Planus and related diseases/Psoriasis-Guttate-53.jpg
14,E:\MedicalData\kagglechallenge\Dermnet\train/Psoriasis pictures Lichen Planus and related diseases/Psoriasis-Guttate-56.jpg
14,E:\MedicalData\kagglechallenge\Dermnet\train/Psoriasis pictures Lichen Planus and related diseases/Psoriasis-Guttate-57.jpg
14,E:\MedicalData\kagglechallenge\Dermnet\train/Psoriasis pictures Lichen Planus and related diseases/Psoriasis-Guttate-58.jpg
14,E:\MedicalData\kagglechallenge\Dermnet\train/Psoriasis pictures Lichen Planus and related diseases/Psoriasis-Guttate-60.jpg
14,E:\MedicalData\kagglechallenge\Dermnet\train/Psoriasis pictures Lichen Planus and related diseases/Psoriasis-Guttate-61.jpg
14,E:\MedicalData\kagglechallenge\Dermnet\train/Psoriasis pictures Lichen Planus and related diseases/Psoriasis-Guttate-62.jpg
14,E:\MedicalData\kagglechallenge\Dermnet\train/Psoriasis pictures Lichen Planus and related diseases/Psoriasis-Guttate-64.jpg
14,E:\MedicalData\kagglechallenge\Dermnet\train/Psoriasis pictures Lichen Planus and related diseases/Psoriasis-Guttate-66.jpg
14,E:\MedicalData\kagglechallenge\Dermnet\train/Psoriasis pictures Lichen Planus and related diseases/Psoriasis-Guttate-67.jpg
14,E:\MedicalData\kagglechallenge\Dermnet\train/Psoriasis pictures Lichen Planus and related diseases/Psoriasis-Guttate-68.jpg
14,E:\MedicalData\kagglechallenge\Dermnet\train/Psoriasis pictures Lichen Planus and related diseases/Psoriasis-Guttate-69.jpg
14,E:\MedicalData\kagglechallenge\Dermnet\train/Psoriasis pictures Lichen Planus and related diseases/Psoriasis-Guttate-70.jpg
14,E:\MedicalData\kagglechallenge\Dermnet\train/Psoriasis pictures Lichen Planus and related diseases/Psoriasis-Guttate-71.jpg
14,E:\MedicalData\kagglechallenge\Dermnet\train/Psoriasis pictures Lichen Planus and related diseases/Psoriasis-Guttate-72.jpg
14,E:\MedicalData\kagglechallenge\Dermnet\train/Psoriasis pictures Lichen Planus and related diseases/Psoriasis-Guttate-73.jpg
14,E:\MedicalData\kagglechallenge\Dermnet\train/Psoriasis pictures Lichen Planus and related diseases/Psoriasis-Guttate-75.jpg
14,E:\MedicalData\kagglechallenge\Dermnet\train/Psoriasis pictures Lichen Planus and related diseases/Psoriasis-Guttate-76.jpg
14,E:\MedicalData\kagglechallenge\Dermnet\train/Psoriasis pictures Lichen Planus and related diseases/Psoriasis-Guttate-78.jpg
14,E:\MedicalData\kagglechallenge\Dermnet\train/Psoriasis pictures Lichen Planus and related diseases/Psoriasis-Guttate-8.jpg
14,E:\MedicalData\kagglechallenge\Dermnet\train/Psoriasis pictures Lichen Planus and related diseases/Psoriasis-Guttate-80.jpg
14,E:\MedicalData\kagglechallenge\Dermnet\train/Psoriasis pictures Lichen Planus and related diseases/Psoriasis-Guttate-81.jpg
14,E:\MedicalData\kagglechallenge\Dermnet\train/Psoriasis pictures Lichen Planus and related diseases/Psoriasis-Guttate-82.jpg
14,E:\MedicalData\kagglechallenge\Dermnet\train/Psoriasis pictures Lichen Planus and related diseases/Psoriasis-Guttate-83.jpg
14,E:\MedicalData\kagglechallenge\Dermnet\train/Psoriasis pictures Lichen Planus and related diseases/Psoriasis-Guttate-85.jpg
14,E:\MedicalData\kagglechallenge\Dermnet\train/Psoriasis pictures Lichen Planus and related diseases/Psoriasis-Guttate-86.jpg
14,E:\MedicalData\kagglechallenge\Dermnet\train/Psoriasis pictures Lichen Planus and related diseases/Psoriasis-Guttate-87.jpg
14,E:\MedicalData\kagglechallenge\Dermnet\train/Psoriasis pictures Lichen Planus and related diseases/Psoriasis-Guttate-89.jpg
14,E:\MedicalData\kagglechallenge\Dermnet\train/Psoriasis pictures Lichen Planus and related diseases/Psoriasis-Guttate-9.jpg
14,E:\MedicalData\kagglechallenge\Dermnet\train/Psoriasis pictures Lichen Planus and related diseases/Psoriasis-Guttate-90.jpg
14,E:\MedicalData\kagglechallenge\Dermnet\train/Psoriasis pictures Lichen Planus and related diseases/Psoriasis-Guttate-91.jpg
14,E:\MedicalData\kagglechallenge\Dermnet\train/Psoriasis pictures Lichen Planus and related diseases/Psoriasis-Guttate-92.jpg
14,E:\MedicalData\kagglechallenge\Dermnet\train/Psoriasis pictures Lichen Planus and related diseases/Psoriasis-Guttate-95.jpg
14,E:\MedicalData\kagglechallenge\Dermnet\train/Psoriasis pictures Lichen Planus and related diseases/Psoriasis-Guttate-97.jpg
14,E:\MedicalData\kagglechallenge\Dermnet\train/Psoriasis pictures Lichen Planus and related diseases/Psoriasis-Guttate-98.jpg
14,E:\MedicalData\kagglechallenge\Dermnet\train/Psoriasis pictures Lichen Planus and related diseases/Psoriasis-Guttate-99.jpg
14,E:\MedicalData\kagglechallenge\Dermnet\train/Psoriasis pictures Lichen Planus and related diseases/Psoriasis-Hand-1.jpg
14,E:\MedicalData\kagglechallenge\Dermnet\train/Psoriasis pictures Lichen Planus and related diseases/Psoriasis-Hand-10.jpg
14,E:\MedicalData\kagglechallenge\Dermnet\train/Psoriasis pictures Lichen Planus and related diseases/Psoriasis-Hand-11.jpg
14,E:\MedicalData\kagglechallenge\Dermnet\train/Psoriasis pictures Lichen Planus and related diseases/Psoriasis-Hand-12.jpg
14,E:\MedicalData\kagglechallenge\Dermnet\train/Psoriasis pictures Lichen Planus and related diseases/Psoriasis-Hand-13.jpg
14,E:\MedicalData\kagglechallenge\Dermnet\train/Psoriasis pictures Lichen Planus and related diseases/Psoriasis-Hand-18.jpg
14,E:\MedicalData\kagglechallenge\Dermnet\train/Psoriasis pictures Lichen Planus and related diseases/Psoriasis-Hand-19.jpg
14,E:\MedicalData\kagglechallenge\Dermnet\train/Psoriasis pictures Lichen Planus and related diseases/Psoriasis-Hand-2.jpg
14,E:\MedicalData\kagglechallenge\Dermnet\train/Psoriasis pictures Lichen Planus and related diseases/Psoriasis-Hand-20.jpg
14,E:\MedicalData\kagglechallenge\Dermnet\train/Psoriasis pictures Lichen Planus and related diseases/Psoriasis-Hand-21.jpg
14,E:\MedicalData\kagglechallenge\Dermnet\train/Psoriasis pictures Lichen Planus and related diseases/Psoriasis-Hand-22.jpg
14,E:\MedicalData\kagglechallenge\Dermnet\train/Psoriasis pictures Lichen Planus and related diseases/Psoriasis-Hand-23.jpg
14,E:\MedicalData\kagglechallenge\Dermnet\train/Psoriasis pictures Lichen Planus and related diseases/Psoriasis-Hand-25.jpg
14,E:\MedicalData\kagglechallenge\Dermnet\train/Psoriasis pictures Lichen Planus and related diseases/Psoriasis-Hand-26.jpg
14,E:\MedicalData\kagglechallenge\Dermnet\train/Psoriasis pictures Lichen Planus and related diseases/Psoriasis-Hand-27.jpg
14,E:\MedicalData\kagglechallenge\Dermnet\train/Psoriasis pictures Lichen Planus and related diseases/Psoriasis-Hand-28.jpg
14,E:\MedicalData\kagglechallenge\Dermnet\train/Psoriasis pictures Lichen Planus and related diseases/Psoriasis-Hand-3.jpg
14,E:\MedicalData\kagglechallenge\Dermnet\train/Psoriasis pictures Lichen Planus and related diseases/Psoriasis-Hand-30.jpg
14,E:\MedicalData\kagglechallenge\Dermnet\train/Psoriasis pictures Lichen Planus and related diseases/Psoriasis-Hand-31.jpg
14,E:\MedicalData\kagglechallenge\Dermnet\train/Psoriasis pictures Lichen Planus and related diseases/Psoriasis-Hand-32.jpg
14,E:\MedicalData\kagglechallenge\Dermnet\train/Psoriasis pictures Lichen Planus and related diseases/Psoriasis-Hand-36.jpg
14,E:\MedicalData\kagglechallenge\Dermnet\train/Psoriasis pictures Lichen Planus and related diseases/Psoriasis-Hand-37.jpg
14,E:\MedicalData\kagglechallenge\Dermnet\train/Psoriasis pictures Lichen Planus and related diseases/Psoriasis-Hand-38.jpg
14,E:\MedicalData\kagglechallenge\Dermnet\train/Psoriasis pictures Lichen Planus and related diseases/Psoriasis-Hand-39.jpg
14,E:\MedicalData\kagglechallenge\Dermnet\train/Psoriasis pictures Lichen Planus and related diseases/Psoriasis-Hand-41.jpg
14,E:\MedicalData\kagglechallenge\Dermnet\train/Psoriasis pictures Lichen Planus and related diseases/Psoriasis-Hand-42.jpg
14,E:\MedicalData\kagglechallenge\Dermnet\train/Psoriasis pictures Lichen Planus and related diseases/Psoriasis-Hand-45.jpg
14,E:\MedicalData\kagglechallenge\Dermnet\train/Psoriasis pictures Lichen Planus and related diseases/Psoriasis-Hand-46.jpg
14,E:\MedicalData\kagglechallenge\Dermnet\train/Psoriasis pictures Lichen Planus and related diseases/Psoriasis-Hand-47.jpg
14,E:\MedicalData\kagglechallenge\Dermnet\train/Psoriasis pictures Lichen Planus and related diseases/Psoriasis-Hand-49.jpg
14,E:\MedicalData\kagglechallenge\Dermnet\train/Psoriasis pictures Lichen Planus and related diseases/Psoriasis-Hand-50.jpg
14,E:\MedicalData\kagglechallenge\Dermnet\train/Psoriasis pictures Lichen Planus and related diseases/Psoriasis-Hand-51.jpg
14,E:\MedicalData\kagglechallenge\Dermnet\train/Psoriasis pictures Lichen Planus and related diseases/Psoriasis-Hand-52.jpg
14,E:\MedicalData\kagglechallenge\Dermnet\train/Psoriasis pictures Lichen Planus and related diseases/Psoriasis-Hand-53.jpg
14,E:\MedicalData\kagglechallenge\Dermnet\train/Psoriasis pictures Lichen Planus and related diseases/Psoriasis-Hand-54.jpg
14,E:\MedicalData\kagglechallenge\Dermnet\train/Psoriasis pictures Lichen Planus and related diseases/Psoriasis-Hand-56.jpg
14,E:\MedicalData\kagglechallenge\Dermnet\train/Psoriasis pictures Lichen Planus and related diseases/Psoriasis-Hand-57.jpg
14,E:\MedicalData\kagglechallenge\Dermnet\train/Psoriasis pictures Lichen Planus and related diseases/Psoriasis-Hand-59.jpg
14,E:\MedicalData\kagglechallenge\Dermnet\train/Psoriasis pictures Lichen Planus and related diseases/Psoriasis-Hand-6.jpg
14,E:\MedicalData\kagglechallenge\Dermnet\train/Psoriasis pictures Lichen Planus and related diseases/Psoriasis-Hand-60.jpg
14,E:\MedicalData\kagglechallenge\Dermnet\train/Psoriasis pictures Lichen Planus and related diseases/Psoriasis-Hand-61.jpg
14,E:\MedicalData\kagglechallenge\Dermnet\train/Psoriasis pictures Lichen Planus and related diseases/Psoriasis-Hand-8.jpg
14,E:\MedicalData\kagglechallenge\Dermnet\train/Psoriasis pictures Lichen Planus and related diseases/Psoriasis-Hand-9.jpg
14,E:\MedicalData\kagglechallenge\Dermnet\train/Psoriasis pictures Lichen Planus and related diseases/Psoriasis-Histology-1.jpg
14,E:\MedicalData\kagglechallenge\Dermnet\train/Psoriasis pictures Lichen Planus and related diseases/Psoriasis-Histology-10.jpg
14,E:\MedicalData\kagglechallenge\Dermnet\train/Psoriasis pictures Lichen Planus and related diseases/Psoriasis-Histology-12.jpg
14,E:\MedicalData\kagglechallenge\Dermnet\train/Psoriasis pictures Lichen Planus and related diseases/Psoriasis-Histology-13.jpg
14,E:\MedicalData\kagglechallenge\Dermnet\train/Psoriasis pictures Lichen Planus and related diseases/Psoriasis-Histology-14.jpg
14,E:\MedicalData\kagglechallenge\Dermnet\train/Psoriasis pictures Lichen Planus and related diseases/Psoriasis-Histology-15.jpg
14,E:\MedicalData\kagglechallenge\Dermnet\train/Psoriasis pictures Lichen Planus and related diseases/Psoriasis-Histology-17.jpg
14,E:\MedicalData\kagglechallenge\Dermnet\train/Psoriasis pictures Lichen Planus and related diseases/Psoriasis-Histology-18.jpg
14,E:\MedicalData\kagglechallenge\Dermnet\train/Psoriasis pictures Lichen Planus and related diseases/Psoriasis-Histology-19.jpg
14,E:\MedicalData\kagglechallenge\Dermnet\train/Psoriasis pictures Lichen Planus and related diseases/Psoriasis-Histology-20.jpg
14,E:\MedicalData\kagglechallenge\Dermnet\train/Psoriasis pictures Lichen Planus and related diseases/Psoriasis-Histology-21.jpg
14,E:\MedicalData\kagglechallenge\Dermnet\train/Psoriasis pictures Lichen Planus and related diseases/Psoriasis-Histology-22.jpg
14,E:\MedicalData\kagglechallenge\Dermnet\train/Psoriasis pictures Lichen Planus and related diseases/Psoriasis-Histology-23.jpg
14,E:\MedicalData\kagglechallenge\Dermnet\train/Psoriasis pictures Lichen Planus and related diseases/Psoriasis-Histology-24.jpg
14,E:\MedicalData\kagglechallenge\Dermnet\train/Psoriasis pictures Lichen Planus and related diseases/Psoriasis-Histology-25.jpg
14,E:\MedicalData\kagglechallenge\Dermnet\train/Psoriasis pictures Lichen Planus and related diseases/Psoriasis-Histology-3.jpg
14,E:\MedicalData\kagglechallenge\Dermnet\train/Psoriasis pictures Lichen Planus and related diseases/Psoriasis-Histology-5.jpg
14,E:\MedicalData\kagglechallenge\Dermnet\train/Psoriasis pictures Lichen Planus and related diseases/Psoriasis-Histology-7.jpg
14,E:\MedicalData\kagglechallenge\Dermnet\train/Psoriasis pictures Lichen Planus and related diseases/Psoriasis-HIV-2.jpg
14,E:\MedicalData\kagglechallenge\Dermnet\train/Psoriasis pictures Lichen Planus and related diseases/Psoriasis-HIV-3.jpg
14,E:\MedicalData\kagglechallenge\Dermnet\train/Psoriasis pictures Lichen Planus and related diseases/Psoriasis-HIV-4.jpg
14,E:\MedicalData\kagglechallenge\Dermnet\train/Psoriasis pictures Lichen Planus and related diseases/Psoriasis-HIV-5.jpg
14,E:\MedicalData\kagglechallenge\Dermnet\train/Psoriasis pictures Lichen Planus and related diseases/Psoriasis-HIV-6.jpg
14,E:\MedicalData\kagglechallenge\Dermnet\train/Psoriasis pictures Lichen Planus and related diseases/Psoriasis-infant-1.jpg
14,E:\MedicalData\kagglechallenge\Dermnet\train/Psoriasis pictures Lichen Planus and related diseases/Psoriasis-infant-2.jpg
14,E:\MedicalData\kagglechallenge\Dermnet\train/Psoriasis pictures Lichen Planus and related diseases/Psoriasis-infant-3.jpg
14,E:\MedicalData\kagglechallenge\Dermnet\train/Psoriasis pictures Lichen Planus and related diseases/Psoriasis-infant-5.jpg
14,E:\MedicalData\kagglechallenge\Dermnet\train/Psoriasis pictures Lichen Planus and related diseases/Psoriasis-infant-6.jpg
14,E:\MedicalData\kagglechallenge\Dermnet\train/Psoriasis pictures Lichen Planus and related diseases/Psoriasis-Interferon-Injection-08230424.jpg
14,E:\MedicalData\kagglechallenge\Dermnet\train/Psoriasis pictures Lichen Planus and related diseases/Psoriasis-Interferon-Injection-08230425.jpg
14,E:\MedicalData\kagglechallenge\Dermnet\train/Psoriasis pictures Lichen Planus and related diseases/Psoriasis-Interferon-Injection-08230426.jpg
14,E:\MedicalData\kagglechallenge\Dermnet\train/Psoriasis pictures Lichen Planus and related diseases/Psoriasis-inversus-1.jpg
14,E:\MedicalData\kagglechallenge\Dermnet\train/Psoriasis pictures Lichen Planus and related diseases/Psoriasis-inversus-10.jpg
14,E:\MedicalData\kagglechallenge\Dermnet\train/Psoriasis pictures Lichen Planus and related diseases/Psoriasis-inversus-11.jpg
14,E:\MedicalData\kagglechallenge\Dermnet\train/Psoriasis pictures Lichen Planus and related diseases/Psoriasis-inversus-12.jpg
14,E:\MedicalData\kagglechallenge\Dermnet\train/Psoriasis pictures Lichen Planus and related diseases/Psoriasis-inversus-14.jpg
14,E:\MedicalData\kagglechallenge\Dermnet\train/Psoriasis pictures Lichen Planus and related diseases/Psoriasis-inversus-15.jpg
14,E:\MedicalData\kagglechallenge\Dermnet\train/Psoriasis pictures Lichen Planus and related diseases/Psoriasis-inversus-19.jpg
14,E:\MedicalData\kagglechallenge\Dermnet\train/Psoriasis pictures Lichen Planus and related diseases/Psoriasis-inversus-2.jpg
14,E:\MedicalData\kagglechallenge\Dermnet\train/Psoriasis pictures Lichen Planus and related diseases/Psoriasis-inversus-20.jpg
14,E:\MedicalData\kagglechallenge\Dermnet\train/Psoriasis pictures Lichen Planus and related diseases/Psoriasis-inversus-21.jpg
14,E:\MedicalData\kagglechallenge\Dermnet\train/Psoriasis pictures Lichen Planus and related diseases/Psoriasis-inversus-22.jpg
14,E:\MedicalData\kagglechallenge\Dermnet\train/Psoriasis pictures Lichen Planus and related diseases/Psoriasis-inversus-24.jpg
14,E:\MedicalData\kagglechallenge\Dermnet\train/Psoriasis pictures Lichen Planus and related diseases/Psoriasis-inversus-26.jpg
14,E:\MedicalData\kagglechallenge\Dermnet\train/Psoriasis pictures Lichen Planus and related diseases/Psoriasis-inversus-27.jpg
14,E:\MedicalData\kagglechallenge\Dermnet\train/Psoriasis pictures Lichen Planus and related diseases/Psoriasis-inversus-28.jpg
14,E:\MedicalData\kagglechallenge\Dermnet\train/Psoriasis pictures Lichen Planus and related diseases/Psoriasis-inversus-3.jpg
14,E:\MedicalData\kagglechallenge\Dermnet\train/Psoriasis pictures Lichen Planus and related diseases/Psoriasis-inversus-30.jpg
14,E:\MedicalData\kagglechallenge\Dermnet\train/Psoriasis pictures Lichen Planus and related diseases/Psoriasis-inversus-33.jpg
14,E:\MedicalData\kagglechallenge\Dermnet\train/Psoriasis pictures Lichen Planus and related diseases/Psoriasis-inversus-5.jpg
14,E:\MedicalData\kagglechallenge\Dermnet\train/Psoriasis pictures Lichen Planus and related diseases/Psoriasis-inversus-6.jpg
14,E:\MedicalData\kagglechallenge\Dermnet\train/Psoriasis pictures Lichen Planus and related diseases/Psoriasis-inversus-7.jpg
14,E:\MedicalData\kagglechallenge\Dermnet\train/Psoriasis pictures Lichen Planus and related diseases/Psoriasis-inversus-8.jpg
14,E:\MedicalData\kagglechallenge\Dermnet\train/Psoriasis pictures Lichen Planus and related diseases/Psoriasis-inversus-9.jpg
14,E:\MedicalData\kagglechallenge\Dermnet\train/Psoriasis pictures Lichen Planus and related diseases/Psoriasis-Light-Sensative-1.jpg
14,E:\MedicalData\kagglechallenge\Dermnet\train/Psoriasis pictures Lichen Planus and related diseases/Psoriasis-Light-Sensative-2.jpg
14,E:\MedicalData\kagglechallenge\Dermnet\train/Psoriasis pictures Lichen Planus and related diseases/Psoriasis-Light-Sensative-3.jpg
14,E:\MedicalData\kagglechallenge\Dermnet\train/Psoriasis pictures Lichen Planus and related diseases/Psoriasis-Light-Sensative-4.jpg
14,E:\MedicalData\kagglechallenge\Dermnet\train/Psoriasis pictures Lichen Planus and related diseases/Psoriasis-Light-Sensative-5.jpg
14,E:\MedicalData\kagglechallenge\Dermnet\train/Psoriasis pictures Lichen Planus and related diseases/Psoriasis-Light-Sensative-6.jpg
14,E:\MedicalData\kagglechallenge\Dermnet\train/Psoriasis pictures Lichen Planus and related diseases/Psoriasis-Light-Sensative-7.jpg
14,E:\MedicalData\kagglechallenge\Dermnet\train/Psoriasis pictures Lichen Planus and related diseases/Psoriasis-Light-Sensative-8.jpg
14,E:\MedicalData\kagglechallenge\Dermnet\train/Psoriasis pictures Lichen Planus and related diseases/Psoriasis-nails-11.jpg
14,E:\MedicalData\kagglechallenge\Dermnet\train/Psoriasis pictures Lichen Planus and related diseases/Psoriasis-nails-12.jpg
14,E:\MedicalData\kagglechallenge\Dermnet\train/Psoriasis pictures Lichen Planus and related diseases/Psoriasis-nails-13.jpg
14,E:\MedicalData\kagglechallenge\Dermnet\train/Psoriasis pictures Lichen Planus and related diseases/Psoriasis-nails-14.jpg
14,E:\MedicalData\kagglechallenge\Dermnet\train/Psoriasis pictures Lichen Planus and related diseases/Psoriasis-nails-15.jpg
14,E:\MedicalData\kagglechallenge\Dermnet\train/Psoriasis pictures Lichen Planus and related diseases/Psoriasis-nails-16.jpg
14,E:\MedicalData\kagglechallenge\Dermnet\train/Psoriasis pictures Lichen Planus and related diseases/Psoriasis-nails-19.jpg
14,E:\MedicalData\kagglechallenge\Dermnet\train/Psoriasis pictures Lichen Planus and related diseases/Psoriasis-nails-20.jpg
14,E:\MedicalData\kagglechallenge\Dermnet\train/Psoriasis pictures Lichen Planus and related diseases/Psoriasis-nails-21.jpg
14,E:\MedicalData\kagglechallenge\Dermnet\train/Psoriasis pictures Lichen Planus and related diseases/Psoriasis-nails-22.jpg
14,E:\MedicalData\kagglechallenge\Dermnet\train/Psoriasis pictures Lichen Planus and related diseases/Psoriasis-nails-23.jpg
14,E:\MedicalData\kagglechallenge\Dermnet\train/Psoriasis pictures Lichen Planus and related diseases/Psoriasis-nails-24.jpg
14,E:\MedicalData\kagglechallenge\Dermnet\train/Psoriasis pictures Lichen Planus and related diseases/Psoriasis-nails-25.jpg
14,E:\MedicalData\kagglechallenge\Dermnet\train/Psoriasis pictures Lichen Planus and related diseases/Psoriasis-nails-26.jpg
14,E:\MedicalData\kagglechallenge\Dermnet\train/Psoriasis pictures Lichen Planus and related diseases/Psoriasis-nails-27.jpg
14,E:\MedicalData\kagglechallenge\Dermnet\train/Psoriasis pictures Lichen Planus and related diseases/Psoriasis-nails-28.jpg
14,E:\MedicalData\kagglechallenge\Dermnet\train/Psoriasis pictures Lichen Planus and related diseases/Psoriasis-nails-29.jpg
14,E:\MedicalData\kagglechallenge\Dermnet\train/Psoriasis pictures Lichen Planus and related diseases/Psoriasis-nails-30.jpg
14,E:\MedicalData\kagglechallenge\Dermnet\train/Psoriasis pictures Lichen Planus and related diseases/Psoriasis-nails-32.jpg
14,E:\MedicalData\kagglechallenge\Dermnet\train/Psoriasis pictures Lichen Planus and related diseases/Psoriasis-nails-4.jpg
14,E:\MedicalData\kagglechallenge\Dermnet\train/Psoriasis pictures Lichen Planus and related diseases/Psoriasis-nails-5.jpg
14,E:\MedicalData\kagglechallenge\Dermnet\train/Psoriasis pictures Lichen Planus and related diseases/Psoriasis-nails-6.jpg
14,E:\MedicalData\kagglechallenge\Dermnet\train/Psoriasis pictures Lichen Planus and related diseases/Psoriasis-nails-7.jpg
14,E:\MedicalData\kagglechallenge\Dermnet\train/Psoriasis pictures Lichen Planus and related diseases/Psoriasis-nails-8.jpg
14,E:\MedicalData\kagglechallenge\Dermnet\train/Psoriasis pictures Lichen Planus and related diseases/psoriasis-palms-soles-1.jpg
14,E:\MedicalData\kagglechallenge\Dermnet\train/Psoriasis pictures Lichen Planus and related diseases/psoriasis-palms-soles-10.jpg
14,E:\MedicalData\kagglechallenge\Dermnet\train/Psoriasis pictures Lichen Planus and related diseases/psoriasis-palms-soles-100.jpg
14,E:\MedicalData\kagglechallenge\Dermnet\train/Psoriasis pictures Lichen Planus and related diseases/psoriasis-palms-soles-101.jpg
14,E:\MedicalData\kagglechallenge\Dermnet\train/Psoriasis pictures Lichen Planus and related diseases/psoriasis-palms-soles-102.jpg
14,E:\MedicalData\kagglechallenge\Dermnet\train/Psoriasis pictures Lichen Planus and related diseases/psoriasis-palms-soles-103.jpg
14,E:\MedicalData\kagglechallenge\Dermnet\train/Psoriasis pictures Lichen Planus and related diseases/psoriasis-palms-soles-104.jpg
14,E:\MedicalData\kagglechallenge\Dermnet\train/Psoriasis pictures Lichen Planus and related diseases/psoriasis-palms-soles-105.jpg
14,E:\MedicalData\kagglechallenge\Dermnet\train/Psoriasis pictures Lichen Planus and related diseases/psoriasis-palms-soles-106.jpg
14,E:\MedicalData\kagglechallenge\Dermnet\train/Psoriasis pictures Lichen Planus and related diseases/psoriasis-palms-soles-107.jpg
14,E:\MedicalData\kagglechallenge\Dermnet\train/Psoriasis pictures Lichen Planus and related diseases/psoriasis-palms-soles-108.jpg
14,E:\MedicalData\kagglechallenge\Dermnet\train/Psoriasis pictures Lichen Planus and related diseases/psoriasis-palms-soles-110.jpg
14,E:\MedicalData\kagglechallenge\Dermnet\train/Psoriasis pictures Lichen Planus and related diseases/psoriasis-palms-soles-112.jpg
14,E:\MedicalData\kagglechallenge\Dermnet\train/Psoriasis pictures Lichen Planus and related diseases/psoriasis-palms-soles-115.jpg
14,E:\MedicalData\kagglechallenge\Dermnet\train/Psoriasis pictures Lichen Planus and related diseases/psoriasis-palms-soles-116.jpg
14,E:\MedicalData\kagglechallenge\Dermnet\train/Psoriasis pictures Lichen Planus and related diseases/psoriasis-palms-soles-117.jpg
14,E:\MedicalData\kagglechallenge\Dermnet\train/Psoriasis pictures Lichen Planus and related diseases/psoriasis-palms-soles-118.jpg
14,E:\MedicalData\kagglechallenge\Dermnet\train/Psoriasis pictures Lichen Planus and related diseases/psoriasis-palms-soles-119.jpg
14,E:\MedicalData\kagglechallenge\Dermnet\train/Psoriasis pictures Lichen Planus and related diseases/psoriasis-palms-soles-120.jpg
14,E:\MedicalData\kagglechallenge\Dermnet\train/Psoriasis pictures Lichen Planus and related diseases/psoriasis-palms-soles-121.jpg
14,E:\MedicalData\kagglechallenge\Dermnet\train/Psoriasis pictures Lichen Planus and related diseases/psoriasis-palms-soles-126.jpg
14,E:\MedicalData\kagglechallenge\Dermnet\train/Psoriasis pictures Lichen Planus and related diseases/psoriasis-palms-soles-127.jpg
14,E:\MedicalData\kagglechallenge\Dermnet\train/Psoriasis pictures Lichen Planus and related diseases/psoriasis-palms-soles-128.jpg
14,E:\MedicalData\kagglechallenge\Dermnet\train/Psoriasis pictures Lichen Planus and related diseases/psoriasis-palms-soles-13.jpg
14,E:\MedicalData\kagglechallenge\Dermnet\train/Psoriasis pictures Lichen Planus and related diseases/psoriasis-palms-soles-130.jpg
14,E:\MedicalData\kagglechallenge\Dermnet\train/Psoriasis pictures Lichen Planus and related diseases/psoriasis-palms-soles-131.jpg
14,E:\MedicalData\kagglechallenge\Dermnet\train/Psoriasis pictures Lichen Planus and related diseases/psoriasis-palms-soles-133.jpg
14,E:\MedicalData\kagglechallenge\Dermnet\train/Psoriasis pictures Lichen Planus and related diseases/psoriasis-palms-soles-135.jpg
14,E:\MedicalData\kagglechallenge\Dermnet\train/Psoriasis pictures Lichen Planus and related diseases/psoriasis-palms-soles-137.jpg
14,E:\MedicalData\kagglechallenge\Dermnet\train/Psoriasis pictures Lichen Planus and related diseases/psoriasis-palms-soles-138.jpg
14,E:\MedicalData\kagglechallenge\Dermnet\train/Psoriasis pictures Lichen Planus and related diseases/psoriasis-palms-soles-139.jpg
14,E:\MedicalData\kagglechallenge\Dermnet\train/Psoriasis pictures Lichen Planus and related diseases/psoriasis-palms-soles-141.jpg
14,E:\MedicalData\kagglechallenge\Dermnet\train/Psoriasis pictures Lichen Planus and related diseases/psoriasis-palms-soles-143.jpg
14,E:\MedicalData\kagglechallenge\Dermnet\train/Psoriasis pictures Lichen Planus and related diseases/psoriasis-palms-soles-144.jpg
14,E:\MedicalData\kagglechallenge\Dermnet\train/Psoriasis pictures Lichen Planus and related diseases/psoriasis-palms-soles-145.jpg
14,E:\MedicalData\kagglechallenge\Dermnet\train/Psoriasis pictures Lichen Planus and related diseases/psoriasis-palms-soles-146.jpg
14,E:\MedicalData\kagglechallenge\Dermnet\train/Psoriasis pictures Lichen Planus and related diseases/psoriasis-palms-soles-148.jpg
14,E:\MedicalData\kagglechallenge\Dermnet\train/Psoriasis pictures Lichen Planus and related diseases/psoriasis-palms-soles-149.jpg
14,E:\MedicalData\kagglechallenge\Dermnet\train/Psoriasis pictures Lichen Planus and related diseases/psoriasis-palms-soles-15.jpg
14,E:\MedicalData\kagglechallenge\Dermnet\train/Psoriasis pictures Lichen Planus and related diseases/psoriasis-palms-soles-151.jpg
14,E:\MedicalData\kagglechallenge\Dermnet\train/Psoriasis pictures Lichen Planus and related diseases/psoriasis-palms-soles-152.jpg
14,E:\MedicalData\kagglechallenge\Dermnet\train/Psoriasis pictures Lichen Planus and related diseases/psoriasis-palms-soles-154.jpg
14,E:\MedicalData\kagglechallenge\Dermnet\train/Psoriasis pictures Lichen Planus and related diseases/psoriasis-palms-soles-155.jpg
14,E:\MedicalData\kagglechallenge\Dermnet\train/Psoriasis pictures Lichen Planus and related diseases/psoriasis-palms-soles-156.jpg
14,E:\MedicalData\kagglechallenge\Dermnet\train/Psoriasis pictures Lichen Planus and related diseases/psoriasis-palms-soles-157.jpg
14,E:\MedicalData\kagglechallenge\Dermnet\train/Psoriasis pictures Lichen Planus and related diseases/psoriasis-palms-soles-158.jpg
14,E:\MedicalData\kagglechallenge\Dermnet\train/Psoriasis pictures Lichen Planus and related diseases/psoriasis-palms-soles-159.jpg
14,E:\MedicalData\kagglechallenge\Dermnet\train/Psoriasis pictures Lichen Planus and related diseases/psoriasis-palms-soles-160.jpg
14,E:\MedicalData\kagglechallenge\Dermnet\train/Psoriasis pictures Lichen Planus and related diseases/psoriasis-palms-soles-163.jpg
14,E:\MedicalData\kagglechallenge\Dermnet\train/Psoriasis pictures Lichen Planus and related diseases/psoriasis-palms-soles-165.jpg
14,E:\MedicalData\kagglechallenge\Dermnet\train/Psoriasis pictures Lichen Planus and related diseases/psoriasis-palms-soles-166.jpg
14,E:\MedicalData\kagglechallenge\Dermnet\train/Psoriasis pictures Lichen Planus and related diseases/psoriasis-palms-soles-168.jpg
14,E:\MedicalData\kagglechallenge\Dermnet\train/Psoriasis pictures Lichen Planus and related diseases/psoriasis-palms-soles-17.jpg
14,E:\MedicalData\kagglechallenge\Dermnet\train/Psoriasis pictures Lichen Planus and related diseases/psoriasis-palms-soles-170.jpg
14,E:\MedicalData\kagglechallenge\Dermnet\train/Psoriasis pictures Lichen Planus and related diseases/psoriasis-palms-soles-171.jpg
14,E:\MedicalData\kagglechallenge\Dermnet\train/Psoriasis pictures Lichen Planus and related diseases/psoriasis-palms-soles-172.jpg
14,E:\MedicalData\kagglechallenge\Dermnet\train/Psoriasis pictures Lichen Planus and related diseases/psoriasis-palms-soles-173.jpg
14,E:\MedicalData\kagglechallenge\Dermnet\train/Psoriasis pictures Lichen Planus and related diseases/psoriasis-palms-soles-174.jpg
14,E:\MedicalData\kagglechallenge\Dermnet\train/Psoriasis pictures Lichen Planus and related diseases/psoriasis-palms-soles-175.jpg
14,E:\MedicalData\kagglechallenge\Dermnet\train/Psoriasis pictures Lichen Planus and related diseases/psoriasis-palms-soles-176.jpg
14,E:\MedicalData\kagglechallenge\Dermnet\train/Psoriasis pictures Lichen Planus and related diseases/psoriasis-palms-soles-178.jpg
14,E:\MedicalData\kagglechallenge\Dermnet\train/Psoriasis pictures Lichen Planus and related diseases/psoriasis-palms-soles-18.jpg
14,E:\MedicalData\kagglechallenge\Dermnet\train/Psoriasis pictures Lichen Planus and related diseases/psoriasis-palms-soles-180.jpg
14,E:\MedicalData\kagglechallenge\Dermnet\train/Psoriasis pictures Lichen Planus and related diseases/psoriasis-palms-soles-181.jpg
14,E:\MedicalData\kagglechallenge\Dermnet\train/Psoriasis pictures Lichen Planus and related diseases/psoriasis-palms-soles-182.jpg
14,E:\MedicalData\kagglechallenge\Dermnet\train/Psoriasis pictures Lichen Planus and related diseases/psoriasis-palms-soles-184.jpg
14,E:\MedicalData\kagglechallenge\Dermnet\train/Psoriasis pictures Lichen Planus and related diseases/psoriasis-palms-soles-187.jpg
14,E:\MedicalData\kagglechallenge\Dermnet\train/Psoriasis pictures Lichen Planus and related diseases/psoriasis-palms-soles-188.jpg
14,E:\MedicalData\kagglechallenge\Dermnet\train/Psoriasis pictures Lichen Planus and related diseases/psoriasis-palms-soles-189.jpg
14,E:\MedicalData\kagglechallenge\Dermnet\train/Psoriasis pictures Lichen Planus and related diseases/psoriasis-palms-soles-19.jpg
14,E:\MedicalData\kagglechallenge\Dermnet\train/Psoriasis pictures Lichen Planus and related diseases/psoriasis-palms-soles-190.jpg
14,E:\MedicalData\kagglechallenge\Dermnet\train/Psoriasis pictures Lichen Planus and related diseases/psoriasis-palms-soles-191.jpg
14,E:\MedicalData\kagglechallenge\Dermnet\train/Psoriasis pictures Lichen Planus and related diseases/psoriasis-palms-soles-192.jpg
14,E:\MedicalData\kagglechallenge\Dermnet\train/Psoriasis pictures Lichen Planus and related diseases/psoriasis-palms-soles-194.jpg
14,E:\MedicalData\kagglechallenge\Dermnet\train/Psoriasis pictures Lichen Planus and related diseases/psoriasis-palms-soles-195.jpg
14,E:\MedicalData\kagglechallenge\Dermnet\train/Psoriasis pictures Lichen Planus and related diseases/psoriasis-palms-soles-196.jpg
14,E:\MedicalData\kagglechallenge\Dermnet\train/Psoriasis pictures Lichen Planus and related diseases/psoriasis-palms-soles-197.jpg
14,E:\MedicalData\kagglechallenge\Dermnet\train/Psoriasis pictures Lichen Planus and related diseases/psoriasis-palms-soles-79.jpg
14,E:\MedicalData\kagglechallenge\Dermnet\train/Psoriasis pictures Lichen Planus and related diseases/psoriasis-palms-soles-8.jpg
14,E:\MedicalData\kagglechallenge\Dermnet\train/Psoriasis pictures Lichen Planus and related diseases/psoriasis-palms-soles-80.jpg
14,E:\MedicalData\kagglechallenge\Dermnet\train/Psoriasis pictures Lichen Planus and related diseases/psoriasis-palms-soles-82.jpg
14,E:\MedicalData\kagglechallenge\Dermnet\train/Psoriasis pictures Lichen Planus and related diseases/psoriasis-palms-soles-83.jpg
14,E:\MedicalData\kagglechallenge\Dermnet\train/Psoriasis pictures Lichen Planus and related diseases/psoriasis-palms-soles-84.jpg
14,E:\MedicalData\kagglechallenge\Dermnet\train/Psoriasis pictures Lichen Planus and related diseases/psoriasis-palms-soles-85.jpg
14,E:\MedicalData\kagglechallenge\Dermnet\train/Psoriasis pictures Lichen Planus and related diseases/psoriasis-palms-soles-89.jpg
14,E:\MedicalData\kagglechallenge\Dermnet\train/Psoriasis pictures Lichen Planus and related diseases/psoriasis-palms-soles-90.jpg
14,E:\MedicalData\kagglechallenge\Dermnet\train/Psoriasis pictures Lichen Planus and related diseases/psoriasis-palms-soles-91.jpg
14,E:\MedicalData\kagglechallenge\Dermnet\train/Psoriasis pictures Lichen Planus and related diseases/psoriasis-palms-soles-92.jpg
14,E:\MedicalData\kagglechallenge\Dermnet\train/Psoriasis pictures Lichen Planus and related diseases/psoriasis-palms-soles-93.jpg
14,E:\MedicalData\kagglechallenge\Dermnet\train/Psoriasis pictures Lichen Planus and related diseases/psoriasis-palms-soles-94.jpg
14,E:\MedicalData\kagglechallenge\Dermnet\train/Psoriasis pictures Lichen Planus and related diseases/psoriasis-palms-soles-96.jpg
14,E:\MedicalData\kagglechallenge\Dermnet\train/Psoriasis pictures Lichen Planus and related diseases/psoriasis-palms-soles-97.jpg
14,E:\MedicalData\kagglechallenge\Dermnet\train/Psoriasis pictures Lichen Planus and related diseases/psoriasis-palms-soles-98.jpg
14,E:\MedicalData\kagglechallenge\Dermnet\train/Psoriasis pictures Lichen Planus and related diseases/psoriasis-palms-soles-99.jpg
14,E:\MedicalData\kagglechallenge\Dermnet\train/Psoriasis pictures Lichen Planus and related diseases/Psoriasis-penis-1.jpg
14,E:\MedicalData\kagglechallenge\Dermnet\train/Psoriasis pictures Lichen Planus and related diseases/Psoriasis-penis-10.jpg
14,E:\MedicalData\kagglechallenge\Dermnet\train/Psoriasis pictures Lichen Planus and related diseases/Psoriasis-penis-14.jpg
14,E:\MedicalData\kagglechallenge\Dermnet\train/Psoriasis pictures Lichen Planus and related diseases/Psoriasis-penis-15.jpg
14,E:\MedicalData\kagglechallenge\Dermnet\train/Psoriasis pictures Lichen Planus and related diseases/Psoriasis-penis-18.jpg
14,E:\MedicalData\kagglechallenge\Dermnet\train/Psoriasis pictures Lichen Planus and related diseases/Psoriasis-penis-19.jpg
14,E:\MedicalData\kagglechallenge\Dermnet\train/Psoriasis pictures Lichen Planus and related diseases/Psoriasis-penis-20.jpg
14,E:\MedicalData\kagglechallenge\Dermnet\train/Psoriasis pictures Lichen Planus and related diseases/Psoriasis-penis-21.jpg
14,E:\MedicalData\kagglechallenge\Dermnet\train/Psoriasis pictures Lichen Planus and related diseases/Psoriasis-penis-22.jpg
14,E:\MedicalData\kagglechallenge\Dermnet\train/Psoriasis pictures Lichen Planus and related diseases/Psoriasis-penis-23.jpg
14,E:\MedicalData\kagglechallenge\Dermnet\train/Psoriasis pictures Lichen Planus and related diseases/Psoriasis-penis-24.jpg
14,E:\MedicalData\kagglechallenge\Dermnet\train/Psoriasis pictures Lichen Planus and related diseases/Psoriasis-penis-25.jpg
14,E:\MedicalData\kagglechallenge\Dermnet\train/Psoriasis pictures Lichen Planus and related diseases/Psoriasis-penis-27.jpg
14,E:\MedicalData\kagglechallenge\Dermnet\train/Psoriasis pictures Lichen Planus and related diseases/Psoriasis-penis-28.jpg
14,E:\MedicalData\kagglechallenge\Dermnet\train/Psoriasis pictures Lichen Planus and related diseases/Psoriasis-penis-29.jpg
14,E:\MedicalData\kagglechallenge\Dermnet\train/Psoriasis pictures Lichen Planus and related diseases/Psoriasis-penis-3.jpg
14,E:\MedicalData\kagglechallenge\Dermnet\train/Psoriasis pictures Lichen Planus and related diseases/Psoriasis-penis-5.jpg
14,E:\MedicalData\kagglechallenge\Dermnet\train/Psoriasis pictures Lichen Planus and related diseases/Psoriasis-penis-6.jpg
14,E:\MedicalData\kagglechallenge\Dermnet\train/Psoriasis pictures Lichen Planus and related diseases/Psoriasis-penis-7.jpg
14,E:\MedicalData\kagglechallenge\Dermnet\train/Psoriasis pictures Lichen Planus and related diseases/Psoriasis-penis-8.jpg
14,E:\MedicalData\kagglechallenge\Dermnet\train/Psoriasis pictures Lichen Planus and related diseases/Psoriasis-penis-9.jpg
14,E:\MedicalData\kagglechallenge\Dermnet\train/Psoriasis pictures Lichen Planus and related diseases/Psoriasis-Post-Ampicillian-060704.jpg
14,E:\MedicalData\kagglechallenge\Dermnet\train/Psoriasis pictures Lichen Planus and related diseases/psoriasis-pustular-generalized-10.jpg
14,E:\MedicalData\kagglechallenge\Dermnet\train/Psoriasis pictures Lichen Planus and related diseases/psoriasis-pustular-generalized-11.jpg
14,E:\MedicalData\kagglechallenge\Dermnet\train/Psoriasis pictures Lichen Planus and related diseases/psoriasis-pustular-generalized-13.jpg
14,E:\MedicalData\kagglechallenge\Dermnet\train/Psoriasis pictures Lichen Planus and related diseases/psoriasis-pustular-generalized-15.jpg
14,E:\MedicalData\kagglechallenge\Dermnet\train/Psoriasis pictures Lichen Planus and related diseases/psoriasis-pustular-generalized-16.jpg
14,E:\MedicalData\kagglechallenge\Dermnet\train/Psoriasis pictures Lichen Planus and related diseases/psoriasis-pustular-generalized-17.jpg
14,E:\MedicalData\kagglechallenge\Dermnet\train/Psoriasis pictures Lichen Planus and related diseases/psoriasis-pustular-generalized-19.jpg
14,E:\MedicalData\kagglechallenge\Dermnet\train/Psoriasis pictures Lichen Planus and related diseases/psoriasis-pustular-generalized-22.jpg
14,E:\MedicalData\kagglechallenge\Dermnet\train/Psoriasis pictures Lichen Planus and related diseases/psoriasis-pustular-generalized-24.jpg
14,E:\MedicalData\kagglechallenge\Dermnet\train/Psoriasis pictures Lichen Planus and related diseases/psoriasis-pustular-generalized-25.jpg
14,E:\MedicalData\kagglechallenge\Dermnet\train/Psoriasis pictures Lichen Planus and related diseases/psoriasis-pustular-generalized-27.jpg
14,E:\MedicalData\kagglechallenge\Dermnet\train/Psoriasis pictures Lichen Planus and related diseases/psoriasis-pustular-generalized-29.jpg
14,E:\MedicalData\kagglechallenge\Dermnet\train/Psoriasis pictures Lichen Planus and related diseases/psoriasis-pustular-generalized-3.jpg
14,E:\MedicalData\kagglechallenge\Dermnet\train/Psoriasis pictures Lichen Planus and related diseases/psoriasis-pustular-generalized-30.jpg
14,E:\MedicalData\kagglechallenge\Dermnet\train/Psoriasis pictures Lichen Planus and related diseases/psoriasis-pustular-generalized-33.jpg
14,E:\MedicalData\kagglechallenge\Dermnet\train/Psoriasis pictures Lichen Planus and related diseases/psoriasis-pustular-generalized-34.jpg
14,E:\MedicalData\kagglechallenge\Dermnet\train/Psoriasis pictures Lichen Planus and related diseases/psoriasis-pustular-generalized-35.jpg
14,E:\MedicalData\kagglechallenge\Dermnet\train/Psoriasis pictures Lichen Planus and related diseases/psoriasis-pustular-generalized-36.jpg
14,E:\MedicalData\kagglechallenge\Dermnet\train/Psoriasis pictures Lichen Planus and related diseases/psoriasis-pustular-generalized-37.jpg
14,E:\MedicalData\kagglechallenge\Dermnet\train/Psoriasis pictures Lichen Planus and related diseases/psoriasis-pustular-generalized-38.jpg
14,E:\MedicalData\kagglechallenge\Dermnet\train/Psoriasis pictures Lichen Planus and related diseases/psoriasis-pustular-generalized-4.jpg
14,E:\MedicalData\kagglechallenge\Dermnet\train/Psoriasis pictures Lichen Planus and related diseases/psoriasis-pustular-generalized-40.jpg
14,E:\MedicalData\kagglechallenge\Dermnet\train/Psoriasis pictures Lichen Planus and related diseases/psoriasis-pustular-generalized-41.jpg
14,E:\MedicalData\kagglechallenge\Dermnet\train/Psoriasis pictures Lichen Planus and related diseases/psoriasis-pustular-generalized-43.jpg
14,E:\MedicalData\kagglechallenge\Dermnet\train/Psoriasis pictures Lichen Planus and related diseases/psoriasis-pustular-generalized-46.jpg
14,E:\MedicalData\kagglechallenge\Dermnet\train/Psoriasis pictures Lichen Planus and related diseases/psoriasis-pustular-generalized-49.jpg
14,E:\MedicalData\kagglechallenge\Dermnet\train/Psoriasis pictures Lichen Planus and related diseases/psoriasis-pustular-generalized-52.jpg
14,E:\MedicalData\kagglechallenge\Dermnet\train/Psoriasis pictures Lichen Planus and related diseases/psoriasis-pustular-generalized-53.jpg
14,E:\MedicalData\kagglechallenge\Dermnet\train/Psoriasis pictures Lichen Planus and related diseases/psoriasis-pustular-generalized-55.jpg
14,E:\MedicalData\kagglechallenge\Dermnet\train/Psoriasis pictures Lichen Planus and related diseases/psoriasis-pustular-generalized-56.jpg
14,E:\MedicalData\kagglechallenge\Dermnet\train/Psoriasis pictures Lichen Planus and related diseases/psoriasis-pustular-generalized-58.jpg
14,E:\MedicalData\kagglechallenge\Dermnet\train/Psoriasis pictures Lichen Planus and related diseases/psoriasis-pustular-generalized-59.jpg
14,E:\MedicalData\kagglechallenge\Dermnet\train/Psoriasis pictures Lichen Planus and related diseases/psoriasis-pustular-generalized-6.jpg
14,E:\MedicalData\kagglechallenge\Dermnet\train/Psoriasis pictures Lichen Planus and related diseases/psoriasis-pustular-generalized-60.jpg
14,E:\MedicalData\kagglechallenge\Dermnet\train/Psoriasis pictures Lichen Planus and related diseases/psoriasis-pustular-generalized-61.jpg
14,E:\MedicalData\kagglechallenge\Dermnet\train/Psoriasis pictures Lichen Planus and related diseases/psoriasis-pustular-generalized-62.jpg
14,E:\MedicalData\kagglechallenge\Dermnet\train/Psoriasis pictures Lichen Planus and related diseases/psoriasis-pustular-generalized-63.jpg
14,E:\MedicalData\kagglechallenge\Dermnet\train/Psoriasis pictures Lichen Planus and related diseases/psoriasis-pustular-generalized-64.jpg
14,E:\MedicalData\kagglechallenge\Dermnet\train/Psoriasis pictures Lichen Planus and related diseases/psoriasis-pustular-generalized-65.jpg
14,E:\MedicalData\kagglechallenge\Dermnet\train/Psoriasis pictures Lichen Planus and related diseases/psoriasis-pustular-generalized-7.jpg
14,E:\MedicalData\kagglechallenge\Dermnet\train/Psoriasis pictures Lichen Planus and related diseases/psoriasis-pustular-generalized-9.jpg
14,E:\MedicalData\kagglechallenge\Dermnet\train/Psoriasis pictures Lichen Planus and related diseases/psoriasis-scalp-1.jpg
14,E:\MedicalData\kagglechallenge\Dermnet\train/Psoriasis pictures Lichen Planus and related diseases/psoriasis-scalp-10.jpg
14,E:\MedicalData\kagglechallenge\Dermnet\train/Psoriasis pictures Lichen Planus and related diseases/psoriasis-scalp-100.jpg
14,E:\MedicalData\kagglechallenge\Dermnet\train/Psoriasis pictures Lichen Planus and related diseases/psoriasis-scalp-101.jpg
14,E:\MedicalData\kagglechallenge\Dermnet\train/Psoriasis pictures Lichen Planus and related diseases/psoriasis-scalp-102.jpg
14,E:\MedicalData\kagglechallenge\Dermnet\train/Psoriasis pictures Lichen Planus and related diseases/psoriasis-scalp-103.jpg
14,E:\MedicalData\kagglechallenge\Dermnet\train/Psoriasis pictures Lichen Planus and related diseases/psoriasis-scalp-104.jpg
14,E:\MedicalData\kagglechallenge\Dermnet\train/Psoriasis pictures Lichen Planus and related diseases/psoriasis-scalp-105.jpg
14,E:\MedicalData\kagglechallenge\Dermnet\train/Psoriasis pictures Lichen Planus and related diseases/psoriasis-scalp-106.jpg
14,E:\MedicalData\kagglechallenge\Dermnet\train/Psoriasis pictures Lichen Planus and related diseases/psoriasis-scalp-107.jpg
14,E:\MedicalData\kagglechallenge\Dermnet\train/Psoriasis pictures Lichen Planus and related diseases/psoriasis-scalp-108.jpg
14,E:\MedicalData\kagglechallenge\Dermnet\train/Psoriasis pictures Lichen Planus and related diseases/psoriasis-scalp-11.jpg
14,E:\MedicalData\kagglechallenge\Dermnet\train/Psoriasis pictures Lichen Planus and related diseases/psoriasis-scalp-110.jpg
14,E:\MedicalData\kagglechallenge\Dermnet\train/Psoriasis pictures Lichen Planus and related diseases/psoriasis-scalp-13.jpg
14,E:\MedicalData\kagglechallenge\Dermnet\train/Psoriasis pictures Lichen Planus and related diseases/psoriasis-scalp-15.jpg
14,E:\MedicalData\kagglechallenge\Dermnet\train/Psoriasis pictures Lichen Planus and related diseases/psoriasis-scalp-19.jpg
14,E:\MedicalData\kagglechallenge\Dermnet\train/Psoriasis pictures Lichen Planus and related diseases/psoriasis-scalp-2.jpg
14,E:\MedicalData\kagglechallenge\Dermnet\train/Psoriasis pictures Lichen Planus and related diseases/psoriasis-scalp-20.jpg
14,E:\MedicalData\kagglechallenge\Dermnet\train/Psoriasis pictures Lichen Planus and related diseases/psoriasis-scalp-21.jpg
14,E:\MedicalData\kagglechallenge\Dermnet\train/Psoriasis pictures Lichen Planus and related diseases/psoriasis-scalp-22.jpg
14,E:\MedicalData\kagglechallenge\Dermnet\train/Psoriasis pictures Lichen Planus and related diseases/psoriasis-scalp-23.jpg
14,E:\MedicalData\kagglechallenge\Dermnet\train/Psoriasis pictures Lichen Planus and related diseases/psoriasis-scalp-25.jpg
14,E:\MedicalData\kagglechallenge\Dermnet\train/Psoriasis pictures Lichen Planus and related diseases/psoriasis-scalp-26.jpg
14,E:\MedicalData\kagglechallenge\Dermnet\train/Psoriasis pictures Lichen Planus and related diseases/psoriasis-scalp-27.jpg
14,E:\MedicalData\kagglechallenge\Dermnet\train/Psoriasis pictures Lichen Planus and related diseases/psoriasis-scalp-28.jpg
14,E:\MedicalData\kagglechallenge\Dermnet\train/Psoriasis pictures Lichen Planus and related diseases/psoriasis-scalp-29.jpg
14,E:\MedicalData\kagglechallenge\Dermnet\train/Psoriasis pictures Lichen Planus and related diseases/psoriasis-scalp-3.jpg
14,E:\MedicalData\kagglechallenge\Dermnet\train/Psoriasis pictures Lichen Planus and related diseases/psoriasis-scalp-30.jpg
14,E:\MedicalData\kagglechallenge\Dermnet\train/Psoriasis pictures Lichen Planus and related diseases/psoriasis-scalp-31.jpg
14,E:\MedicalData\kagglechallenge\Dermnet\train/Psoriasis pictures Lichen Planus and related diseases/psoriasis-scalp-32.jpg
14,E:\MedicalData\kagglechallenge\Dermnet\train/Psoriasis pictures Lichen Planus and related diseases/psoriasis-scalp-33.jpg
14,E:\MedicalData\kagglechallenge\Dermnet\train/Psoriasis pictures Lichen Planus and related diseases/psoriasis-scalp-34.jpg
14,E:\MedicalData\kagglechallenge\Dermnet\train/Psoriasis pictures Lichen Planus and related diseases/psoriasis-scalp-35.jpg
14,E:\MedicalData\kagglechallenge\Dermnet\train/Psoriasis pictures Lichen Planus and related diseases/psoriasis-scalp-36.jpg
14,E:\MedicalData\kagglechallenge\Dermnet\train/Psoriasis pictures Lichen Planus and related diseases/psoriasis-scalp-37.jpg
14,E:\MedicalData\kagglechallenge\Dermnet\train/Psoriasis pictures Lichen Planus and related diseases/psoriasis-scalp-39.jpg
14,E:\MedicalData\kagglechallenge\Dermnet\train/Psoriasis pictures Lichen Planus and related diseases/psoriasis-scalp-40.jpg
14,E:\MedicalData\kagglechallenge\Dermnet\train/Psoriasis pictures Lichen Planus and related diseases/psoriasis-scalp-42.jpg
14,E:\MedicalData\kagglechallenge\Dermnet\train/Psoriasis pictures Lichen Planus and related diseases/psoriasis-scalp-43.jpg
14,E:\MedicalData\kagglechallenge\Dermnet\train/Psoriasis pictures Lichen Planus and related diseases/psoriasis-scalp-47.jpg
14,E:\MedicalData\kagglechallenge\Dermnet\train/Psoriasis pictures Lichen Planus and related diseases/psoriasis-scalp-48.jpg
14,E:\MedicalData\kagglechallenge\Dermnet\train/Psoriasis pictures Lichen Planus and related diseases/psoriasis-scalp-49.jpg
14,E:\MedicalData\kagglechallenge\Dermnet\train/Psoriasis pictures Lichen Planus and related diseases/psoriasis-scalp-5.jpg
14,E:\MedicalData\kagglechallenge\Dermnet\train/Psoriasis pictures Lichen Planus and related diseases/psoriasis-scalp-50.jpg
14,E:\MedicalData\kagglechallenge\Dermnet\train/Psoriasis pictures Lichen Planus and related diseases/psoriasis-scalp-52.jpg
14,E:\MedicalData\kagglechallenge\Dermnet\train/Psoriasis pictures Lichen Planus and related diseases/psoriasis-scalp-53.jpg
14,E:\MedicalData\kagglechallenge\Dermnet\train/Psoriasis pictures Lichen Planus and related diseases/psoriasis-scalp-55.jpg
14,E:\MedicalData\kagglechallenge\Dermnet\train/Psoriasis pictures Lichen Planus and related diseases/psoriasis-scalp-57.jpg
14,E:\MedicalData\kagglechallenge\Dermnet\train/Psoriasis pictures Lichen Planus and related diseases/psoriasis-scalp-59.jpg
14,E:\MedicalData\kagglechallenge\Dermnet\train/Psoriasis pictures Lichen Planus and related diseases/psoriasis-scalp-6.jpg
14,E:\MedicalData\kagglechallenge\Dermnet\train/Psoriasis pictures Lichen Planus and related diseases/psoriasis-scalp-61.jpg
14,E:\MedicalData\kagglechallenge\Dermnet\train/Psoriasis pictures Lichen Planus and related diseases/psoriasis-scalp-62.jpg
14,E:\MedicalData\kagglechallenge\Dermnet\train/Psoriasis pictures Lichen Planus and related diseases/psoriasis-scalp-63.jpg
14,E:\MedicalData\kagglechallenge\Dermnet\train/Psoriasis pictures Lichen Planus and related diseases/psoriasis-scalp-66.jpg
14,E:\MedicalData\kagglechallenge\Dermnet\train/Psoriasis pictures Lichen Planus and related diseases/psoriasis-scalp-67.jpg
14,E:\MedicalData\kagglechallenge\Dermnet\train/Psoriasis pictures Lichen Planus and related diseases/psoriasis-scalp-68.jpg
14,E:\MedicalData\kagglechallenge\Dermnet\train/Psoriasis pictures Lichen Planus and related diseases/psoriasis-scalp-69.jpg
14,E:\MedicalData\kagglechallenge\Dermnet\train/Psoriasis pictures Lichen Planus and related diseases/psoriasis-scalp-7.jpg
14,E:\MedicalData\kagglechallenge\Dermnet\train/Psoriasis pictures Lichen Planus and related diseases/psoriasis-scalp-70.jpg
14,E:\MedicalData\kagglechallenge\Dermnet\train/Psoriasis pictures Lichen Planus and related diseases/psoriasis-scalp-71.jpg
14,E:\MedicalData\kagglechallenge\Dermnet\train/Psoriasis pictures Lichen Planus and related diseases/psoriasis-scalp-72.jpg
14,E:\MedicalData\kagglechallenge\Dermnet\train/Psoriasis pictures Lichen Planus and related diseases/psoriasis-scalp-73.jpg
14,E:\MedicalData\kagglechallenge\Dermnet\train/Psoriasis pictures Lichen Planus and related diseases/psoriasis-scalp-74.jpg
14,E:\MedicalData\kagglechallenge\Dermnet\train/Psoriasis pictures Lichen Planus and related diseases/psoriasis-scalp-75.jpg
14,E:\MedicalData\kagglechallenge\Dermnet\train/Psoriasis pictures Lichen Planus and related diseases/psoriasis-scalp-76.jpg
14,E:\MedicalData\kagglechallenge\Dermnet\train/Psoriasis pictures Lichen Planus and related diseases/psoriasis-scalp-77.jpg
14,E:\MedicalData\kagglechallenge\Dermnet\train/Psoriasis pictures Lichen Planus and related diseases/psoriasis-scalp-78.jpg
14,E:\MedicalData\kagglechallenge\Dermnet\train/Psoriasis pictures Lichen Planus and related diseases/psoriasis-scalp-8.jpg
14,E:\MedicalData\kagglechallenge\Dermnet\train/Psoriasis pictures Lichen Planus and related diseases/psoriasis-scalp-80.jpg
14,E:\MedicalData\kagglechallenge\Dermnet\train/Psoriasis pictures Lichen Planus and related diseases/psoriasis-scalp-81.jpg
14,E:\MedicalData\kagglechallenge\Dermnet\train/Psoriasis pictures Lichen Planus and related diseases/psoriasis-scalp-84.jpg
14,E:\MedicalData\kagglechallenge\Dermnet\train/Psoriasis pictures Lichen Planus and related diseases/psoriasis-scalp-86.jpg
14,E:\MedicalData\kagglechallenge\Dermnet\train/Psoriasis pictures Lichen Planus and related diseases/psoriasis-scalp-87.jpg
14,E:\MedicalData\kagglechallenge\Dermnet\train/Psoriasis pictures Lichen Planus and related diseases/psoriasis-scalp-88.jpg
14,E:\MedicalData\kagglechallenge\Dermnet\train/Psoriasis pictures Lichen Planus and related diseases/psoriasis-scalp-9.jpg
14,E:\MedicalData\kagglechallenge\Dermnet\train/Psoriasis pictures Lichen Planus and related diseases/psoriasis-scalp-90.jpg
14,E:\MedicalData\kagglechallenge\Dermnet\train/Psoriasis pictures Lichen Planus and related diseases/psoriasis-scalp-91.jpg
14,E:\MedicalData\kagglechallenge\Dermnet\train/Psoriasis pictures Lichen Planus and related diseases/psoriasis-scalp-92.jpg
14,E:\MedicalData\kagglechallenge\Dermnet\train/Psoriasis pictures Lichen Planus and related diseases/psoriasis-scalp-93.jpg
14,E:\MedicalData\kagglechallenge\Dermnet\train/Psoriasis pictures Lichen Planus and related diseases/psoriasis-scalp-94.jpg
14,E:\MedicalData\kagglechallenge\Dermnet\train/Psoriasis pictures Lichen Planus and related diseases/psoriasis-scalp-95.jpg
14,E:\MedicalData\kagglechallenge\Dermnet\train/Psoriasis pictures Lichen Planus and related diseases/psoriasis-scalp-96.jpg
14,E:\MedicalData\kagglechallenge\Dermnet\train/Psoriasis pictures Lichen Planus and related diseases/psoriasis-scalp-97.jpg
14,E:\MedicalData\kagglechallenge\Dermnet\train/Psoriasis pictures Lichen Planus and related diseases/psoriasis-scalp-99.jpg
14,E:\MedicalData\kagglechallenge\Dermnet\train/Psoriasis pictures Lichen Planus and related diseases/Psoriasis-sunburn-1.jpg
14,E:\MedicalData\kagglechallenge\Dermnet\train/Psoriasis pictures Lichen Planus and related diseases/Psoriasis-sunburn-2.jpg
14,E:\MedicalData\kagglechallenge\Dermnet\train/Psoriasis pictures Lichen Planus and related diseases/Psoriasis-sunburn-3.jpg
14,E:\MedicalData\kagglechallenge\Dermnet\train/Psoriasis pictures Lichen Planus and related diseases/Psoriasis-sunburn-4.jpg
14,E:\MedicalData\kagglechallenge\Dermnet\train/Psoriasis pictures Lichen Planus and related diseases/Psoriasis-treatment-1.jpg
14,E:\MedicalData\kagglechallenge\Dermnet\train/Psoriasis pictures Lichen Planus and related diseases/Psoriasis-treatment-10.jpg
14,E:\MedicalData\kagglechallenge\Dermnet\train/Psoriasis pictures Lichen Planus and related diseases/Psoriasis-treatment-2.jpg
14,E:\MedicalData\kagglechallenge\Dermnet\train/Psoriasis pictures Lichen Planus and related diseases/Psoriasis-treatment-3.jpg
14,E:\MedicalData\kagglechallenge\Dermnet\train/Psoriasis pictures Lichen Planus and related diseases/Psoriasis-treatment-4.jpg
14,E:\MedicalData\kagglechallenge\Dermnet\train/Psoriasis pictures Lichen Planus and related diseases/Psoriasis-treatment-5.jpg
14,E:\MedicalData\kagglechallenge\Dermnet\train/Psoriasis pictures Lichen Planus and related diseases/Psoriasis-treatment-6.jpg
14,E:\MedicalData\kagglechallenge\Dermnet\train/Psoriasis pictures Lichen Planus and related diseases/Psoriasis-treatment-8.jpg
14,E:\MedicalData\kagglechallenge\Dermnet\train/Psoriasis pictures Lichen Planus and related diseases/Psoriasis-treatment-9.jpg
14,E:\MedicalData\kagglechallenge\Dermnet\train/Psoriasis pictures Lichen Planus and related diseases/Psoriasis-Trunk-052504.jpg
14,E:\MedicalData\kagglechallenge\Dermnet\train/Psoriasis pictures Lichen Planus and related diseases/Psoriasis-vulva-1.jpg
14,E:\MedicalData\kagglechallenge\Dermnet\train/Psoriasis pictures Lichen Planus and related diseases/Psoriasis-vulva-2.jpg
14,E:\MedicalData\kagglechallenge\Dermnet\train/Psoriasis pictures Lichen Planus and related diseases/reiter-syndrome-1.jpg
14,E:\MedicalData\kagglechallenge\Dermnet\train/Psoriasis pictures Lichen Planus and related diseases/reiter-syndrome-12.jpg
14,E:\MedicalData\kagglechallenge\Dermnet\train/Psoriasis pictures Lichen Planus and related diseases/reiter-syndrome-13.jpg
14,E:\MedicalData\kagglechallenge\Dermnet\train/Psoriasis pictures Lichen Planus and related diseases/reiter-syndrome-14.jpg
14,E:\MedicalData\kagglechallenge\Dermnet\train/Psoriasis pictures Lichen Planus and related diseases/reiter-syndrome-15.jpg
14,E:\MedicalData\kagglechallenge\Dermnet\train/Psoriasis pictures Lichen Planus and related diseases/reiter-syndrome-16.jpg
14,E:\MedicalData\kagglechallenge\Dermnet\train/Psoriasis pictures Lichen Planus and related diseases/reiter-syndrome-18.jpg
14,E:\MedicalData\kagglechallenge\Dermnet\train/Psoriasis pictures Lichen Planus and related diseases/reiter-syndrome-20.jpg
14,E:\MedicalData\kagglechallenge\Dermnet\train/Psoriasis pictures Lichen Planus and related diseases/reiter-syndrome-21.jpg
14,E:\MedicalData\kagglechallenge\Dermnet\train/Psoriasis pictures Lichen Planus and related diseases/reiter-syndrome-4.jpg
14,E:\MedicalData\kagglechallenge\Dermnet\train/Psoriasis pictures Lichen Planus and related diseases/reiter-syndrome-6.jpg
14,E:\MedicalData\kagglechallenge\Dermnet\train/Psoriasis pictures Lichen Planus and related diseases/reiter-syndrome-7.jpg
14,E:\MedicalData\kagglechallenge\Dermnet\train/Psoriasis pictures Lichen Planus and related diseases/reiter-syndrome-9.jpg
14,E:\MedicalData\kagglechallenge\Dermnet\train/Psoriasis pictures Lichen Planus and related diseases/seborrheic-dermatitis-10.jpg
14,E:\MedicalData\kagglechallenge\Dermnet\train/Psoriasis pictures Lichen Planus and related diseases/seborrheic-dermatitis-101.jpg
14,E:\MedicalData\kagglechallenge\Dermnet\train/Psoriasis pictures Lichen Planus and related diseases/seborrheic-dermatitis-103.jpg
14,E:\MedicalData\kagglechallenge\Dermnet\train/Psoriasis pictures Lichen Planus and related diseases/seborrheic-dermatitis-104.jpg
14,E:\MedicalData\kagglechallenge\Dermnet\train/Psoriasis pictures Lichen Planus and related diseases/seborrheic-dermatitis-109.jpg
14,E:\MedicalData\kagglechallenge\Dermnet\train/Psoriasis pictures Lichen Planus and related diseases/seborrheic-dermatitis-111.jpg
14,E:\MedicalData\kagglechallenge\Dermnet\train/Psoriasis pictures Lichen Planus and related diseases/seborrheic-dermatitis-112.jpg
14,E:\MedicalData\kagglechallenge\Dermnet\train/Psoriasis pictures Lichen Planus and related diseases/seborrheic-dermatitis-114.jpg
14,E:\MedicalData\kagglechallenge\Dermnet\train/Psoriasis pictures Lichen Planus and related diseases/seborrheic-dermatitis-115.jpg
14,E:\MedicalData\kagglechallenge\Dermnet\train/Psoriasis pictures Lichen Planus and related diseases/seborrheic-dermatitis-116.jpg
14,E:\MedicalData\kagglechallenge\Dermnet\train/Psoriasis pictures Lichen Planus and related diseases/seborrheic-dermatitis-118.jpg
14,E:\MedicalData\kagglechallenge\Dermnet\train/Psoriasis pictures Lichen Planus and related diseases/seborrheic-dermatitis-119.jpg
14,E:\MedicalData\kagglechallenge\Dermnet\train/Psoriasis pictures Lichen Planus and related diseases/seborrheic-dermatitis-120.jpg
14,E:\MedicalData\kagglechallenge\Dermnet\train/Psoriasis pictures Lichen Planus and related diseases/seborrheic-dermatitis-121.jpg
14,E:\MedicalData\kagglechallenge\Dermnet\train/Psoriasis pictures Lichen Planus and related diseases/seborrheic-dermatitis-123.jpg
14,E:\MedicalData\kagglechallenge\Dermnet\train/Psoriasis pictures Lichen Planus and related diseases/seborrheic-dermatitis-124.jpg
14,E:\MedicalData\kagglechallenge\Dermnet\train/Psoriasis pictures Lichen Planus and related diseases/seborrheic-dermatitis-125.jpg
14,E:\MedicalData\kagglechallenge\Dermnet\train/Psoriasis pictures Lichen Planus and related diseases/seborrheic-dermatitis-127.jpg
14,E:\MedicalData\kagglechallenge\Dermnet\train/Psoriasis pictures Lichen Planus and related diseases/seborrheic-dermatitis-128.jpg
14,E:\MedicalData\kagglechallenge\Dermnet\train/Psoriasis pictures Lichen Planus and related diseases/seborrheic-dermatitis-13.jpg
14,E:\MedicalData\kagglechallenge\Dermnet\train/Psoriasis pictures Lichen Planus and related diseases/seborrheic-dermatitis-130.jpg
14,E:\MedicalData\kagglechallenge\Dermnet\train/Psoriasis pictures Lichen Planus and related diseases/seborrheic-dermatitis-131.jpg
14,E:\MedicalData\kagglechallenge\Dermnet\train/Psoriasis pictures Lichen Planus and related diseases/seborrheic-dermatitis-133.jpg
14,E:\MedicalData\kagglechallenge\Dermnet\train/Psoriasis pictures Lichen Planus and related diseases/seborrheic-dermatitis-134.jpg
14,E:\MedicalData\kagglechallenge\Dermnet\train/Psoriasis pictures Lichen Planus and related diseases/seborrheic-dermatitis-136.jpg
14,E:\MedicalData\kagglechallenge\Dermnet\train/Psoriasis pictures Lichen Planus and related diseases/seborrheic-dermatitis-138.jpg
14,E:\MedicalData\kagglechallenge\Dermnet\train/Psoriasis pictures Lichen Planus and related diseases/seborrheic-dermatitis-139.jpg
14,E:\MedicalData\kagglechallenge\Dermnet\train/Psoriasis pictures Lichen Planus and related diseases/seborrheic-dermatitis-14.jpg
14,E:\MedicalData\kagglechallenge\Dermnet\train/Psoriasis pictures Lichen Planus and related diseases/seborrheic-dermatitis-140.jpg
14,E:\MedicalData\kagglechallenge\Dermnet\train/Psoriasis pictures Lichen Planus and related diseases/seborrheic-dermatitis-141.jpg
14,E:\MedicalData\kagglechallenge\Dermnet\train/Psoriasis pictures Lichen Planus and related diseases/seborrheic-dermatitis-142.jpg
14,E:\MedicalData\kagglechallenge\Dermnet\train/Psoriasis pictures Lichen Planus and related diseases/seborrheic-dermatitis-143.jpg
14,E:\MedicalData\kagglechallenge\Dermnet\train/Psoriasis pictures Lichen Planus and related diseases/seborrheic-dermatitis-144.jpg
14,E:\MedicalData\kagglechallenge\Dermnet\train/Psoriasis pictures Lichen Planus and related diseases/seborrheic-dermatitis-145.jpg
14,E:\MedicalData\kagglechallenge\Dermnet\train/Psoriasis pictures Lichen Planus and related diseases/seborrheic-dermatitis-147.jpg
14,E:\MedicalData\kagglechallenge\Dermnet\train/Psoriasis pictures Lichen Planus and related diseases/seborrheic-dermatitis-148.jpg
14,E:\MedicalData\kagglechallenge\Dermnet\train/Psoriasis pictures Lichen Planus and related diseases/seborrheic-dermatitis-149.jpg
14,E:\MedicalData\kagglechallenge\Dermnet\train/Psoriasis pictures Lichen Planus and related diseases/seborrheic-dermatitis-151.jpg
14,E:\MedicalData\kagglechallenge\Dermnet\train/Psoriasis pictures Lichen Planus and related diseases/seborrheic-dermatitis-152.jpg
14,E:\MedicalData\kagglechallenge\Dermnet\train/Psoriasis pictures Lichen Planus and related diseases/seborrheic-dermatitis-153.jpg
14,E:\MedicalData\kagglechallenge\Dermnet\train/Psoriasis pictures Lichen Planus and related diseases/seborrheic-dermatitis-154.jpg
14,E:\MedicalData\kagglechallenge\Dermnet\train/Psoriasis pictures Lichen Planus and related diseases/seborrheic-dermatitis-155.jpg
14,E:\MedicalData\kagglechallenge\Dermnet\train/Psoriasis pictures Lichen Planus and related diseases/seborrheic-dermatitis-76.jpg
14,E:\MedicalData\kagglechallenge\Dermnet\train/Psoriasis pictures Lichen Planus and related diseases/seborrheic-dermatitis-77.jpg
14,E:\MedicalData\kagglechallenge\Dermnet\train/Psoriasis pictures Lichen Planus and related diseases/seborrheic-dermatitis-79.jpg
14,E:\MedicalData\kagglechallenge\Dermnet\train/Psoriasis pictures Lichen Planus and related diseases/seborrheic-dermatitis-8.jpg
14,E:\MedicalData\kagglechallenge\Dermnet\train/Psoriasis pictures Lichen Planus and related diseases/seborrheic-dermatitis-80.jpg
14,E:\MedicalData\kagglechallenge\Dermnet\train/Psoriasis pictures Lichen Planus and related diseases/seborrheic-dermatitis-81.jpg
14,E:\MedicalData\kagglechallenge\Dermnet\train/Psoriasis pictures Lichen Planus and related diseases/seborrheic-dermatitis-83.jpg
14,E:\MedicalData\kagglechallenge\Dermnet\train/Psoriasis pictures Lichen Planus and related diseases/seborrheic-dermatitis-85.jpg
14,E:\MedicalData\kagglechallenge\Dermnet\train/Psoriasis pictures Lichen Planus and related diseases/seborrheic-dermatitis-86.jpg
14,E:\MedicalData\kagglechallenge\Dermnet\train/Psoriasis pictures Lichen Planus and related diseases/seborrheic-dermatitis-88.jpg
14,E:\MedicalData\kagglechallenge\Dermnet\train/Psoriasis pictures Lichen Planus and related diseases/seborrheic-dermatitis-92.jpg
14,E:\MedicalData\kagglechallenge\Dermnet\train/Psoriasis pictures Lichen Planus and related diseases/seborrheic-dermatitis-93.jpg
14,E:\MedicalData\kagglechallenge\Dermnet\train/Psoriasis pictures Lichen Planus and related diseases/seborrheic-dermatitis-95.jpg
14,E:\MedicalData\kagglechallenge\Dermnet\train/Psoriasis pictures Lichen Planus and related diseases/seborrheic-dermatitis-96.jpg
14,E:\MedicalData\kagglechallenge\Dermnet\train/Psoriasis pictures Lichen Planus and related diseases/seborrheic-dermatitis-98.jpg
14,E:\MedicalData\kagglechallenge\Dermnet\train/Psoriasis pictures Lichen Planus and related diseases/seborrheic-dermatitis-99.jpg
15,E:\MedicalData\kagglechallenge\Dermnet\train/Scabies Lyme Disease and other Infestations and Bites/15JellyFish.jpg
15,E:\MedicalData\kagglechallenge\Dermnet\train/Scabies Lyme Disease and other Infestations and Bites/15SeaBathersEruption.jpg
15,E:\MedicalData\kagglechallenge\Dermnet\train/Scabies Lyme Disease and other Infestations and Bites/acrodermatitis-chronica-atrophicans-1.jpg
15,E:\MedicalData\kagglechallenge\Dermnet\train/Scabies Lyme Disease and other Infestations and Bites/acrodermatitis-chronica-atrophicans-2.jpg
15,E:\MedicalData\kagglechallenge\Dermnet\train/Scabies Lyme Disease and other Infestations and Bites/ants-2.jpg
15,E:\MedicalData\kagglechallenge\Dermnet\train/Scabies Lyme Disease and other Infestations and Bites/ants-8.jpg
15,E:\MedicalData\kagglechallenge\Dermnet\train/Scabies Lyme Disease and other Infestations and Bites/BitesInsectIMG006-GP3.jpg
15,E:\MedicalData\kagglechallenge\Dermnet\train/Scabies Lyme Disease and other Infestations and Bites/biting-insects-11.jpg
15,E:\MedicalData\kagglechallenge\Dermnet\train/Scabies Lyme Disease and other Infestations and Bites/biting-insects-12.jpg
15,E:\MedicalData\kagglechallenge\Dermnet\train/Scabies Lyme Disease and other Infestations and Bites/biting-insects-13.jpg
15,E:\MedicalData\kagglechallenge\Dermnet\train/Scabies Lyme Disease and other Infestations and Bites/biting-insects-14.jpg
15,E:\MedicalData\kagglechallenge\Dermnet\train/Scabies Lyme Disease and other Infestations and Bites/biting-insects-15.jpg
15,E:\MedicalData\kagglechallenge\Dermnet\train/Scabies Lyme Disease and other Infestations and Bites/biting-insects-16.jpg
15,E:\MedicalData\kagglechallenge\Dermnet\train/Scabies Lyme Disease and other Infestations and Bites/biting-insects-17.jpg
15,E:\MedicalData\kagglechallenge\Dermnet\train/Scabies Lyme Disease and other Infestations and Bites/biting-insects-18.jpg
15,E:\MedicalData\kagglechallenge\Dermnet\train/Scabies Lyme Disease and other Infestations and Bites/biting-insects-20.jpg
15,E:\MedicalData\kagglechallenge\Dermnet\train/Scabies Lyme Disease and other Infestations and Bites/biting-insects-21.jpg
15,E:\MedicalData\kagglechallenge\Dermnet\train/Scabies Lyme Disease and other Infestations and Bites/biting-insects-23.jpg
15,E:\MedicalData\kagglechallenge\Dermnet\train/Scabies Lyme Disease and other Infestations and Bites/biting-insects-24.jpg
15,E:\MedicalData\kagglechallenge\Dermnet\train/Scabies Lyme Disease and other Infestations and Bites/biting-insects-28.jpg
15,E:\MedicalData\kagglechallenge\Dermnet\train/Scabies Lyme Disease and other Infestations and Bites/biting-insects-29.jpg
15,E:\MedicalData\kagglechallenge\Dermnet\train/Scabies Lyme Disease and other Infestations and Bites/biting-insects-31.jpg
15,E:\MedicalData\kagglechallenge\Dermnet\train/Scabies Lyme Disease and other Infestations and Bites/biting-insects-32.jpg
15,E:\MedicalData\kagglechallenge\Dermnet\train/Scabies Lyme Disease and other Infestations and Bites/biting-insects-36.jpg
15,E:\MedicalData\kagglechallenge\Dermnet\train/Scabies Lyme Disease and other Infestations and Bites/biting-insects-37.jpg
15,E:\MedicalData\kagglechallenge\Dermnet\train/Scabies Lyme Disease and other Infestations and Bites/biting-insects-38.jpg
15,E:\MedicalData\kagglechallenge\Dermnet\train/Scabies Lyme Disease and other Infestations and Bites/biting-insects-39.jpg
15,E:\MedicalData\kagglechallenge\Dermnet\train/Scabies Lyme Disease and other Infestations and Bites/biting-insects-4.jpg
15,E:\MedicalData\kagglechallenge\Dermnet\train/Scabies Lyme Disease and other Infestations and Bites/biting-insects-40.jpg
15,E:\MedicalData\kagglechallenge\Dermnet\train/Scabies Lyme Disease and other Infestations and Bites/biting-insects-41.jpg
15,E:\MedicalData\kagglechallenge\Dermnet\train/Scabies Lyme Disease and other Infestations and Bites/biting-insects-42.jpg
15,E:\MedicalData\kagglechallenge\Dermnet\train/Scabies Lyme Disease and other Infestations and Bites/biting-insects-43.jpg
15,E:\MedicalData\kagglechallenge\Dermnet\train/Scabies Lyme Disease and other Infestations and Bites/biting-insects-44.jpg
15,E:\MedicalData\kagglechallenge\Dermnet\train/Scabies Lyme Disease and other Infestations and Bites/biting-insects-45.jpg
15,E:\MedicalData\kagglechallenge\Dermnet\train/Scabies Lyme Disease and other Infestations and Bites/biting-insects-46.jpg
15,E:\MedicalData\kagglechallenge\Dermnet\train/Scabies Lyme Disease and other Infestations and Bites/biting-insects-47.jpg
15,E:\MedicalData\kagglechallenge\Dermnet\train/Scabies Lyme Disease and other Infestations and Bites/biting-insects-49.jpg
15,E:\MedicalData\kagglechallenge\Dermnet\train/Scabies Lyme Disease and other Infestations and Bites/biting-insects-50.jpg
15,E:\MedicalData\kagglechallenge\Dermnet\train/Scabies Lyme Disease and other Infestations and Bites/biting-insects-55.jpg
15,E:\MedicalData\kagglechallenge\Dermnet\train/Scabies Lyme Disease and other Infestations and Bites/biting-insects-58.jpg
15,E:\MedicalData\kagglechallenge\Dermnet\train/Scabies Lyme Disease and other Infestations and Bites/biting-insects-60.jpg
15,E:\MedicalData\kagglechallenge\Dermnet\train/Scabies Lyme Disease and other Infestations and Bites/biting-insects-62.jpg
15,E:\MedicalData\kagglechallenge\Dermnet\train/Scabies Lyme Disease and other Infestations and Bites/biting-insects-64.jpg
15,E:\MedicalData\kagglechallenge\Dermnet\train/Scabies Lyme Disease and other Infestations and Bites/biting-insects-9.jpg
15,E:\MedicalData\kagglechallenge\Dermnet\train/Scabies Lyme Disease and other Infestations and Bites/Box6MiscIMG085-GP3.jpg
15,E:\MedicalData\kagglechallenge\Dermnet\train/Scabies Lyme Disease and other Infestations and Bites/Box6MiscIMG087-GP3.jpg
15,E:\MedicalData\kagglechallenge\Dermnet\train/Scabies Lyme Disease and other Infestations and Bites/cactus-granuloma-1.jpg
15,E:\MedicalData\kagglechallenge\Dermnet\train/Scabies Lyme Disease and other Infestations and Bites/cat-bite-1.jpg
15,E:\MedicalData\kagglechallenge\Dermnet\train/Scabies Lyme Disease and other Infestations and Bites/cat-bite-3.jpg
15,E:\MedicalData\kagglechallenge\Dermnet\train/Scabies Lyme Disease and other Infestations and Bites/cat-scratch-disease-1.jpg
15,E:\MedicalData\kagglechallenge\Dermnet\train/Scabies Lyme Disease and other Infestations and Bites/cat-scratch-disease-2.jpg
15,E:\MedicalData\kagglechallenge\Dermnet\train/Scabies Lyme Disease and other Infestations and Bites/cat-scratch-disease-3.jpg
15,E:\MedicalData\kagglechallenge\Dermnet\train/Scabies Lyme Disease and other Infestations and Bites/cat-scratch-disease-4.jpg
15,E:\MedicalData\kagglechallenge\Dermnet\train/Scabies Lyme Disease and other Infestations and Bites/cat-scratch-disease-5.jpg
15,E:\MedicalData\kagglechallenge\Dermnet\train/Scabies Lyme Disease and other Infestations and Bites/cat-scratch-disease-6.jpg
15,E:\MedicalData\kagglechallenge\Dermnet\train/Scabies Lyme Disease and other Infestations and Bites/cat-scratch-disease-7.jpg
15,E:\MedicalData\kagglechallenge\Dermnet\train/Scabies Lyme Disease and other Infestations and Bites/caterpillar-dermatitis-10.jpg
15,E:\MedicalData\kagglechallenge\Dermnet\train/Scabies Lyme Disease and other Infestations and Bites/caterpillar-dermatitis-6.jpg
15,E:\MedicalData\kagglechallenge\Dermnet\train/Scabies Lyme Disease and other Infestations and Bites/caterpillar-dermatitis-7.jpg
15,E:\MedicalData\kagglechallenge\Dermnet\train/Scabies Lyme Disease and other Infestations and Bites/caterpillar-dermatitis-8.jpg
15,E:\MedicalData\kagglechallenge\Dermnet\train/Scabies Lyme Disease and other Infestations and Bites/caterpillar-dermatitis-9.jpg
15,E:\MedicalData\kagglechallenge\Dermnet\train/Scabies Lyme Disease and other Infestations and Bites/chigger-bites-bullous-2.jpg
15,E:\MedicalData\kagglechallenge\Dermnet\train/Scabies Lyme Disease and other Infestations and Bites/chigger-bites-bullous.jpg
15,E:\MedicalData\kagglechallenge\Dermnet\train/Scabies Lyme Disease and other Infestations and Bites/cutaneous-Larva-Migrans-1.jpg
15,E:\MedicalData\kagglechallenge\Dermnet\train/Scabies Lyme Disease and other Infestations and Bites/cutaneous-Larva-Migrans-10.jpg
15,E:\MedicalData\kagglechallenge\Dermnet\train/Scabies Lyme Disease and other Infestations and Bites/cutaneous-Larva-Migrans-11.jpg
15,E:\MedicalData\kagglechallenge\Dermnet\train/Scabies Lyme Disease and other Infestations and Bites/cutaneous-Larva-Migrans-14.jpg
15,E:\MedicalData\kagglechallenge\Dermnet\train/Scabies Lyme Disease and other Infestations and Bites/cutaneous-Larva-Migrans-15.jpg
15,E:\MedicalData\kagglechallenge\Dermnet\train/Scabies Lyme Disease and other Infestations and Bites/cutaneous-Larva-Migrans-17.jpg
15,E:\MedicalData\kagglechallenge\Dermnet\train/Scabies Lyme Disease and other Infestations and Bites/cutaneous-Larva-Migrans-18.jpg
15,E:\MedicalData\kagglechallenge\Dermnet\train/Scabies Lyme Disease and other Infestations and Bites/cutaneous-Larva-Migrans-2.jpg
15,E:\MedicalData\kagglechallenge\Dermnet\train/Scabies Lyme Disease and other Infestations and Bites/cutaneous-Larva-Migrans-20.jpg
15,E:\MedicalData\kagglechallenge\Dermnet\train/Scabies Lyme Disease and other Infestations and Bites/cutaneous-Larva-Migrans-21.jpg
15,E:\MedicalData\kagglechallenge\Dermnet\train/Scabies Lyme Disease and other Infestations and Bites/cutaneous-Larva-Migrans-22.jpg
15,E:\MedicalData\kagglechallenge\Dermnet\train/Scabies Lyme Disease and other Infestations and Bites/cutaneous-Larva-Migrans-24.jpg
15,E:\MedicalData\kagglechallenge\Dermnet\train/Scabies Lyme Disease and other Infestations and Bites/cutaneous-Larva-Migrans-25.jpg
15,E:\MedicalData\kagglechallenge\Dermnet\train/Scabies Lyme Disease and other Infestations and Bites/cutaneous-Larva-Migrans-26.jpg
15,E:\MedicalData\kagglechallenge\Dermnet\train/Scabies Lyme Disease and other Infestations and Bites/cutaneous-Larva-Migrans-32.jpg
15,E:\MedicalData\kagglechallenge\Dermnet\train/Scabies Lyme Disease and other Infestations and Bites/cutaneous-Larva-Migrans-33.jpg
15,E:\MedicalData\kagglechallenge\Dermnet\train/Scabies Lyme Disease and other Infestations and Bites/cutaneous-Larva-Migrans-35.jpg
15,E:\MedicalData\kagglechallenge\Dermnet\train/Scabies Lyme Disease and other Infestations and Bites/cutaneous-Larva-Migrans-36.jpg
15,E:\MedicalData\kagglechallenge\Dermnet\train/Scabies Lyme Disease and other Infestations and Bites/cutaneous-Larva-Migrans-37.jpg
15,E:\MedicalData\kagglechallenge\Dermnet\train/Scabies Lyme Disease and other Infestations and Bites/cutaneous-Larva-Migrans-4.jpg
15,E:\MedicalData\kagglechallenge\Dermnet\train/Scabies Lyme Disease and other Infestations and Bites/cutaneous-Larva-Migrans-40.jpg
15,E:\MedicalData\kagglechallenge\Dermnet\train/Scabies Lyme Disease and other Infestations and Bites/cutaneous-Larva-Migrans-41.jpg
15,E:\MedicalData\kagglechallenge\Dermnet\train/Scabies Lyme Disease and other Infestations and Bites/cutaneous-Larva-Migrans-42.jpg
15,E:\MedicalData\kagglechallenge\Dermnet\train/Scabies Lyme Disease and other Infestations and Bites/cutaneous-Larva-Migrans-43.jpg
15,E:\MedicalData\kagglechallenge\Dermnet\train/Scabies Lyme Disease and other Infestations and Bites/cutaneous-Larva-Migrans-44.jpg
15,E:\MedicalData\kagglechallenge\Dermnet\train/Scabies Lyme Disease and other Infestations and Bites/cutaneous-Larva-Migrans-46.jpg
15,E:\MedicalData\kagglechallenge\Dermnet\train/Scabies Lyme Disease and other Infestations and Bites/cutaneous-Larva-Migrans-47.jpg
15,E:\MedicalData\kagglechallenge\Dermnet\train/Scabies Lyme Disease and other Infestations and Bites/cutaneous-Larva-Migrans-48.jpg
15,E:\MedicalData\kagglechallenge\Dermnet\train/Scabies Lyme Disease and other Infestations and Bites/cutaneous-Larva-Migrans-49.jpg
15,E:\MedicalData\kagglechallenge\Dermnet\train/Scabies Lyme Disease and other Infestations and Bites/cutaneous-Larva-Migrans-50.jpg
15,E:\MedicalData\kagglechallenge\Dermnet\train/Scabies Lyme Disease and other Infestations and Bites/cutaneous-Larva-Migrans-51.jpg
15,E:\MedicalData\kagglechallenge\Dermnet\train/Scabies Lyme Disease and other Infestations and Bites/cutaneous-Larva-Migrans-6.jpg
15,E:\MedicalData\kagglechallenge\Dermnet\train/Scabies Lyme Disease and other Infestations and Bites/cutaneous-Larva-Migrans-8.jpg
15,E:\MedicalData\kagglechallenge\Dermnet\train/Scabies Lyme Disease and other Infestations and Bites/cutaneous-Larva-Migrans-9.jpg
15,E:\MedicalData\kagglechallenge\Dermnet\train/Scabies Lyme Disease and other Infestations and Bites/dermatitis-swimming-10.jpg
15,E:\MedicalData\kagglechallenge\Dermnet\train/Scabies Lyme Disease and other Infestations and Bites/dermatitis-swimming-17.jpg
15,E:\MedicalData\kagglechallenge\Dermnet\train/Scabies Lyme Disease and other Infestations and Bites/dermatitis-swimming-5.jpg
15,E:\MedicalData\kagglechallenge\Dermnet\train/Scabies Lyme Disease and other Infestations and Bites/duck-itch-10.jpg
15,E:\MedicalData\kagglechallenge\Dermnet\train/Scabies Lyme Disease and other Infestations and Bites/duck-itch-11.jpg
15,E:\MedicalData\kagglechallenge\Dermnet\train/Scabies Lyme Disease and other Infestations and Bites/duck-itch-12.jpg
15,E:\MedicalData\kagglechallenge\Dermnet\train/Scabies Lyme Disease and other Infestations and Bites/duck-itch-3.jpg
15,E:\MedicalData\kagglechallenge\Dermnet\train/Scabies Lyme Disease and other Infestations and Bites/duck-itch-4.jpg
15,E:\MedicalData\kagglechallenge\Dermnet\train/Scabies Lyme Disease and other Infestations and Bites/duck-itch-5.jpg
15,E:\MedicalData\kagglechallenge\Dermnet\train/Scabies Lyme Disease and other Infestations and Bites/duck-itch-6.jpg
15,E:\MedicalData\kagglechallenge\Dermnet\train/Scabies Lyme Disease and other Infestations and Bites/duck-itch-8.jpg
15,E:\MedicalData\kagglechallenge\Dermnet\train/Scabies Lyme Disease and other Infestations and Bites/duck-itch-9.jpg
15,E:\MedicalData\kagglechallenge\Dermnet\train/Scabies Lyme Disease and other Infestations and Bites/fire-ants-112.jpg
15,E:\MedicalData\kagglechallenge\Dermnet\train/Scabies Lyme Disease and other Infestations and Bites/fire-ants-113.jpg
15,E:\MedicalData\kagglechallenge\Dermnet\train/Scabies Lyme Disease and other Infestations and Bites/fire-ants-116.jpg
15,E:\MedicalData\kagglechallenge\Dermnet\train/Scabies Lyme Disease and other Infestations and Bites/fire-ants-117.jpg
15,E:\MedicalData\kagglechallenge\Dermnet\train/Scabies Lyme Disease and other Infestations and Bites/fire-ants-118.jpg
15,E:\MedicalData\kagglechallenge\Dermnet\train/Scabies Lyme Disease and other Infestations and Bites/flea-bites-12.jpg
15,E:\MedicalData\kagglechallenge\Dermnet\train/Scabies Lyme Disease and other Infestations and Bites/flea-bites-13.jpg
15,E:\MedicalData\kagglechallenge\Dermnet\train/Scabies Lyme Disease and other Infestations and Bites/flea-bites-15.jpg
15,E:\MedicalData\kagglechallenge\Dermnet\train/Scabies Lyme Disease and other Infestations and Bites/flea-bites-16.jpg
15,E:\MedicalData\kagglechallenge\Dermnet\train/Scabies Lyme Disease and other Infestations and Bites/flea-bites-2.jpg
15,E:\MedicalData\kagglechallenge\Dermnet\train/Scabies Lyme Disease and other Infestations and Bites/flea-bites-3.jpg
15,E:\MedicalData\kagglechallenge\Dermnet\train/Scabies Lyme Disease and other Infestations and Bites/flea-bites-4.jpg
15,E:\MedicalData\kagglechallenge\Dermnet\train/Scabies Lyme Disease and other Infestations and Bites/flea-bites-5.jpg
15,E:\MedicalData\kagglechallenge\Dermnet\train/Scabies Lyme Disease and other Infestations and Bites/flea-bites-7.jpg
15,E:\MedicalData\kagglechallenge\Dermnet\train/Scabies Lyme Disease and other Infestations and Bites/flea-bites-8.jpg
15,E:\MedicalData\kagglechallenge\Dermnet\train/Scabies Lyme Disease and other Infestations and Bites/flea-bites-9.jpg
15,E:\MedicalData\kagglechallenge\Dermnet\train/Scabies Lyme Disease and other Infestations and Bites/head-lice-1.jpg
15,E:\MedicalData\kagglechallenge\Dermnet\train/Scabies Lyme Disease and other Infestations and Bites/head-lice-2.jpg
15,E:\MedicalData\kagglechallenge\Dermnet\train/Scabies Lyme Disease and other Infestations and Bites/head-lice-3.jpg
15,E:\MedicalData\kagglechallenge\Dermnet\train/Scabies Lyme Disease and other Infestations and Bites/head-lice-4.jpg
15,E:\MedicalData\kagglechallenge\Dermnet\train/Scabies Lyme Disease and other Infestations and Bites/head-lice-5.jpg
15,E:\MedicalData\kagglechallenge\Dermnet\train/Scabies Lyme Disease and other Infestations and Bites/head-lice-6.jpg
15,E:\MedicalData\kagglechallenge\Dermnet\train/Scabies Lyme Disease and other Infestations and Bites/jelly-fish-sting2.jpg
15,E:\MedicalData\kagglechallenge\Dermnet\train/Scabies Lyme Disease and other Infestations and Bites/jelly-fish-sting5.jpg
15,E:\MedicalData\kagglechallenge\Dermnet\train/Scabies Lyme Disease and other Infestations and Bites/jelly-fish-sting6.jpg
15,E:\MedicalData\kagglechallenge\Dermnet\train/Scabies Lyme Disease and other Infestations and Bites/leishmaniasis-1.jpg
15,E:\MedicalData\kagglechallenge\Dermnet\train/Scabies Lyme Disease and other Infestations and Bites/leishmaniasis-2.jpg
15,E:\MedicalData\kagglechallenge\Dermnet\train/Scabies Lyme Disease and other Infestations and Bites/leishmaniasis-3.jpg
15,E:\MedicalData\kagglechallenge\Dermnet\train/Scabies Lyme Disease and other Infestations and Bites/leishmaniasis-4.jpg
15,E:\MedicalData\kagglechallenge\Dermnet\train/Scabies Lyme Disease and other Infestations and Bites/leishmaniasis-6.jpg
15,E:\MedicalData\kagglechallenge\Dermnet\train/Scabies Lyme Disease and other Infestations and Bites/leishmaniasis-7.jpg
15,E:\MedicalData\kagglechallenge\Dermnet\train/Scabies Lyme Disease and other Infestations and Bites/lyme-disease-1.jpg
15,E:\MedicalData\kagglechallenge\Dermnet\train/Scabies Lyme Disease and other Infestations and Bites/lyme-disease-10.jpg
15,E:\MedicalData\kagglechallenge\Dermnet\train/Scabies Lyme Disease and other Infestations and Bites/lyme-disease-11.jpg
15,E:\MedicalData\kagglechallenge\Dermnet\train/Scabies Lyme Disease and other Infestations and Bites/lyme-disease-14.jpg
15,E:\MedicalData\kagglechallenge\Dermnet\train/Scabies Lyme Disease and other Infestations and Bites/lyme-disease-15.jpg
15,E:\MedicalData\kagglechallenge\Dermnet\train/Scabies Lyme Disease and other Infestations and Bites/lyme-disease-16.jpg
15,E:\MedicalData\kagglechallenge\Dermnet\train/Scabies Lyme Disease and other Infestations and Bites/lyme-disease-17.jpg
15,E:\MedicalData\kagglechallenge\Dermnet\train/Scabies Lyme Disease and other Infestations and Bites/lyme-disease-19.jpg
15,E:\MedicalData\kagglechallenge\Dermnet\train/Scabies Lyme Disease and other Infestations and Bites/lyme-disease-2.jpg
15,E:\MedicalData\kagglechallenge\Dermnet\train/Scabies Lyme Disease and other Infestations and Bites/lyme-disease-21.jpg
15,E:\MedicalData\kagglechallenge\Dermnet\train/Scabies Lyme Disease and other Infestations and Bites/lyme-disease-23.jpg
15,E:\MedicalData\kagglechallenge\Dermnet\train/Scabies Lyme Disease and other Infestations and Bites/lyme-disease-25.jpg
15,E:\MedicalData\kagglechallenge\Dermnet\train/Scabies Lyme Disease and other Infestations and Bites/lyme-disease-3.jpg
15,E:\MedicalData\kagglechallenge\Dermnet\train/Scabies Lyme Disease and other Infestations and Bites/lyme-disease-4.jpg
15,E:\MedicalData\kagglechallenge\Dermnet\train/Scabies Lyme Disease and other Infestations and Bites/lyme-disease-8.jpg
15,E:\MedicalData\kagglechallenge\Dermnet\train/Scabies Lyme Disease and other Infestations and Bites/lyme-disease-9.jpg
15,E:\MedicalData\kagglechallenge\Dermnet\train/Scabies Lyme Disease and other Infestations and Bites/maculae-cerulea-2.jpg
15,E:\MedicalData\kagglechallenge\Dermnet\train/Scabies Lyme Disease and other Infestations and Bites/maculae-cerulea-4.jpg
15,E:\MedicalData\kagglechallenge\Dermnet\train/Scabies Lyme Disease and other Infestations and Bites/maculae-cerulea-5.jpg
15,E:\MedicalData\kagglechallenge\Dermnet\train/Scabies Lyme Disease and other Infestations and Bites/myiasis-11.jpg
15,E:\MedicalData\kagglechallenge\Dermnet\train/Scabies Lyme Disease and other Infestations and Bites/myiasis-12.jpg
15,E:\MedicalData\kagglechallenge\Dermnet\train/Scabies Lyme Disease and other Infestations and Bites/myiasis-13.jpg
15,E:\MedicalData\kagglechallenge\Dermnet\train/Scabies Lyme Disease and other Infestations and Bites/myiasis-14.jpg
15,E:\MedicalData\kagglechallenge\Dermnet\train/Scabies Lyme Disease and other Infestations and Bites/myiasis-3.jpg
15,E:\MedicalData\kagglechallenge\Dermnet\train/Scabies Lyme Disease and other Infestations and Bites/myiasis-4.jpg
15,E:\MedicalData\kagglechallenge\Dermnet\train/Scabies Lyme Disease and other Infestations and Bites/myiasis-5.jpg
15,E:\MedicalData\kagglechallenge\Dermnet\train/Scabies Lyme Disease and other Infestations and Bites/myiasis-6.jpg
15,E:\MedicalData\kagglechallenge\Dermnet\train/Scabies Lyme Disease and other Infestations and Bites/myiasis-7.jpg
15,E:\MedicalData\kagglechallenge\Dermnet\train/Scabies Lyme Disease and other Infestations and Bites/myiasis-8.jpg
15,E:\MedicalData\kagglechallenge\Dermnet\train/Scabies Lyme Disease and other Infestations and Bites/myiasis-9.jpg
15,E:\MedicalData\kagglechallenge\Dermnet\train/Scabies Lyme Disease and other Infestations and Bites/pediculosis-lids-3.jpg
15,E:\MedicalData\kagglechallenge\Dermnet\train/Scabies Lyme Disease and other Infestations and Bites/pediculosis-lids-4.jpg
15,E:\MedicalData\kagglechallenge\Dermnet\train/Scabies Lyme Disease and other Infestations and Bites/pediculosis-lids-5.jpg
15,E:\MedicalData\kagglechallenge\Dermnet\train/Scabies Lyme Disease and other Infestations and Bites/pubic-lice-1.jpg
15,E:\MedicalData\kagglechallenge\Dermnet\train/Scabies Lyme Disease and other Infestations and Bites/pubic-lice-10.jpg
15,E:\MedicalData\kagglechallenge\Dermnet\train/Scabies Lyme Disease and other Infestations and Bites/pubic-lice-11.jpg
15,E:\MedicalData\kagglechallenge\Dermnet\train/Scabies Lyme Disease and other Infestations and Bites/pubic-lice-12.jpg
15,E:\MedicalData\kagglechallenge\Dermnet\train/Scabies Lyme Disease and other Infestations and Bites/pubic-lice-13.jpg
15,E:\MedicalData\kagglechallenge\Dermnet\train/Scabies Lyme Disease and other Infestations and Bites/pubic-lice-15.jpg
15,E:\MedicalData\kagglechallenge\Dermnet\train/Scabies Lyme Disease and other Infestations and Bites/pubic-lice-17.jpg
15,E:\MedicalData\kagglechallenge\Dermnet\train/Scabies Lyme Disease and other Infestations and Bites/pubic-lice-18.jpg
15,E:\MedicalData\kagglechallenge\Dermnet\train/Scabies Lyme Disease and other Infestations and Bites/pubic-lice-19.jpg
15,E:\MedicalData\kagglechallenge\Dermnet\train/Scabies Lyme Disease and other Infestations and Bites/pubic-lice-2.jpg
15,E:\MedicalData\kagglechallenge\Dermnet\train/Scabies Lyme Disease and other Infestations and Bites/pubic-lice-20.jpg
15,E:\MedicalData\kagglechallenge\Dermnet\train/Scabies Lyme Disease and other Infestations and Bites/pubic-lice-21.jpg
15,E:\MedicalData\kagglechallenge\Dermnet\train/Scabies Lyme Disease and other Infestations and Bites/pubic-lice-24.jpg
15,E:\MedicalData\kagglechallenge\Dermnet\train/Scabies Lyme Disease and other Infestations and Bites/pubic-lice-26.jpg
15,E:\MedicalData\kagglechallenge\Dermnet\train/Scabies Lyme Disease and other Infestations and Bites/pubic-lice-27.jpg
15,E:\MedicalData\kagglechallenge\Dermnet\train/Scabies Lyme Disease and other Infestations and Bites/pubic-lice-29.jpg
15,E:\MedicalData\kagglechallenge\Dermnet\train/Scabies Lyme Disease and other Infestations and Bites/pubic-lice-30.jpg
15,E:\MedicalData\kagglechallenge\Dermnet\train/Scabies Lyme Disease and other Infestations and Bites/pubic-lice-31.jpg
15,E:\MedicalData\kagglechallenge\Dermnet\train/Scabies Lyme Disease and other Infestations and Bites/pubic-lice-32.jpg
15,E:\MedicalData\kagglechallenge\Dermnet\train/Scabies Lyme Disease and other Infestations and Bites/pubic-lice-33.jpg
15,E:\MedicalData\kagglechallenge\Dermnet\train/Scabies Lyme Disease and other Infestations and Bites/pubic-lice-34.jpg
15,E:\MedicalData\kagglechallenge\Dermnet\train/Scabies Lyme Disease and other Infestations and Bites/pubic-lice-35.jpg
15,E:\MedicalData\kagglechallenge\Dermnet\train/Scabies Lyme Disease and other Infestations and Bites/pubic-lice-36.jpg
15,E:\MedicalData\kagglechallenge\Dermnet\train/Scabies Lyme Disease and other Infestations and Bites/pubic-lice-39.jpg
15,E:\MedicalData\kagglechallenge\Dermnet\train/Scabies Lyme Disease and other Infestations and Bites/pubic-lice-4.jpg
15,E:\MedicalData\kagglechallenge\Dermnet\train/Scabies Lyme Disease and other Infestations and Bites/pubic-lice-40.jpg
15,E:\MedicalData\kagglechallenge\Dermnet\train/Scabies Lyme Disease and other Infestations and Bites/pubic-lice-42.jpg
15,E:\MedicalData\kagglechallenge\Dermnet\train/Scabies Lyme Disease and other Infestations and Bites/pubic-lice-43.jpg
15,E:\MedicalData\kagglechallenge\Dermnet\train/Scabies Lyme Disease and other Infestations and Bites/pubic-lice-44.jpg
15,E:\MedicalData\kagglechallenge\Dermnet\train/Scabies Lyme Disease and other Infestations and Bites/pubic-lice-45.jpg
15,E:\MedicalData\kagglechallenge\Dermnet\train/Scabies Lyme Disease and other Infestations and Bites/pubic-lice-47.jpg
15,E:\MedicalData\kagglechallenge\Dermnet\train/Scabies Lyme Disease and other Infestations and Bites/pubic-lice-48.jpg
15,E:\MedicalData\kagglechallenge\Dermnet\train/Scabies Lyme Disease and other Infestations and Bites/pubic-lice-5.jpg
15,E:\MedicalData\kagglechallenge\Dermnet\train/Scabies Lyme Disease and other Infestations and Bites/pubic-lice-50.jpg
15,E:\MedicalData\kagglechallenge\Dermnet\train/Scabies Lyme Disease and other Infestations and Bites/pubic-lice-51.jpg
15,E:\MedicalData\kagglechallenge\Dermnet\train/Scabies Lyme Disease and other Infestations and Bites/pubic-lice-53.jpg
15,E:\MedicalData\kagglechallenge\Dermnet\train/Scabies Lyme Disease and other Infestations and Bites/pubic-lice-6.jpg
15,E:\MedicalData\kagglechallenge\Dermnet\train/Scabies Lyme Disease and other Infestations and Bites/pubic-lice-7.jpg
15,E:\MedicalData\kagglechallenge\Dermnet\train/Scabies Lyme Disease and other Infestations and Bites/rocky-mountain-spotted-fever-2.jpg
15,E:\MedicalData\kagglechallenge\Dermnet\train/Scabies Lyme Disease and other Infestations and Bites/rocky-mountain-spotted-fever-3.jpg
15,E:\MedicalData\kagglechallenge\Dermnet\train/Scabies Lyme Disease and other Infestations and Bites/scabies-1.jpg
15,E:\MedicalData\kagglechallenge\Dermnet\train/Scabies Lyme Disease and other Infestations and Bites/scabies-100.jpg
15,E:\MedicalData\kagglechallenge\Dermnet\train/Scabies Lyme Disease and other Infestations and Bites/scabies-103.jpg
15,E:\MedicalData\kagglechallenge\Dermnet\train/Scabies Lyme Disease and other Infestations and Bites/scabies-106.jpg
15,E:\MedicalData\kagglechallenge\Dermnet\train/Scabies Lyme Disease and other Infestations and Bites/scabies-107.jpg
15,E:\MedicalData\kagglechallenge\Dermnet\train/Scabies Lyme Disease and other Infestations and Bites/scabies-11.jpg
15,E:\MedicalData\kagglechallenge\Dermnet\train/Scabies Lyme Disease and other Infestations and Bites/scabies-113.jpg
15,E:\MedicalData\kagglechallenge\Dermnet\train/Scabies Lyme Disease and other Infestations and Bites/scabies-114.jpg
15,E:\MedicalData\kagglechallenge\Dermnet\train/Scabies Lyme Disease and other Infestations and Bites/scabies-116.jpg
15,E:\MedicalData\kagglechallenge\Dermnet\train/Scabies Lyme Disease and other Infestations and Bites/scabies-118.jpg
15,E:\MedicalData\kagglechallenge\Dermnet\train/Scabies Lyme Disease and other Infestations and Bites/scabies-120.jpg
15,E:\MedicalData\kagglechallenge\Dermnet\train/Scabies Lyme Disease and other Infestations and Bites/scabies-121.jpg
15,E:\MedicalData\kagglechallenge\Dermnet\train/Scabies Lyme Disease and other Infestations and Bites/scabies-126.jpg
15,E:\MedicalData\kagglechallenge\Dermnet\train/Scabies Lyme Disease and other Infestations and Bites/scabies-127.jpg
15,E:\MedicalData\kagglechallenge\Dermnet\train/Scabies Lyme Disease and other Infestations and Bites/scabies-129.jpg
15,E:\MedicalData\kagglechallenge\Dermnet\train/Scabies Lyme Disease and other Infestations and Bites/scabies-13.jpg
15,E:\MedicalData\kagglechallenge\Dermnet\train/Scabies Lyme Disease and other Infestations and Bites/scabies-131.jpg
15,E:\MedicalData\kagglechallenge\Dermnet\train/Scabies Lyme Disease and other Infestations and Bites/scabies-133.jpg
15,E:\MedicalData\kagglechallenge\Dermnet\train/Scabies Lyme Disease and other Infestations and Bites/scabies-134.jpg
15,E:\MedicalData\kagglechallenge\Dermnet\train/Scabies Lyme Disease and other Infestations and Bites/scabies-135.jpg
15,E:\MedicalData\kagglechallenge\Dermnet\train/Scabies Lyme Disease and other Infestations and Bites/scabies-136.jpg
15,E:\MedicalData\kagglechallenge\Dermnet\train/Scabies Lyme Disease and other Infestations and Bites/scabies-137.jpg
15,E:\MedicalData\kagglechallenge\Dermnet\train/Scabies Lyme Disease and other Infestations and Bites/scabies-139.jpg
15,E:\MedicalData\kagglechallenge\Dermnet\train/Scabies Lyme Disease and other Infestations and Bites/scabies-141.jpg
15,E:\MedicalData\kagglechallenge\Dermnet\train/Scabies Lyme Disease and other Infestations and Bites/scabies-143.jpg
15,E:\MedicalData\kagglechallenge\Dermnet\train/Scabies Lyme Disease and other Infestations and Bites/scabies-144.jpg
15,E:\MedicalData\kagglechallenge\Dermnet\train/Scabies Lyme Disease and other Infestations and Bites/scabies-145.jpg
15,E:\MedicalData\kagglechallenge\Dermnet\train/Scabies Lyme Disease and other Infestations and Bites/scabies-146.jpg
15,E:\MedicalData\kagglechallenge\Dermnet\train/Scabies Lyme Disease and other Infestations and Bites/scabies-147.jpg
15,E:\MedicalData\kagglechallenge\Dermnet\train/Scabies Lyme Disease and other Infestations and Bites/scabies-148.jpg
15,E:\MedicalData\kagglechallenge\Dermnet\train/Scabies Lyme Disease and other Infestations and Bites/scabies-150.jpg
15,E:\MedicalData\kagglechallenge\Dermnet\train/Scabies Lyme Disease and other Infestations and Bites/scabies-151.jpg
15,E:\MedicalData\kagglechallenge\Dermnet\train/Scabies Lyme Disease and other Infestations and Bites/scabies-153.jpg
15,E:\MedicalData\kagglechallenge\Dermnet\train/Scabies Lyme Disease and other Infestations and Bites/scabies-154.jpg
15,E:\MedicalData\kagglechallenge\Dermnet\train/Scabies Lyme Disease and other Infestations and Bites/scabies-157.jpg
15,E:\MedicalData\kagglechallenge\Dermnet\train/Scabies Lyme Disease and other Infestations and Bites/scabies-158.jpg
15,E:\MedicalData\kagglechallenge\Dermnet\train/Scabies Lyme Disease and other Infestations and Bites/scabies-159.jpg
15,E:\MedicalData\kagglechallenge\Dermnet\train/Scabies Lyme Disease and other Infestations and Bites/scabies-16.jpg
15,E:\MedicalData\kagglechallenge\Dermnet\train/Scabies Lyme Disease and other Infestations and Bites/scabies-161.jpg
15,E:\MedicalData\kagglechallenge\Dermnet\train/Scabies Lyme Disease and other Infestations and Bites/scabies-162.jpg
15,E:\MedicalData\kagglechallenge\Dermnet\train/Scabies Lyme Disease and other Infestations and Bites/scabies-163.jpg
15,E:\MedicalData\kagglechallenge\Dermnet\train/Scabies Lyme Disease and other Infestations and Bites/scabies-164.jpg
15,E:\MedicalData\kagglechallenge\Dermnet\train/Scabies Lyme Disease and other Infestations and Bites/scabies-165.jpg
15,E:\MedicalData\kagglechallenge\Dermnet\train/Scabies Lyme Disease and other Infestations and Bites/scabies-166.jpg
15,E:\MedicalData\kagglechallenge\Dermnet\train/Scabies Lyme Disease and other Infestations and Bites/scabies-167.jpg
15,E:\MedicalData\kagglechallenge\Dermnet\train/Scabies Lyme Disease and other Infestations and Bites/scabies-169.jpg
15,E:\MedicalData\kagglechallenge\Dermnet\train/Scabies Lyme Disease and other Infestations and Bites/scabies-17.jpg
15,E:\MedicalData\kagglechallenge\Dermnet\train/Scabies Lyme Disease and other Infestations and Bites/scabies-170.jpg
15,E:\MedicalData\kagglechallenge\Dermnet\train/Scabies Lyme Disease and other Infestations and Bites/scabies-171.jpg
15,E:\MedicalData\kagglechallenge\Dermnet\train/Scabies Lyme Disease and other Infestations and Bites/scabies-172.jpg
15,E:\MedicalData\kagglechallenge\Dermnet\train/Scabies Lyme Disease and other Infestations and Bites/scabies-173.jpg
15,E:\MedicalData\kagglechallenge\Dermnet\train/Scabies Lyme Disease and other Infestations and Bites/scabies-174.jpg
15,E:\MedicalData\kagglechallenge\Dermnet\train/Scabies Lyme Disease and other Infestations and Bites/scabies-175.jpg
15,E:\MedicalData\kagglechallenge\Dermnet\train/Scabies Lyme Disease and other Infestations and Bites/scabies-177.jpg
15,E:\MedicalData\kagglechallenge\Dermnet\train/Scabies Lyme Disease and other Infestations and Bites/scabies-178.jpg
15,E:\MedicalData\kagglechallenge\Dermnet\train/Scabies Lyme Disease and other Infestations and Bites/scabies-179.jpg
15,E:\MedicalData\kagglechallenge\Dermnet\train/Scabies Lyme Disease and other Infestations and Bites/scabies-18.jpg
15,E:\MedicalData\kagglechallenge\Dermnet\train/Scabies Lyme Disease and other Infestations and Bites/scabies-180.jpg
15,E:\MedicalData\kagglechallenge\Dermnet\train/Scabies Lyme Disease and other Infestations and Bites/scabies-181.jpg
15,E:\MedicalData\kagglechallenge\Dermnet\train/Scabies Lyme Disease and other Infestations and Bites/scabies-185.jpg
15,E:\MedicalData\kagglechallenge\Dermnet\train/Scabies Lyme Disease and other Infestations and Bites/scabies-186.jpg
15,E:\MedicalData\kagglechallenge\Dermnet\train/Scabies Lyme Disease and other Infestations and Bites/scabies-188.jpg
15,E:\MedicalData\kagglechallenge\Dermnet\train/Scabies Lyme Disease and other Infestations and Bites/scabies-189.jpg
15,E:\MedicalData\kagglechallenge\Dermnet\train/Scabies Lyme Disease and other Infestations and Bites/scabies-190.jpg
15,E:\MedicalData\kagglechallenge\Dermnet\train/Scabies Lyme Disease and other Infestations and Bites/scabies-191.jpg
15,E:\MedicalData\kagglechallenge\Dermnet\train/Scabies Lyme Disease and other Infestations and Bites/scabies-192.jpg
15,E:\MedicalData\kagglechallenge\Dermnet\train/Scabies Lyme Disease and other Infestations and Bites/scabies-193.jpg
15,E:\MedicalData\kagglechallenge\Dermnet\train/Scabies Lyme Disease and other Infestations and Bites/scabies-195.jpg
15,E:\MedicalData\kagglechallenge\Dermnet\train/Scabies Lyme Disease and other Infestations and Bites/scabies-196.jpg
15,E:\MedicalData\kagglechallenge\Dermnet\train/Scabies Lyme Disease and other Infestations and Bites/scabies-197.jpg
15,E:\MedicalData\kagglechallenge\Dermnet\train/Scabies Lyme Disease and other Infestations and Bites/scabies-198.jpg
15,E:\MedicalData\kagglechallenge\Dermnet\train/Scabies Lyme Disease and other Infestations and Bites/scabies-199.jpg
15,E:\MedicalData\kagglechallenge\Dermnet\train/Scabies Lyme Disease and other Infestations and Bites/scabies-2.jpg
15,E:\MedicalData\kagglechallenge\Dermnet\train/Scabies Lyme Disease and other Infestations and Bites/scabies-20.jpg
15,E:\MedicalData\kagglechallenge\Dermnet\train/Scabies Lyme Disease and other Infestations and Bites/scabies-200.jpg
15,E:\MedicalData\kagglechallenge\Dermnet\train/Scabies Lyme Disease and other Infestations and Bites/scabies-79.jpg
15,E:\MedicalData\kagglechallenge\Dermnet\train/Scabies Lyme Disease and other Infestations and Bites/scabies-80.jpg
15,E:\MedicalData\kagglechallenge\Dermnet\train/Scabies Lyme Disease and other Infestations and Bites/scabies-82.jpg
15,E:\MedicalData\kagglechallenge\Dermnet\train/Scabies Lyme Disease and other Infestations and Bites/scabies-84.jpg
15,E:\MedicalData\kagglechallenge\Dermnet\train/Scabies Lyme Disease and other Infestations and Bites/scabies-9.jpg
15,E:\MedicalData\kagglechallenge\Dermnet\train/Scabies Lyme Disease and other Infestations and Bites/scabies-90.jpg
15,E:\MedicalData\kagglechallenge\Dermnet\train/Scabies Lyme Disease and other Infestations and Bites/scabies-91.jpg
15,E:\MedicalData\kagglechallenge\Dermnet\train/Scabies Lyme Disease and other Infestations and Bites/scabies-92.jpg
15,E:\MedicalData\kagglechallenge\Dermnet\train/Scabies Lyme Disease and other Infestations and Bites/scabies-93.jpg
15,E:\MedicalData\kagglechallenge\Dermnet\train/Scabies Lyme Disease and other Infestations and Bites/scabies-94.jpg
15,E:\MedicalData\kagglechallenge\Dermnet\train/Scabies Lyme Disease and other Infestations and Bites/scabies-97.jpg
15,E:\MedicalData\kagglechallenge\Dermnet\train/Scabies Lyme Disease and other Infestations and Bites/scabies-98.jpg
15,E:\MedicalData\kagglechallenge\Dermnet\train/Scabies Lyme Disease and other Infestations and Bites/scabies-99.jpg
15,E:\MedicalData\kagglechallenge\Dermnet\train/Scabies Lyme Disease and other Infestations and Bites/Sea-bathers-eruption-14.jpg
15,E:\MedicalData\kagglechallenge\Dermnet\train/Scabies Lyme Disease and other Infestations and Bites/Sea-bathers-eruption-3.jpg
15,E:\MedicalData\kagglechallenge\Dermnet\train/Scabies Lyme Disease and other Infestations and Bites/Sea-bathers-eruption-6.jpg
15,E:\MedicalData\kagglechallenge\Dermnet\train/Scabies Lyme Disease and other Infestations and Bites/sea-urchin-sting-3.jpg
15,E:\MedicalData\kagglechallenge\Dermnet\train/Scabies Lyme Disease and other Infestations and Bites/sea-urchin-sting-78.jpg
15,E:\MedicalData\kagglechallenge\Dermnet\train/Scabies Lyme Disease and other Infestations and Bites/sea-urchin-sting.jpg
15,E:\MedicalData\kagglechallenge\Dermnet\train/Scabies Lyme Disease and other Infestations and Bites/spider-bite-1.jpg
15,E:\MedicalData\kagglechallenge\Dermnet\train/Scabies Lyme Disease and other Infestations and Bites/spider-bite-10.jpg
15,E:\MedicalData\kagglechallenge\Dermnet\train/Scabies Lyme Disease and other Infestations and Bites/spider-bite-11.jpg
15,E:\MedicalData\kagglechallenge\Dermnet\train/Scabies Lyme Disease and other Infestations and Bites/spider-bite-12.jpg
15,E:\MedicalData\kagglechallenge\Dermnet\train/Scabies Lyme Disease and other Infestations and Bites/spider-bite-13.jpg
15,E:\MedicalData\kagglechallenge\Dermnet\train/Scabies Lyme Disease and other Infestations and Bites/spider-bite-16.jpg
15,E:\MedicalData\kagglechallenge\Dermnet\train/Scabies Lyme Disease and other Infestations and Bites/spider-bite-17.jpg
15,E:\MedicalData\kagglechallenge\Dermnet\train/Scabies Lyme Disease and other Infestations and Bites/spider-bite-18.jpg
15,E:\MedicalData\kagglechallenge\Dermnet\train/Scabies Lyme Disease and other Infestations and Bites/spider-bite-19.jpg
15,E:\MedicalData\kagglechallenge\Dermnet\train/Scabies Lyme Disease and other Infestations and Bites/spider-bite-22.jpg
15,E:\MedicalData\kagglechallenge\Dermnet\train/Scabies Lyme Disease and other Infestations and Bites/spider-bite-23.jpg
15,E:\MedicalData\kagglechallenge\Dermnet\train/Scabies Lyme Disease and other Infestations and Bites/spider-bite-24.jpg
15,E:\MedicalData\kagglechallenge\Dermnet\train/Scabies Lyme Disease and other Infestations and Bites/spider-bite-25.jpg
15,E:\MedicalData\kagglechallenge\Dermnet\train/Scabies Lyme Disease and other Infestations and Bites/spider-bite-29.jpg
15,E:\MedicalData\kagglechallenge\Dermnet\train/Scabies Lyme Disease and other Infestations and Bites/spider-bite-3.jpg
15,E:\MedicalData\kagglechallenge\Dermnet\train/Scabies Lyme Disease and other Infestations and Bites/spider-bite-30.jpg
15,E:\MedicalData\kagglechallenge\Dermnet\train/Scabies Lyme Disease and other Infestations and Bites/spider-bite-31.jpg
15,E:\MedicalData\kagglechallenge\Dermnet\train/Scabies Lyme Disease and other Infestations and Bites/spider-bite-33.jpg
15,E:\MedicalData\kagglechallenge\Dermnet\train/Scabies Lyme Disease and other Infestations and Bites/spider-bite-34.jpg
15,E:\MedicalData\kagglechallenge\Dermnet\train/Scabies Lyme Disease and other Infestations and Bites/spider-bite-4.jpg
15,E:\MedicalData\kagglechallenge\Dermnet\train/Scabies Lyme Disease and other Infestations and Bites/spider-bite-7.jpg
15,E:\MedicalData\kagglechallenge\Dermnet\train/Scabies Lyme Disease and other Infestations and Bites/spider-bite-8.jpg
15,E:\MedicalData\kagglechallenge\Dermnet\train/Scabies Lyme Disease and other Infestations and Bites/spider-bite-9.jpg
15,E:\MedicalData\kagglechallenge\Dermnet\train/Scabies Lyme Disease and other Infestations and Bites/stinging-insects-1.jpg
15,E:\MedicalData\kagglechallenge\Dermnet\train/Scabies Lyme Disease and other Infestations and Bites/stinging-insects-3.jpg
15,E:\MedicalData\kagglechallenge\Dermnet\train/Scabies Lyme Disease and other Infestations and Bites/tick-bite-1.jpg
15,E:\MedicalData\kagglechallenge\Dermnet\train/Scabies Lyme Disease and other Infestations and Bites/tick-bite-11.jpg
15,E:\MedicalData\kagglechallenge\Dermnet\train/Scabies Lyme Disease and other Infestations and Bites/tick-bite-13.jpg
15,E:\MedicalData\kagglechallenge\Dermnet\train/Scabies Lyme Disease and other Infestations and Bites/tick-bite-14.jpg
15,E:\MedicalData\kagglechallenge\Dermnet\train/Scabies Lyme Disease and other Infestations and Bites/tick-bite-16.jpg
15,E:\MedicalData\kagglechallenge\Dermnet\train/Scabies Lyme Disease and other Infestations and Bites/tick-bite-17.jpg
15,E:\MedicalData\kagglechallenge\Dermnet\train/Scabies Lyme Disease and other Infestations and Bites/tick-bite-19.jpg
15,E:\MedicalData\kagglechallenge\Dermnet\train/Scabies Lyme Disease and other Infestations and Bites/tick-bite-2.jpg
15,E:\MedicalData\kagglechallenge\Dermnet\train/Scabies Lyme Disease and other Infestations and Bites/tick-bite-21.jpg
15,E:\MedicalData\kagglechallenge\Dermnet\train/Scabies Lyme Disease and other Infestations and Bites/tick-bite-23.jpg
15,E:\MedicalData\kagglechallenge\Dermnet\train/Scabies Lyme Disease and other Infestations and Bites/tick-bite-24.jpg
15,E:\MedicalData\kagglechallenge\Dermnet\train/Scabies Lyme Disease and other Infestations and Bites/tick-bite-25.jpg
15,E:\MedicalData\kagglechallenge\Dermnet\train/Scabies Lyme Disease and other Infestations and Bites/tick-bite-26.jpg
15,E:\MedicalData\kagglechallenge\Dermnet\train/Scabies Lyme Disease and other Infestations and Bites/tick-bite-27.jpg
15,E:\MedicalData\kagglechallenge\Dermnet\train/Scabies Lyme Disease and other Infestations and Bites/tick-bite-28.jpg
15,E:\MedicalData\kagglechallenge\Dermnet\train/Scabies Lyme Disease and other Infestations and Bites/tick-bite-30.jpg
15,E:\MedicalData\kagglechallenge\Dermnet\train/Scabies Lyme Disease and other Infestations and Bites/tick-bite-31.jpg
15,E:\MedicalData\kagglechallenge\Dermnet\train/Scabies Lyme Disease and other Infestations and Bites/tick-bite-32.jpg
15,E:\MedicalData\kagglechallenge\Dermnet\train/Scabies Lyme Disease and other Infestations and Bites/tick-bite-33.jpg
15,E:\MedicalData\kagglechallenge\Dermnet\train/Scabies Lyme Disease and other Infestations and Bites/tick-bite-34.jpg
15,E:\MedicalData\kagglechallenge\Dermnet\train/Scabies Lyme Disease and other Infestations and Bites/tick-bite-35.jpg
15,E:\MedicalData\kagglechallenge\Dermnet\train/Scabies Lyme Disease and other Infestations and Bites/tick-bite-37.jpg
15,E:\MedicalData\kagglechallenge\Dermnet\train/Scabies Lyme Disease and other Infestations and Bites/tick-bite-39.jpg
15,E:\MedicalData\kagglechallenge\Dermnet\train/Scabies Lyme Disease and other Infestations and Bites/tick-bite-4.jpg
15,E:\MedicalData\kagglechallenge\Dermnet\train/Scabies Lyme Disease and other Infestations and Bites/tick-bite-40.jpg
15,E:\MedicalData\kagglechallenge\Dermnet\train/Scabies Lyme Disease and other Infestations and Bites/tick-bite-41.jpg
15,E:\MedicalData\kagglechallenge\Dermnet\train/Scabies Lyme Disease and other Infestations and Bites/tick-bite-43.jpg
15,E:\MedicalData\kagglechallenge\Dermnet\train/Scabies Lyme Disease and other Infestations and Bites/tick-bite-44.jpg
15,E:\MedicalData\kagglechallenge\Dermnet\train/Scabies Lyme Disease and other Infestations and Bites/tick-bite-47.jpg
15,E:\MedicalData\kagglechallenge\Dermnet\train/Scabies Lyme Disease and other Infestations and Bites/tick-bite-48.jpg
15,E:\MedicalData\kagglechallenge\Dermnet\train/Scabies Lyme Disease and other Infestations and Bites/tick-bite-49.jpg
15,E:\MedicalData\kagglechallenge\Dermnet\train/Scabies Lyme Disease and other Infestations and Bites/tick-bite-5.jpg
15,E:\MedicalData\kagglechallenge\Dermnet\train/Scabies Lyme Disease and other Infestations and Bites/tick-bite-51.jpg
15,E:\MedicalData\kagglechallenge\Dermnet\train/Scabies Lyme Disease and other Infestations and Bites/tick-bite-52.jpg
15,E:\MedicalData\kagglechallenge\Dermnet\train/Scabies Lyme Disease and other Infestations and Bites/tick-bite-53.jpg
15,E:\MedicalData\kagglechallenge\Dermnet\train/Scabies Lyme Disease and other Infestations and Bites/tick-bite-54.jpg
15,E:\MedicalData\kagglechallenge\Dermnet\train/Scabies Lyme Disease and other Infestations and Bites/tick-bite-55.jpg
15,E:\MedicalData\kagglechallenge\Dermnet\train/Scabies Lyme Disease and other Infestations and Bites/tick-bite-56.jpg
15,E:\MedicalData\kagglechallenge\Dermnet\train/Scabies Lyme Disease and other Infestations and Bites/tick-bite-57.jpg
15,E:\MedicalData\kagglechallenge\Dermnet\train/Scabies Lyme Disease and other Infestations and Bites/tick-bite-58.jpg
15,E:\MedicalData\kagglechallenge\Dermnet\train/Scabies Lyme Disease and other Infestations and Bites/tick-bite-59.jpg
15,E:\MedicalData\kagglechallenge\Dermnet\train/Scabies Lyme Disease and other Infestations and Bites/tick-bite-6.jpg
15,E:\MedicalData\kagglechallenge\Dermnet\train/Scabies Lyme Disease and other Infestations and Bites/tick-bite-7.jpg
15,E:\MedicalData\kagglechallenge\Dermnet\train/Scabies Lyme Disease and other Infestations and Bites/tick-bite-8.jpg
15,E:\MedicalData\kagglechallenge\Dermnet\train/Scabies Lyme Disease and other Infestations and Bites/tick-bite-9.jpg
16,E:\MedicalData\kagglechallenge\Dermnet\train/Seborrheic Keratoses and other Benign Tumors/07GiantComedone.jpg
16,E:\MedicalData\kagglechallenge\Dermnet\train/Seborrheic Keratoses and other Benign Tumors/20cystAnal053104.jpg
16,E:\MedicalData\kagglechallenge\Dermnet\train/Seborrheic Keratoses and other Benign Tumors/20cystAnal0531041.jpg
16,E:\MedicalData\kagglechallenge\Dermnet\train/Seborrheic Keratoses and other Benign Tumors/20CystClearFluid.jpg
16,E:\MedicalData\kagglechallenge\Dermnet\train/Seborrheic Keratoses and other Benign Tumors/20EpidermCystRuptured.jpg
16,E:\MedicalData\kagglechallenge\Dermnet\train/Seborrheic Keratoses and other Benign Tumors/20PilarCyst0825.jpg
16,E:\MedicalData\kagglechallenge\Dermnet\train/Seborrheic Keratoses and other Benign Tumors/20PilarCyst1.jpg
16,E:\MedicalData\kagglechallenge\Dermnet\train/Seborrheic Keratoses and other Benign Tumors/20RupturedCyst.jpg
16,E:\MedicalData\kagglechallenge\Dermnet\train/Seborrheic Keratoses and other Benign Tumors/20SebNevus0216.jpg
16,E:\MedicalData\kagglechallenge\Dermnet\train/Seborrheic Keratoses and other Benign Tumors/20SebNevus02161.jpg
16,E:\MedicalData\kagglechallenge\Dermnet\train/Seborrheic Keratoses and other Benign Tumors/accessory-nipple-1.jpg
16,E:\MedicalData\kagglechallenge\Dermnet\train/Seborrheic Keratoses and other Benign Tumors/accessory-nipple-10.jpg
16,E:\MedicalData\kagglechallenge\Dermnet\train/Seborrheic Keratoses and other Benign Tumors/accessory-nipple-3.jpg
16,E:\MedicalData\kagglechallenge\Dermnet\train/Seborrheic Keratoses and other Benign Tumors/accessory-nipple-4.jpg
16,E:\MedicalData\kagglechallenge\Dermnet\train/Seborrheic Keratoses and other Benign Tumors/accessory-nipple-6.jpg
16,E:\MedicalData\kagglechallenge\Dermnet\train/Seborrheic Keratoses and other Benign Tumors/accessory-nipple-8.jpg
16,E:\MedicalData\kagglechallenge\Dermnet\train/Seborrheic Keratoses and other Benign Tumors/accessory-nipple-9.jpg
16,E:\MedicalData\kagglechallenge\Dermnet\train/Seborrheic Keratoses and other Benign Tumors/accessory-trachus-1.jpg
16,E:\MedicalData\kagglechallenge\Dermnet\train/Seborrheic Keratoses and other Benign Tumors/accessory-trachus-2.jpg
16,E:\MedicalData\kagglechallenge\Dermnet\train/Seborrheic Keratoses and other Benign Tumors/accessory-trachus-3.jpg
16,E:\MedicalData\kagglechallenge\Dermnet\train/Seborrheic Keratoses and other Benign Tumors/accessory-trachus-4.jpg
16,E:\MedicalData\kagglechallenge\Dermnet\train/Seborrheic Keratoses and other Benign Tumors/accessory-trachus-5.jpg
16,E:\MedicalData\kagglechallenge\Dermnet\train/Seborrheic Keratoses and other Benign Tumors/acquired-digital-fibrokeratoma-2.jpg
16,E:\MedicalData\kagglechallenge\Dermnet\train/Seborrheic Keratoses and other Benign Tumors/acquired-digital-fibrokeratoma-5.jpg
16,E:\MedicalData\kagglechallenge\Dermnet\train/Seborrheic Keratoses and other Benign Tumors/acquired-digital-fibrokeratoma-6.jpg
16,E:\MedicalData\kagglechallenge\Dermnet\train/Seborrheic Keratoses and other Benign Tumors/acquired-digital-fibrokeratoma-7.jpg
16,E:\MedicalData\kagglechallenge\Dermnet\train/Seborrheic Keratoses and other Benign Tumors/atypical-fibroxanthoma-1.jpg
16,E:\MedicalData\kagglechallenge\Dermnet\train/Seborrheic Keratoses and other Benign Tumors/atypical-fibroxanthoma-2.jpg
16,E:\MedicalData\kagglechallenge\Dermnet\train/Seborrheic Keratoses and other Benign Tumors/calcifying-epithelioma-2.jpg
16,E:\MedicalData\kagglechallenge\Dermnet\train/Seborrheic Keratoses and other Benign Tumors/calcifying-epithelioma-4.jpg
16,E:\MedicalData\kagglechallenge\Dermnet\train/Seborrheic Keratoses and other Benign Tumors/calcifying-epithelioma-5.jpg
16,E:\MedicalData\kagglechallenge\Dermnet\train/Seborrheic Keratoses and other Benign Tumors/calcifying-epithelioma-6.jpg
16,E:\MedicalData\kagglechallenge\Dermnet\train/Seborrheic Keratoses and other Benign Tumors/calcifying-epithelioma-7.jpg
16,E:\MedicalData\kagglechallenge\Dermnet\train/Seborrheic Keratoses and other Benign Tumors/chondrodermatitis-nodularis-1.jpg
16,E:\MedicalData\kagglechallenge\Dermnet\train/Seborrheic Keratoses and other Benign Tumors/chondrodermatitis-nodularis-10.jpg
16,E:\MedicalData\kagglechallenge\Dermnet\train/Seborrheic Keratoses and other Benign Tumors/chondrodermatitis-nodularis-11.jpg
16,E:\MedicalData\kagglechallenge\Dermnet\train/Seborrheic Keratoses and other Benign Tumors/chondrodermatitis-nodularis-12.jpg
16,E:\MedicalData\kagglechallenge\Dermnet\train/Seborrheic Keratoses and other Benign Tumors/chondrodermatitis-nodularis-13.jpg
16,E:\MedicalData\kagglechallenge\Dermnet\train/Seborrheic Keratoses and other Benign Tumors/chondrodermatitis-nodularis-14.jpg
16,E:\MedicalData\kagglechallenge\Dermnet\train/Seborrheic Keratoses and other Benign Tumors/chondrodermatitis-nodularis-15.jpg
16,E:\MedicalData\kagglechallenge\Dermnet\train/Seborrheic Keratoses and other Benign Tumors/chondrodermatitis-nodularis-16.jpg
16,E:\MedicalData\kagglechallenge\Dermnet\train/Seborrheic Keratoses and other Benign Tumors/chondrodermatitis-nodularis-17.jpg
16,E:\MedicalData\kagglechallenge\Dermnet\train/Seborrheic Keratoses and other Benign Tumors/chondrodermatitis-nodularis-18.jpg
16,E:\MedicalData\kagglechallenge\Dermnet\train/Seborrheic Keratoses and other Benign Tumors/chondrodermatitis-nodularis-19.jpg
16,E:\MedicalData\kagglechallenge\Dermnet\train/Seborrheic Keratoses and other Benign Tumors/chondrodermatitis-nodularis-2.jpg
16,E:\MedicalData\kagglechallenge\Dermnet\train/Seborrheic Keratoses and other Benign Tumors/chondrodermatitis-nodularis-22.jpg
16,E:\MedicalData\kagglechallenge\Dermnet\train/Seborrheic Keratoses and other Benign Tumors/chondrodermatitis-nodularis-24.jpg
16,E:\MedicalData\kagglechallenge\Dermnet\train/Seborrheic Keratoses and other Benign Tumors/chondrodermatitis-nodularis-25.jpg
16,E:\MedicalData\kagglechallenge\Dermnet\train/Seborrheic Keratoses and other Benign Tumors/chondrodermatitis-nodularis-26.jpg
16,E:\MedicalData\kagglechallenge\Dermnet\train/Seborrheic Keratoses and other Benign Tumors/chondrodermatitis-nodularis-3.jpg
16,E:\MedicalData\kagglechallenge\Dermnet\train/Seborrheic Keratoses and other Benign Tumors/chondrodermatitis-nodularis-30.jpg
16,E:\MedicalData\kagglechallenge\Dermnet\train/Seborrheic Keratoses and other Benign Tumors/chondrodermatitis-nodularis-32.jpg
16,E:\MedicalData\kagglechallenge\Dermnet\train/Seborrheic Keratoses and other Benign Tumors/chondrodermatitis-nodularis-33.jpg
16,E:\MedicalData\kagglechallenge\Dermnet\train/Seborrheic Keratoses and other Benign Tumors/chondrodermatitis-nodularis-34.jpg
16,E:\MedicalData\kagglechallenge\Dermnet\train/Seborrheic Keratoses and other Benign Tumors/chondrodermatitis-nodularis-35.jpg
16,E:\MedicalData\kagglechallenge\Dermnet\train/Seborrheic Keratoses and other Benign Tumors/chondrodermatitis-nodularis-36.jpg
16,E:\MedicalData\kagglechallenge\Dermnet\train/Seborrheic Keratoses and other Benign Tumors/chondrodermatitis-nodularis-37.jpg
16,E:\MedicalData\kagglechallenge\Dermnet\train/Seborrheic Keratoses and other Benign Tumors/chondrodermatitis-nodularis-39.jpg
16,E:\MedicalData\kagglechallenge\Dermnet\train/Seborrheic Keratoses and other Benign Tumors/chondrodermatitis-nodularis-4.jpg
16,E:\MedicalData\kagglechallenge\Dermnet\train/Seborrheic Keratoses and other Benign Tumors/chondrodermatitis-nodularis-40.jpg
16,E:\MedicalData\kagglechallenge\Dermnet\train/Seborrheic Keratoses and other Benign Tumors/chondrodermatitis-nodularis-43.jpg
16,E:\MedicalData\kagglechallenge\Dermnet\train/Seborrheic Keratoses and other Benign Tumors/chondrodermatitis-nodularis-44.jpg
16,E:\MedicalData\kagglechallenge\Dermnet\train/Seborrheic Keratoses and other Benign Tumors/chondrodermatitis-nodularis-45.jpg
16,E:\MedicalData\kagglechallenge\Dermnet\train/Seborrheic Keratoses and other Benign Tumors/chondrodermatitis-nodularis-46.jpg
16,E:\MedicalData\kagglechallenge\Dermnet\train/Seborrheic Keratoses and other Benign Tumors/chondrodermatitis-nodularis-49.jpg
16,E:\MedicalData\kagglechallenge\Dermnet\train/Seborrheic Keratoses and other Benign Tumors/chondrodermatitis-nodularis-5.jpg
16,E:\MedicalData\kagglechallenge\Dermnet\train/Seborrheic Keratoses and other Benign Tumors/chondrodermatitis-nodularis-50.jpg
16,E:\MedicalData\kagglechallenge\Dermnet\train/Seborrheic Keratoses and other Benign Tumors/chondrodermatitis-nodularis-51.jpg
16,E:\MedicalData\kagglechallenge\Dermnet\train/Seborrheic Keratoses and other Benign Tumors/chondrodermatitis-nodularis-52.jpg
16,E:\MedicalData\kagglechallenge\Dermnet\train/Seborrheic Keratoses and other Benign Tumors/chondrodermatitis-nodularis-54.jpg
16,E:\MedicalData\kagglechallenge\Dermnet\train/Seborrheic Keratoses and other Benign Tumors/chondrodermatitis-nodularis-55.jpg
16,E:\MedicalData\kagglechallenge\Dermnet\train/Seborrheic Keratoses and other Benign Tumors/chondrodermatitis-nodularis-56.jpg
16,E:\MedicalData\kagglechallenge\Dermnet\train/Seborrheic Keratoses and other Benign Tumors/chondrodermatitis-nodularis-57.jpg
16,E:\MedicalData\kagglechallenge\Dermnet\train/Seborrheic Keratoses and other Benign Tumors/chondrodermatitis-nodularis-58.jpg
16,E:\MedicalData\kagglechallenge\Dermnet\train/Seborrheic Keratoses and other Benign Tumors/chondrodermatitis-nodularis-59.jpg
16,E:\MedicalData\kagglechallenge\Dermnet\train/Seborrheic Keratoses and other Benign Tumors/chondrodermatitis-nodularis-60.jpg
16,E:\MedicalData\kagglechallenge\Dermnet\train/Seborrheic Keratoses and other Benign Tumors/chondrodermatitis-nodularis-62.jpg
16,E:\MedicalData\kagglechallenge\Dermnet\train/Seborrheic Keratoses and other Benign Tumors/chondrodermatitis-nodularis-63.jpg
16,E:\MedicalData\kagglechallenge\Dermnet\train/Seborrheic Keratoses and other Benign Tumors/chondrodermatitis-nodularis-64.jpg
16,E:\MedicalData\kagglechallenge\Dermnet\train/Seborrheic Keratoses and other Benign Tumors/chondrodermatitis-nodularis-67.jpg
16,E:\MedicalData\kagglechallenge\Dermnet\train/Seborrheic Keratoses and other Benign Tumors/chondrodermatitis-nodularis-68.jpg
16,E:\MedicalData\kagglechallenge\Dermnet\train/Seborrheic Keratoses and other Benign Tumors/chondrodermatitis-nodularis-69.jpg
16,E:\MedicalData\kagglechallenge\Dermnet\train/Seborrheic Keratoses and other Benign Tumors/chondrodermatitis-nodularis-7.jpg
16,E:\MedicalData\kagglechallenge\Dermnet\train/Seborrheic Keratoses and other Benign Tumors/chondrodermatitis-nodularis-70.jpg
16,E:\MedicalData\kagglechallenge\Dermnet\train/Seborrheic Keratoses and other Benign Tumors/chondrodermatitis-nodularis-72.jpg
16,E:\MedicalData\kagglechallenge\Dermnet\train/Seborrheic Keratoses and other Benign Tumors/chondrodermatitis-nodularis-73.jpg
16,E:\MedicalData\kagglechallenge\Dermnet\train/Seborrheic Keratoses and other Benign Tumors/chondrodermatitis-nodularis-74.jpg
16,E:\MedicalData\kagglechallenge\Dermnet\train/Seborrheic Keratoses and other Benign Tumors/chondrodermatitis-nodularis-75.jpg
16,E:\MedicalData\kagglechallenge\Dermnet\train/Seborrheic Keratoses and other Benign Tumors/chondrodermatitis-nodularis-77.jpg
16,E:\MedicalData\kagglechallenge\Dermnet\train/Seborrheic Keratoses and other Benign Tumors/chondrodermatitis-nodularis-78.jpg
16,E:\MedicalData\kagglechallenge\Dermnet\train/Seborrheic Keratoses and other Benign Tumors/chondrodermatitis-nodularis-8.jpg
16,E:\MedicalData\kagglechallenge\Dermnet\train/Seborrheic Keratoses and other Benign Tumors/chondrodermatitis-nodularis-9.jpg
16,E:\MedicalData\kagglechallenge\Dermnet\train/Seborrheic Keratoses and other Benign Tumors/connective-tissue-nevus-1.jpg
16,E:\MedicalData\kagglechallenge\Dermnet\train/Seborrheic Keratoses and other Benign Tumors/connective-tissue-nevus-2.jpg
16,E:\MedicalData\kagglechallenge\Dermnet\train/Seborrheic Keratoses and other Benign Tumors/cylindroma-1.jpg
16,E:\MedicalData\kagglechallenge\Dermnet\train/Seborrheic Keratoses and other Benign Tumors/cylindroma-12.jpg
16,E:\MedicalData\kagglechallenge\Dermnet\train/Seborrheic Keratoses and other Benign Tumors/cylindroma-13.jpg
16,E:\MedicalData\kagglechallenge\Dermnet\train/Seborrheic Keratoses and other Benign Tumors/cylindroma-14.jpg
16,E:\MedicalData\kagglechallenge\Dermnet\train/Seborrheic Keratoses and other Benign Tumors/cylindroma-3.jpg
16,E:\MedicalData\kagglechallenge\Dermnet\train/Seborrheic Keratoses and other Benign Tumors/cylindroma-5.jpg
16,E:\MedicalData\kagglechallenge\Dermnet\train/Seborrheic Keratoses and other Benign Tumors/cylindroma-6.jpg
16,E:\MedicalData\kagglechallenge\Dermnet\train/Seborrheic Keratoses and other Benign Tumors/cylindroma-7.jpg
16,E:\MedicalData\kagglechallenge\Dermnet\train/Seborrheic Keratoses and other Benign Tumors/cylindroma-8.jpg
16,E:\MedicalData\kagglechallenge\Dermnet\train/Seborrheic Keratoses and other Benign Tumors/cylindroma-9.jpg
16,E:\MedicalData\kagglechallenge\Dermnet\train/Seborrheic Keratoses and other Benign Tumors/dermatofibroma-10.jpg
16,E:\MedicalData\kagglechallenge\Dermnet\train/Seborrheic Keratoses and other Benign Tumors/dermatofibroma-100.jpg
16,E:\MedicalData\kagglechallenge\Dermnet\train/Seborrheic Keratoses and other Benign Tumors/dermatofibroma-101.jpg
16,E:\MedicalData\kagglechallenge\Dermnet\train/Seborrheic Keratoses and other Benign Tumors/dermatofibroma-102.jpg
16,E:\MedicalData\kagglechallenge\Dermnet\train/Seborrheic Keratoses and other Benign Tumors/dermatofibroma-103.jpg
16,E:\MedicalData\kagglechallenge\Dermnet\train/Seborrheic Keratoses and other Benign Tumors/dermatofibroma-104.jpg
16,E:\MedicalData\kagglechallenge\Dermnet\train/Seborrheic Keratoses and other Benign Tumors/dermatofibroma-107.jpg
16,E:\MedicalData\kagglechallenge\Dermnet\train/Seborrheic Keratoses and other Benign Tumors/dermatofibroma-11.jpg
16,E:\MedicalData\kagglechallenge\Dermnet\train/Seborrheic Keratoses and other Benign Tumors/dermatofibroma-110.jpg
16,E:\MedicalData\kagglechallenge\Dermnet\train/Seborrheic Keratoses and other Benign Tumors/dermatofibroma-111.jpg
16,E:\MedicalData\kagglechallenge\Dermnet\train/Seborrheic Keratoses and other Benign Tumors/dermatofibroma-113.jpg
16,E:\MedicalData\kagglechallenge\Dermnet\train/Seborrheic Keratoses and other Benign Tumors/dermatofibroma-114.jpg
16,E:\MedicalData\kagglechallenge\Dermnet\train/Seborrheic Keratoses and other Benign Tumors/dermatofibroma-115.jpg
16,E:\MedicalData\kagglechallenge\Dermnet\train/Seborrheic Keratoses and other Benign Tumors/dermatofibroma-116.jpg
16,E:\MedicalData\kagglechallenge\Dermnet\train/Seborrheic Keratoses and other Benign Tumors/dermatofibroma-118.jpg
16,E:\MedicalData\kagglechallenge\Dermnet\train/Seborrheic Keratoses and other Benign Tumors/dermatofibroma-119.jpg
16,E:\MedicalData\kagglechallenge\Dermnet\train/Seborrheic Keratoses and other Benign Tumors/dermatofibroma-120.jpg
16,E:\MedicalData\kagglechallenge\Dermnet\train/Seborrheic Keratoses and other Benign Tumors/dermatofibroma-121.jpg
16,E:\MedicalData\kagglechallenge\Dermnet\train/Seborrheic Keratoses and other Benign Tumors/dermatofibroma-124.jpg
16,E:\MedicalData\kagglechallenge\Dermnet\train/Seborrheic Keratoses and other Benign Tumors/dermatofibroma-125.jpg
16,E:\MedicalData\kagglechallenge\Dermnet\train/Seborrheic Keratoses and other Benign Tumors/dermatofibroma-126.jpg
16,E:\MedicalData\kagglechallenge\Dermnet\train/Seborrheic Keratoses and other Benign Tumors/dermatofibroma-127.jpg
16,E:\MedicalData\kagglechallenge\Dermnet\train/Seborrheic Keratoses and other Benign Tumors/dermatofibroma-128.jpg
16,E:\MedicalData\kagglechallenge\Dermnet\train/Seborrheic Keratoses and other Benign Tumors/dermatofibroma-129.jpg
16,E:\MedicalData\kagglechallenge\Dermnet\train/Seborrheic Keratoses and other Benign Tumors/dermatofibroma-13.jpg
16,E:\MedicalData\kagglechallenge\Dermnet\train/Seborrheic Keratoses and other Benign Tumors/dermatofibroma-130.jpg
16,E:\MedicalData\kagglechallenge\Dermnet\train/Seborrheic Keratoses and other Benign Tumors/dermatofibroma-131.jpg
16,E:\MedicalData\kagglechallenge\Dermnet\train/Seborrheic Keratoses and other Benign Tumors/dermatofibroma-132.jpg
16,E:\MedicalData\kagglechallenge\Dermnet\train/Seborrheic Keratoses and other Benign Tumors/dermatofibroma-134.jpg
16,E:\MedicalData\kagglechallenge\Dermnet\train/Seborrheic Keratoses and other Benign Tumors/dermatofibroma-136.jpg
16,E:\MedicalData\kagglechallenge\Dermnet\train/Seborrheic Keratoses and other Benign Tumors/dermatofibroma-137.jpg
16,E:\MedicalData\kagglechallenge\Dermnet\train/Seborrheic Keratoses and other Benign Tumors/dermatofibroma-14.jpg
16,E:\MedicalData\kagglechallenge\Dermnet\train/Seborrheic Keratoses and other Benign Tumors/dermatofibroma-15.jpg
16,E:\MedicalData\kagglechallenge\Dermnet\train/Seborrheic Keratoses and other Benign Tumors/dermatofibroma-2.jpg
16,E:\MedicalData\kagglechallenge\Dermnet\train/Seborrheic Keratoses and other Benign Tumors/dermatofibroma-20.jpg
16,E:\MedicalData\kagglechallenge\Dermnet\train/Seborrheic Keratoses and other Benign Tumors/dermatofibroma-21.jpg
16,E:\MedicalData\kagglechallenge\Dermnet\train/Seborrheic Keratoses and other Benign Tumors/dermatofibroma-22.jpg
16,E:\MedicalData\kagglechallenge\Dermnet\train/Seborrheic Keratoses and other Benign Tumors/dermatofibroma-23.jpg
16,E:\MedicalData\kagglechallenge\Dermnet\train/Seborrheic Keratoses and other Benign Tumors/dermatofibroma-24.jpg
16,E:\MedicalData\kagglechallenge\Dermnet\train/Seborrheic Keratoses and other Benign Tumors/dermatofibroma-25.jpg
16,E:\MedicalData\kagglechallenge\Dermnet\train/Seborrheic Keratoses and other Benign Tumors/dermatofibroma-26.jpg
16,E:\MedicalData\kagglechallenge\Dermnet\train/Seborrheic Keratoses and other Benign Tumors/dermatofibroma-28.jpg
16,E:\MedicalData\kagglechallenge\Dermnet\train/Seborrheic Keratoses and other Benign Tumors/dermatofibroma-29.jpg
16,E:\MedicalData\kagglechallenge\Dermnet\train/Seborrheic Keratoses and other Benign Tumors/dermatofibroma-3.jpg
16,E:\MedicalData\kagglechallenge\Dermnet\train/Seborrheic Keratoses and other Benign Tumors/dermatofibroma-30.jpg
16,E:\MedicalData\kagglechallenge\Dermnet\train/Seborrheic Keratoses and other Benign Tumors/dermatofibroma-31.jpg
16,E:\MedicalData\kagglechallenge\Dermnet\train/Seborrheic Keratoses and other Benign Tumors/dermatofibroma-32.jpg
16,E:\MedicalData\kagglechallenge\Dermnet\train/Seborrheic Keratoses and other Benign Tumors/dermatofibroma-33.jpg
16,E:\MedicalData\kagglechallenge\Dermnet\train/Seborrheic Keratoses and other Benign Tumors/dermatofibroma-34.jpg
16,E:\MedicalData\kagglechallenge\Dermnet\train/Seborrheic Keratoses and other Benign Tumors/dermatofibroma-35.jpg
16,E:\MedicalData\kagglechallenge\Dermnet\train/Seborrheic Keratoses and other Benign Tumors/dermatofibroma-36.jpg
16,E:\MedicalData\kagglechallenge\Dermnet\train/Seborrheic Keratoses and other Benign Tumors/dermatofibroma-37.jpg
16,E:\MedicalData\kagglechallenge\Dermnet\train/Seborrheic Keratoses and other Benign Tumors/dermatofibroma-38.jpg
16,E:\MedicalData\kagglechallenge\Dermnet\train/Seborrheic Keratoses and other Benign Tumors/dermatofibroma-40.jpg
16,E:\MedicalData\kagglechallenge\Dermnet\train/Seborrheic Keratoses and other Benign Tumors/dermatofibroma-41.jpg
16,E:\MedicalData\kagglechallenge\Dermnet\train/Seborrheic Keratoses and other Benign Tumors/dermatofibroma-42.jpg
16,E:\MedicalData\kagglechallenge\Dermnet\train/Seborrheic Keratoses and other Benign Tumors/dermatofibroma-43.jpg
16,E:\MedicalData\kagglechallenge\Dermnet\train/Seborrheic Keratoses and other Benign Tumors/dermatofibroma-44.jpg
16,E:\MedicalData\kagglechallenge\Dermnet\train/Seborrheic Keratoses and other Benign Tumors/dermatofibroma-5.jpg
16,E:\MedicalData\kagglechallenge\Dermnet\train/Seborrheic Keratoses and other Benign Tumors/dermatofibroma-51.jpg
16,E:\MedicalData\kagglechallenge\Dermnet\train/Seborrheic Keratoses and other Benign Tumors/dermatofibroma-53.jpg
16,E:\MedicalData\kagglechallenge\Dermnet\train/Seborrheic Keratoses and other Benign Tumors/dermatofibroma-54.jpg
16,E:\MedicalData\kagglechallenge\Dermnet\train/Seborrheic Keratoses and other Benign Tumors/dermatofibroma-56.jpg
16,E:\MedicalData\kagglechallenge\Dermnet\train/Seborrheic Keratoses and other Benign Tumors/dermatofibroma-6.jpg
16,E:\MedicalData\kagglechallenge\Dermnet\train/Seborrheic Keratoses and other Benign Tumors/dermatofibroma-60.jpg
16,E:\MedicalData\kagglechallenge\Dermnet\train/Seborrheic Keratoses and other Benign Tumors/dermatofibroma-61.jpg
16,E:\MedicalData\kagglechallenge\Dermnet\train/Seborrheic Keratoses and other Benign Tumors/dermatofibroma-62.jpg
16,E:\MedicalData\kagglechallenge\Dermnet\train/Seborrheic Keratoses and other Benign Tumors/dermatofibroma-63.jpg
16,E:\MedicalData\kagglechallenge\Dermnet\train/Seborrheic Keratoses and other Benign Tumors/dermatofibroma-64.jpg
16,E:\MedicalData\kagglechallenge\Dermnet\train/Seborrheic Keratoses and other Benign Tumors/dermatofibroma-65.jpg
16,E:\MedicalData\kagglechallenge\Dermnet\train/Seborrheic Keratoses and other Benign Tumors/dermatofibroma-66.jpg
16,E:\MedicalData\kagglechallenge\Dermnet\train/Seborrheic Keratoses and other Benign Tumors/dermatofibroma-69.jpg
16,E:\MedicalData\kagglechallenge\Dermnet\train/Seborrheic Keratoses and other Benign Tumors/dermatofibroma-7.jpg
16,E:\MedicalData\kagglechallenge\Dermnet\train/Seborrheic Keratoses and other Benign Tumors/dermatofibroma-71.jpg
16,E:\MedicalData\kagglechallenge\Dermnet\train/Seborrheic Keratoses and other Benign Tumors/dermatofibroma-72.jpg
16,E:\MedicalData\kagglechallenge\Dermnet\train/Seborrheic Keratoses and other Benign Tumors/dermatofibroma-73.jpg
16,E:\MedicalData\kagglechallenge\Dermnet\train/Seborrheic Keratoses and other Benign Tumors/dermatofibroma-75.jpg
16,E:\MedicalData\kagglechallenge\Dermnet\train/Seborrheic Keratoses and other Benign Tumors/dermatofibroma-78.jpg
16,E:\MedicalData\kagglechallenge\Dermnet\train/Seborrheic Keratoses and other Benign Tumors/dermatofibroma-79.jpg
16,E:\MedicalData\kagglechallenge\Dermnet\train/Seborrheic Keratoses and other Benign Tumors/dermatofibroma-8.jpg
16,E:\MedicalData\kagglechallenge\Dermnet\train/Seborrheic Keratoses and other Benign Tumors/dermatofibroma-80.jpg
16,E:\MedicalData\kagglechallenge\Dermnet\train/Seborrheic Keratoses and other Benign Tumors/dermatofibroma-81.jpg
16,E:\MedicalData\kagglechallenge\Dermnet\train/Seborrheic Keratoses and other Benign Tumors/dermatofibroma-83.jpg
16,E:\MedicalData\kagglechallenge\Dermnet\train/Seborrheic Keratoses and other Benign Tumors/dermatofibroma-84.jpg
16,E:\MedicalData\kagglechallenge\Dermnet\train/Seborrheic Keratoses and other Benign Tumors/dermatofibroma-85.jpg
16,E:\MedicalData\kagglechallenge\Dermnet\train/Seborrheic Keratoses and other Benign Tumors/dermatofibroma-88.jpg
16,E:\MedicalData\kagglechallenge\Dermnet\train/Seborrheic Keratoses and other Benign Tumors/dermatofibroma-89.jpg
16,E:\MedicalData\kagglechallenge\Dermnet\train/Seborrheic Keratoses and other Benign Tumors/dermatofibroma-90.jpg
16,E:\MedicalData\kagglechallenge\Dermnet\train/Seborrheic Keratoses and other Benign Tumors/dermatofibroma-91.jpg
16,E:\MedicalData\kagglechallenge\Dermnet\train/Seborrheic Keratoses and other Benign Tumors/dermatofibroma-92.jpg
16,E:\MedicalData\kagglechallenge\Dermnet\train/Seborrheic Keratoses and other Benign Tumors/dermatofibroma-94.jpg
16,E:\MedicalData\kagglechallenge\Dermnet\train/Seborrheic Keratoses and other Benign Tumors/dermatofibroma-95.jpg
16,E:\MedicalData\kagglechallenge\Dermnet\train/Seborrheic Keratoses and other Benign Tumors/dermatofibroma-97.jpg
16,E:\MedicalData\kagglechallenge\Dermnet\train/Seborrheic Keratoses and other Benign Tumors/dermatofibroma-98.jpg
16,E:\MedicalData\kagglechallenge\Dermnet\train/Seborrheic Keratoses and other Benign Tumors/dermatosis-papulosa-nigra-1.jpg
16,E:\MedicalData\kagglechallenge\Dermnet\train/Seborrheic Keratoses and other Benign Tumors/dermatosis-papulosa-nigra-2.jpg
16,E:\MedicalData\kagglechallenge\Dermnet\train/Seborrheic Keratoses and other Benign Tumors/dermatosis-papulosa-nigra-3.jpg
16,E:\MedicalData\kagglechallenge\Dermnet\train/Seborrheic Keratoses and other Benign Tumors/dermatosis-papulosa-nigra-5.jpg
16,E:\MedicalData\kagglechallenge\Dermnet\train/Seborrheic Keratoses and other Benign Tumors/dermatosis-papulosa-nigra-7.jpg
16,E:\MedicalData\kagglechallenge\Dermnet\train/Seborrheic Keratoses and other Benign Tumors/dermatosis-papulosa-nigra-8.jpg
16,E:\MedicalData\kagglechallenge\Dermnet\train/Seborrheic Keratoses and other Benign Tumors/eccrine-spiradenoma-1.jpg
16,E:\MedicalData\kagglechallenge\Dermnet\train/Seborrheic Keratoses and other Benign Tumors/eccrine-spiradenoma-2.jpg
16,E:\MedicalData\kagglechallenge\Dermnet\train/Seborrheic Keratoses and other Benign Tumors/eccrine-spiradenoma-3.jpg
16,E:\MedicalData\kagglechallenge\Dermnet\train/Seborrheic Keratoses and other Benign Tumors/endometriosis-1.jpg
16,E:\MedicalData\kagglechallenge\Dermnet\train/Seborrheic Keratoses and other Benign Tumors/endometriosis-2.jpg
16,E:\MedicalData\kagglechallenge\Dermnet\train/Seborrheic Keratoses and other Benign Tumors/epidermal-cyst-1.jpg
16,E:\MedicalData\kagglechallenge\Dermnet\train/Seborrheic Keratoses and other Benign Tumors/epidermal-cyst-10.jpg
16,E:\MedicalData\kagglechallenge\Dermnet\train/Seborrheic Keratoses and other Benign Tumors/epidermal-cyst-100.jpg
16,E:\MedicalData\kagglechallenge\Dermnet\train/Seborrheic Keratoses and other Benign Tumors/epidermal-cyst-101.jpg
16,E:\MedicalData\kagglechallenge\Dermnet\train/Seborrheic Keratoses and other Benign Tumors/epidermal-cyst-102.jpg
16,E:\MedicalData\kagglechallenge\Dermnet\train/Seborrheic Keratoses and other Benign Tumors/epidermal-cyst-103.jpg
16,E:\MedicalData\kagglechallenge\Dermnet\train/Seborrheic Keratoses and other Benign Tumors/epidermal-cyst-104.jpg
16,E:\MedicalData\kagglechallenge\Dermnet\train/Seborrheic Keratoses and other Benign Tumors/epidermal-cyst-105.jpg
16,E:\MedicalData\kagglechallenge\Dermnet\train/Seborrheic Keratoses and other Benign Tumors/epidermal-cyst-107.jpg
16,E:\MedicalData\kagglechallenge\Dermnet\train/Seborrheic Keratoses and other Benign Tumors/epidermal-cyst-110.jpg
16,E:\MedicalData\kagglechallenge\Dermnet\train/Seborrheic Keratoses and other Benign Tumors/epidermal-cyst-111.jpg
16,E:\MedicalData\kagglechallenge\Dermnet\train/Seborrheic Keratoses and other Benign Tumors/epidermal-cyst-112.jpg
16,E:\MedicalData\kagglechallenge\Dermnet\train/Seborrheic Keratoses and other Benign Tumors/epidermal-cyst-113.jpg
16,E:\MedicalData\kagglechallenge\Dermnet\train/Seborrheic Keratoses and other Benign Tumors/epidermal-cyst-114.jpg
16,E:\MedicalData\kagglechallenge\Dermnet\train/Seborrheic Keratoses and other Benign Tumors/epidermal-cyst-115.jpg
16,E:\MedicalData\kagglechallenge\Dermnet\train/Seborrheic Keratoses and other Benign Tumors/epidermal-cyst-116.jpg
16,E:\MedicalData\kagglechallenge\Dermnet\train/Seborrheic Keratoses and other Benign Tumors/epidermal-cyst-117.jpg
16,E:\MedicalData\kagglechallenge\Dermnet\train/Seborrheic Keratoses and other Benign Tumors/epidermal-cyst-118.jpg
16,E:\MedicalData\kagglechallenge\Dermnet\train/Seborrheic Keratoses and other Benign Tumors/epidermal-cyst-119.jpg
16,E:\MedicalData\kagglechallenge\Dermnet\train/Seborrheic Keratoses and other Benign Tumors/epidermal-cyst-120.jpg
16,E:\MedicalData\kagglechallenge\Dermnet\train/Seborrheic Keratoses and other Benign Tumors/epidermal-cyst-121.jpg
16,E:\MedicalData\kagglechallenge\Dermnet\train/Seborrheic Keratoses and other Benign Tumors/epidermal-cyst-122.jpg
16,E:\MedicalData\kagglechallenge\Dermnet\train/Seborrheic Keratoses and other Benign Tumors/epidermal-cyst-124.jpg
16,E:\MedicalData\kagglechallenge\Dermnet\train/Seborrheic Keratoses and other Benign Tumors/epidermal-cyst-125.jpg
16,E:\MedicalData\kagglechallenge\Dermnet\train/Seborrheic Keratoses and other Benign Tumors/epidermal-cyst-127.jpg
16,E:\MedicalData\kagglechallenge\Dermnet\train/Seborrheic Keratoses and other Benign Tumors/epidermal-cyst-128.jpg
16,E:\MedicalData\kagglechallenge\Dermnet\train/Seborrheic Keratoses and other Benign Tumors/epidermal-cyst-129.jpg
16,E:\MedicalData\kagglechallenge\Dermnet\train/Seborrheic Keratoses and other Benign Tumors/epidermal-cyst-13.jpg
16,E:\MedicalData\kagglechallenge\Dermnet\train/Seborrheic Keratoses and other Benign Tumors/epidermal-cyst-130.jpg
16,E:\MedicalData\kagglechallenge\Dermnet\train/Seborrheic Keratoses and other Benign Tumors/epidermal-cyst-132.jpg
16,E:\MedicalData\kagglechallenge\Dermnet\train/Seborrheic Keratoses and other Benign Tumors/epidermal-cyst-135.jpg
16,E:\MedicalData\kagglechallenge\Dermnet\train/Seborrheic Keratoses and other Benign Tumors/epidermal-cyst-137.jpg
16,E:\MedicalData\kagglechallenge\Dermnet\train/Seborrheic Keratoses and other Benign Tumors/epidermal-cyst-138.jpg
16,E:\MedicalData\kagglechallenge\Dermnet\train/Seborrheic Keratoses and other Benign Tumors/epidermal-cyst-139.jpg
16,E:\MedicalData\kagglechallenge\Dermnet\train/Seborrheic Keratoses and other Benign Tumors/epidermal-cyst-140.jpg
16,E:\MedicalData\kagglechallenge\Dermnet\train/Seborrheic Keratoses and other Benign Tumors/epidermal-cyst-141.jpg
16,E:\MedicalData\kagglechallenge\Dermnet\train/Seborrheic Keratoses and other Benign Tumors/epidermal-cyst-143.jpg
16,E:\MedicalData\kagglechallenge\Dermnet\train/Seborrheic Keratoses and other Benign Tumors/epidermal-cyst-144.jpg
16,E:\MedicalData\kagglechallenge\Dermnet\train/Seborrheic Keratoses and other Benign Tumors/epidermal-cyst-145.jpg
16,E:\MedicalData\kagglechallenge\Dermnet\train/Seborrheic Keratoses and other Benign Tumors/epidermal-cyst-146.jpg
16,E:\MedicalData\kagglechallenge\Dermnet\train/Seborrheic Keratoses and other Benign Tumors/epidermal-cyst-147.jpg
16,E:\MedicalData\kagglechallenge\Dermnet\train/Seborrheic Keratoses and other Benign Tumors/epidermal-cyst-148.jpg
16,E:\MedicalData\kagglechallenge\Dermnet\train/Seborrheic Keratoses and other Benign Tumors/epidermal-cyst-15.jpg
16,E:\MedicalData\kagglechallenge\Dermnet\train/Seborrheic Keratoses and other Benign Tumors/epidermal-cyst-150.jpg
16,E:\MedicalData\kagglechallenge\Dermnet\train/Seborrheic Keratoses and other Benign Tumors/epidermal-cyst-151.jpg
16,E:\MedicalData\kagglechallenge\Dermnet\train/Seborrheic Keratoses and other Benign Tumors/epidermal-cyst-153.jpg
16,E:\MedicalData\kagglechallenge\Dermnet\train/Seborrheic Keratoses and other Benign Tumors/epidermal-cyst-154.jpg
16,E:\MedicalData\kagglechallenge\Dermnet\train/Seborrheic Keratoses and other Benign Tumors/epidermal-cyst-155.jpg
16,E:\MedicalData\kagglechallenge\Dermnet\train/Seborrheic Keratoses and other Benign Tumors/epidermal-cyst-157.jpg
16,E:\MedicalData\kagglechallenge\Dermnet\train/Seborrheic Keratoses and other Benign Tumors/epidermal-cyst-158.jpg
16,E:\MedicalData\kagglechallenge\Dermnet\train/Seborrheic Keratoses and other Benign Tumors/epidermal-cyst-159.jpg
16,E:\MedicalData\kagglechallenge\Dermnet\train/Seborrheic Keratoses and other Benign Tumors/epidermal-cyst-16.jpg
16,E:\MedicalData\kagglechallenge\Dermnet\train/Seborrheic Keratoses and other Benign Tumors/epidermal-cyst-160.jpg
16,E:\MedicalData\kagglechallenge\Dermnet\train/Seborrheic Keratoses and other Benign Tumors/epidermal-cyst-162.jpg
16,E:\MedicalData\kagglechallenge\Dermnet\train/Seborrheic Keratoses and other Benign Tumors/epidermal-cyst-163.jpg
16,E:\MedicalData\kagglechallenge\Dermnet\train/Seborrheic Keratoses and other Benign Tumors/epidermal-cyst-164.jpg
16,E:\MedicalData\kagglechallenge\Dermnet\train/Seborrheic Keratoses and other Benign Tumors/epidermal-cyst-165.jpg
16,E:\MedicalData\kagglechallenge\Dermnet\train/Seborrheic Keratoses and other Benign Tumors/epidermal-cyst-166.jpg
16,E:\MedicalData\kagglechallenge\Dermnet\train/Seborrheic Keratoses and other Benign Tumors/epidermal-cyst-167.jpg
16,E:\MedicalData\kagglechallenge\Dermnet\train/Seborrheic Keratoses and other Benign Tumors/epidermal-cyst-168.jpg
16,E:\MedicalData\kagglechallenge\Dermnet\train/Seborrheic Keratoses and other Benign Tumors/epidermal-cyst-17.jpg
16,E:\MedicalData\kagglechallenge\Dermnet\train/Seborrheic Keratoses and other Benign Tumors/epidermal-cyst-171.jpg
16,E:\MedicalData\kagglechallenge\Dermnet\train/Seborrheic Keratoses and other Benign Tumors/epidermal-cyst-172.jpg
16,E:\MedicalData\kagglechallenge\Dermnet\train/Seborrheic Keratoses and other Benign Tumors/epidermal-cyst-174.jpg
16,E:\MedicalData\kagglechallenge\Dermnet\train/Seborrheic Keratoses and other Benign Tumors/epidermal-cyst-178.jpg
16,E:\MedicalData\kagglechallenge\Dermnet\train/Seborrheic Keratoses and other Benign Tumors/epidermal-cyst-179.jpg
16,E:\MedicalData\kagglechallenge\Dermnet\train/Seborrheic Keratoses and other Benign Tumors/epidermal-cyst-18.jpg
16,E:\MedicalData\kagglechallenge\Dermnet\train/Seborrheic Keratoses and other Benign Tumors/epidermal-cyst-181.jpg
16,E:\MedicalData\kagglechallenge\Dermnet\train/Seborrheic Keratoses and other Benign Tumors/epidermal-cyst-182.jpg
16,E:\MedicalData\kagglechallenge\Dermnet\train/Seborrheic Keratoses and other Benign Tumors/epidermal-cyst-183.jpg
16,E:\MedicalData\kagglechallenge\Dermnet\train/Seborrheic Keratoses and other Benign Tumors/epidermal-cyst-184.jpg
16,E:\MedicalData\kagglechallenge\Dermnet\train/Seborrheic Keratoses and other Benign Tumors/epidermal-cyst-186.jpg
16,E:\MedicalData\kagglechallenge\Dermnet\train/Seborrheic Keratoses and other Benign Tumors/epidermal-cyst-187.jpg
16,E:\MedicalData\kagglechallenge\Dermnet\train/Seborrheic Keratoses and other Benign Tumors/epidermal-cyst-189.jpg
16,E:\MedicalData\kagglechallenge\Dermnet\train/Seborrheic Keratoses and other Benign Tumors/epidermal-cyst-88.jpg
16,E:\MedicalData\kagglechallenge\Dermnet\train/Seborrheic Keratoses and other Benign Tumors/epidermal-cyst-89.jpg
16,E:\MedicalData\kagglechallenge\Dermnet\train/Seborrheic Keratoses and other Benign Tumors/epidermal-cyst-9.jpg
16,E:\MedicalData\kagglechallenge\Dermnet\train/Seborrheic Keratoses and other Benign Tumors/epidermal-cyst-90.jpg
16,E:\MedicalData\kagglechallenge\Dermnet\train/Seborrheic Keratoses and other Benign Tumors/epidermal-cyst-92.jpg
16,E:\MedicalData\kagglechallenge\Dermnet\train/Seborrheic Keratoses and other Benign Tumors/epidermal-cyst-93.jpg
16,E:\MedicalData\kagglechallenge\Dermnet\train/Seborrheic Keratoses and other Benign Tumors/epidermal-cyst-94.jpg
16,E:\MedicalData\kagglechallenge\Dermnet\train/Seborrheic Keratoses and other Benign Tumors/epidermal-cyst-95.jpg
16,E:\MedicalData\kagglechallenge\Dermnet\train/Seborrheic Keratoses and other Benign Tumors/epidermal-cyst-98.jpg
16,E:\MedicalData\kagglechallenge\Dermnet\train/Seborrheic Keratoses and other Benign Tumors/epidermal-cyst-99.jpg
16,E:\MedicalData\kagglechallenge\Dermnet\train/Seborrheic Keratoses and other Benign Tumors/epidermal-nevus-1.jpg
16,E:\MedicalData\kagglechallenge\Dermnet\train/Seborrheic Keratoses and other Benign Tumors/epidermal-nevus-10.jpg
16,E:\MedicalData\kagglechallenge\Dermnet\train/Seborrheic Keratoses and other Benign Tumors/epidermal-nevus-15.jpg
16,E:\MedicalData\kagglechallenge\Dermnet\train/Seborrheic Keratoses and other Benign Tumors/epidermal-nevus-17.jpg
16,E:\MedicalData\kagglechallenge\Dermnet\train/Seborrheic Keratoses and other Benign Tumors/epidermal-nevus-18.jpg
16,E:\MedicalData\kagglechallenge\Dermnet\train/Seborrheic Keratoses and other Benign Tumors/epidermal-nevus-19.jpg
16,E:\MedicalData\kagglechallenge\Dermnet\train/Seborrheic Keratoses and other Benign Tumors/epidermal-nevus-2.jpg
16,E:\MedicalData\kagglechallenge\Dermnet\train/Seborrheic Keratoses and other Benign Tumors/epidermal-nevus-20.jpg
16,E:\MedicalData\kagglechallenge\Dermnet\train/Seborrheic Keratoses and other Benign Tumors/epidermal-nevus-21.jpg
16,E:\MedicalData\kagglechallenge\Dermnet\train/Seborrheic Keratoses and other Benign Tumors/epidermal-nevus-23.jpg
16,E:\MedicalData\kagglechallenge\Dermnet\train/Seborrheic Keratoses and other Benign Tumors/epidermal-nevus-24.jpg
16,E:\MedicalData\kagglechallenge\Dermnet\train/Seborrheic Keratoses and other Benign Tumors/epidermal-nevus-25.jpg
16,E:\MedicalData\kagglechallenge\Dermnet\train/Seborrheic Keratoses and other Benign Tumors/epidermal-nevus-26.jpg
16,E:\MedicalData\kagglechallenge\Dermnet\train/Seborrheic Keratoses and other Benign Tumors/epidermal-nevus-27.jpg
16,E:\MedicalData\kagglechallenge\Dermnet\train/Seborrheic Keratoses and other Benign Tumors/epidermal-nevus-28.jpg
16,E:\MedicalData\kagglechallenge\Dermnet\train/Seborrheic Keratoses and other Benign Tumors/epidermal-nevus-30.jpg
16,E:\MedicalData\kagglechallenge\Dermnet\train/Seborrheic Keratoses and other Benign Tumors/epidermal-nevus-31.jpg
16,E:\MedicalData\kagglechallenge\Dermnet\train/Seborrheic Keratoses and other Benign Tumors/epidermal-nevus-33.jpg
16,E:\MedicalData\kagglechallenge\Dermnet\train/Seborrheic Keratoses and other Benign Tumors/epidermal-nevus-34.jpg
16,E:\MedicalData\kagglechallenge\Dermnet\train/Seborrheic Keratoses and other Benign Tumors/epidermal-nevus-35.jpg
16,E:\MedicalData\kagglechallenge\Dermnet\train/Seborrheic Keratoses and other Benign Tumors/epidermal-nevus-36.jpg
16,E:\MedicalData\kagglechallenge\Dermnet\train/Seborrheic Keratoses and other Benign Tumors/epidermal-nevus-37.jpg
16,E:\MedicalData\kagglechallenge\Dermnet\train/Seborrheic Keratoses and other Benign Tumors/epidermal-nevus-38.jpg
16,E:\MedicalData\kagglechallenge\Dermnet\train/Seborrheic Keratoses and other Benign Tumors/epidermal-nevus-39.jpg
16,E:\MedicalData\kagglechallenge\Dermnet\train/Seborrheic Keratoses and other Benign Tumors/epidermal-nevus-4.jpg
16,E:\MedicalData\kagglechallenge\Dermnet\train/Seborrheic Keratoses and other Benign Tumors/epidermal-nevus-40.jpg
16,E:\MedicalData\kagglechallenge\Dermnet\train/Seborrheic Keratoses and other Benign Tumors/epidermal-nevus-43.jpg
16,E:\MedicalData\kagglechallenge\Dermnet\train/Seborrheic Keratoses and other Benign Tumors/epidermal-nevus-44.jpg
16,E:\MedicalData\kagglechallenge\Dermnet\train/Seborrheic Keratoses and other Benign Tumors/epidermal-nevus-45.jpg
16,E:\MedicalData\kagglechallenge\Dermnet\train/Seborrheic Keratoses and other Benign Tumors/epidermal-nevus-46.jpg
16,E:\MedicalData\kagglechallenge\Dermnet\train/Seborrheic Keratoses and other Benign Tumors/epidermal-nevus-47.jpg
16,E:\MedicalData\kagglechallenge\Dermnet\train/Seborrheic Keratoses and other Benign Tumors/epidermal-nevus-48.jpg
16,E:\MedicalData\kagglechallenge\Dermnet\train/Seborrheic Keratoses and other Benign Tumors/epidermal-nevus-49.jpg
16,E:\MedicalData\kagglechallenge\Dermnet\train/Seborrheic Keratoses and other Benign Tumors/epidermal-nevus-50.jpg
16,E:\MedicalData\kagglechallenge\Dermnet\train/Seborrheic Keratoses and other Benign Tumors/epidermal-nevus-51.jpg
16,E:\MedicalData\kagglechallenge\Dermnet\train/Seborrheic Keratoses and other Benign Tumors/epidermal-nevus-52.jpg
16,E:\MedicalData\kagglechallenge\Dermnet\train/Seborrheic Keratoses and other Benign Tumors/epidermal-nevus-53.jpg
16,E:\MedicalData\kagglechallenge\Dermnet\train/Seborrheic Keratoses and other Benign Tumors/epidermal-nevus-54.jpg
16,E:\MedicalData\kagglechallenge\Dermnet\train/Seborrheic Keratoses and other Benign Tumors/epidermal-nevus-55.jpg
16,E:\MedicalData\kagglechallenge\Dermnet\train/Seborrheic Keratoses and other Benign Tumors/epidermal-nevus-59.jpg
16,E:\MedicalData\kagglechallenge\Dermnet\train/Seborrheic Keratoses and other Benign Tumors/epidermal-nevus-6.jpg
16,E:\MedicalData\kagglechallenge\Dermnet\train/Seborrheic Keratoses and other Benign Tumors/epidermal-nevus-60.jpg
16,E:\MedicalData\kagglechallenge\Dermnet\train/Seborrheic Keratoses and other Benign Tumors/epidermal-nevus-61.jpg
16,E:\MedicalData\kagglechallenge\Dermnet\train/Seborrheic Keratoses and other Benign Tumors/epidermal-nevus-62.jpg
16,E:\MedicalData\kagglechallenge\Dermnet\train/Seborrheic Keratoses and other Benign Tumors/epidermal-nevus-63.jpg
16,E:\MedicalData\kagglechallenge\Dermnet\train/Seborrheic Keratoses and other Benign Tumors/epidermal-nevus-65.jpg
16,E:\MedicalData\kagglechallenge\Dermnet\train/Seborrheic Keratoses and other Benign Tumors/epidermal-nevus-66.jpg
16,E:\MedicalData\kagglechallenge\Dermnet\train/Seborrheic Keratoses and other Benign Tumors/epidermal-nevus-67.jpg
16,E:\MedicalData\kagglechallenge\Dermnet\train/Seborrheic Keratoses and other Benign Tumors/epidermal-nevus-68.jpg
16,E:\MedicalData\kagglechallenge\Dermnet\train/Seborrheic Keratoses and other Benign Tumors/epidermal-nevus-7.jpg
16,E:\MedicalData\kagglechallenge\Dermnet\train/Seborrheic Keratoses and other Benign Tumors/epidermal-nevus-70.jpg
16,E:\MedicalData\kagglechallenge\Dermnet\train/Seborrheic Keratoses and other Benign Tumors/epidermal-nevus-71.jpg
16,E:\MedicalData\kagglechallenge\Dermnet\train/Seborrheic Keratoses and other Benign Tumors/epidermal-nevus-72.jpg
16,E:\MedicalData\kagglechallenge\Dermnet\train/Seborrheic Keratoses and other Benign Tumors/epidermal-nevus-73.jpg
16,E:\MedicalData\kagglechallenge\Dermnet\train/Seborrheic Keratoses and other Benign Tumors/epidermal-nevus-8.jpg
16,E:\MedicalData\kagglechallenge\Dermnet\train/Seborrheic Keratoses and other Benign Tumors/epidermal-nevus-9.jpg
16,E:\MedicalData\kagglechallenge\Dermnet\train/Seborrheic Keratoses and other Benign Tumors/epidermal-nevus-inflammatory-1.jpg
16,E:\MedicalData\kagglechallenge\Dermnet\train/Seborrheic Keratoses and other Benign Tumors/epidermal-nevus-inflammatory-2.jpg
16,E:\MedicalData\kagglechallenge\Dermnet\train/Seborrheic Keratoses and other Benign Tumors/epidermal-nevus-inflammatory-3.jpg
16,E:\MedicalData\kagglechallenge\Dermnet\train/Seborrheic Keratoses and other Benign Tumors/epidermal-nevus-inflammatory-4.jpg
16,E:\MedicalData\kagglechallenge\Dermnet\train/Seborrheic Keratoses and other Benign Tumors/epidermal-nevus-inflammatory-5.jpg
16,E:\MedicalData\kagglechallenge\Dermnet\train/Seborrheic Keratoses and other Benign Tumors/epidermal-nevus-inflammatory-6.jpg
16,E:\MedicalData\kagglechallenge\Dermnet\train/Seborrheic Keratoses and other Benign Tumors/extraneous-digits-1.jpg
16,E:\MedicalData\kagglechallenge\Dermnet\train/Seborrheic Keratoses and other Benign Tumors/fibroma-10.jpg
16,E:\MedicalData\kagglechallenge\Dermnet\train/Seborrheic Keratoses and other Benign Tumors/fibroma-11.jpg
16,E:\MedicalData\kagglechallenge\Dermnet\train/Seborrheic Keratoses and other Benign Tumors/fibroma-2.jpg
16,E:\MedicalData\kagglechallenge\Dermnet\train/Seborrheic Keratoses and other Benign Tumors/fibroma-5.jpg
16,E:\MedicalData\kagglechallenge\Dermnet\train/Seborrheic Keratoses and other Benign Tumors/fibroma-6.jpg
16,E:\MedicalData\kagglechallenge\Dermnet\train/Seborrheic Keratoses and other Benign Tumors/fibroma-9.jpg
16,E:\MedicalData\kagglechallenge\Dermnet\train/Seborrheic Keratoses and other Benign Tumors/fibromatosis-progressive-1.jpg
16,E:\MedicalData\kagglechallenge\Dermnet\train/Seborrheic Keratoses and other Benign Tumors/fibromatosis-progressive-2.jpg
16,E:\MedicalData\kagglechallenge\Dermnet\train/Seborrheic Keratoses and other Benign Tumors/follicular-mucinosis-1.jpg
16,E:\MedicalData\kagglechallenge\Dermnet\train/Seborrheic Keratoses and other Benign Tumors/follicular-mucinosis-2.jpg
16,E:\MedicalData\kagglechallenge\Dermnet\train/Seborrheic Keratoses and other Benign Tumors/follicular-mucinosis-3.jpg
16,E:\MedicalData\kagglechallenge\Dermnet\train/Seborrheic Keratoses and other Benign Tumors/follicular-mucinosis-4.jpg
16,E:\MedicalData\kagglechallenge\Dermnet\train/Seborrheic Keratoses and other Benign Tumors/follicular-mucinosis-5.jpg
16,E:\MedicalData\kagglechallenge\Dermnet\train/Seborrheic Keratoses and other Benign Tumors/granular-cell-tumor-1.jpg
16,E:\MedicalData\kagglechallenge\Dermnet\train/Seborrheic Keratoses and other Benign Tumors/granular-cell-tumor-2.jpg
16,E:\MedicalData\kagglechallenge\Dermnet\train/Seborrheic Keratoses and other Benign Tumors/granuloma-faciale-1.jpg
16,E:\MedicalData\kagglechallenge\Dermnet\train/Seborrheic Keratoses and other Benign Tumors/granuloma-faciale-2.jpg
16,E:\MedicalData\kagglechallenge\Dermnet\train/Seborrheic Keratoses and other Benign Tumors/granuloma-faciale-5.jpg
16,E:\MedicalData\kagglechallenge\Dermnet\train/Seborrheic Keratoses and other Benign Tumors/granuloma-hair-1.jpg
16,E:\MedicalData\kagglechallenge\Dermnet\train/Seborrheic Keratoses and other Benign Tumors/hydrocystoma-10.jpg
16,E:\MedicalData\kagglechallenge\Dermnet\train/Seborrheic Keratoses and other Benign Tumors/hydrocystoma-2.jpg
16,E:\MedicalData\kagglechallenge\Dermnet\train/Seborrheic Keratoses and other Benign Tumors/hydrocystoma-4.jpg
16,E:\MedicalData\kagglechallenge\Dermnet\train/Seborrheic Keratoses and other Benign Tumors/hydrocystoma-5.jpg
16,E:\MedicalData\kagglechallenge\Dermnet\train/Seborrheic Keratoses and other Benign Tumors/hydrocystoma-6.jpg
16,E:\MedicalData\kagglechallenge\Dermnet\train/Seborrheic Keratoses and other Benign Tumors/intraepidermal-epithelioma-1.jpg
16,E:\MedicalData\kagglechallenge\Dermnet\train/Seborrheic Keratoses and other Benign Tumors/intraepidermal-epithelioma-2.jpg
16,E:\MedicalData\kagglechallenge\Dermnet\train/Seborrheic Keratoses and other Benign Tumors/keloids-1.jpg
16,E:\MedicalData\kagglechallenge\Dermnet\train/Seborrheic Keratoses and other Benign Tumors/keloids-10.jpg
16,E:\MedicalData\kagglechallenge\Dermnet\train/Seborrheic Keratoses and other Benign Tumors/keloids-12.jpg
16,E:\MedicalData\kagglechallenge\Dermnet\train/Seborrheic Keratoses and other Benign Tumors/keloids-14.jpg
16,E:\MedicalData\kagglechallenge\Dermnet\train/Seborrheic Keratoses and other Benign Tumors/keloids-16.jpg
16,E:\MedicalData\kagglechallenge\Dermnet\train/Seborrheic Keratoses and other Benign Tumors/keloids-17.jpg
16,E:\MedicalData\kagglechallenge\Dermnet\train/Seborrheic Keratoses and other Benign Tumors/keloids-18.jpg
16,E:\MedicalData\kagglechallenge\Dermnet\train/Seborrheic Keratoses and other Benign Tumors/keloids-19.jpg
16,E:\MedicalData\kagglechallenge\Dermnet\train/Seborrheic Keratoses and other Benign Tumors/keloids-2.jpg
16,E:\MedicalData\kagglechallenge\Dermnet\train/Seborrheic Keratoses and other Benign Tumors/keloids-22.jpg
16,E:\MedicalData\kagglechallenge\Dermnet\train/Seborrheic Keratoses and other Benign Tumors/keloids-24.jpg
16,E:\MedicalData\kagglechallenge\Dermnet\train/Seborrheic Keratoses and other Benign Tumors/keloids-26.jpg
16,E:\MedicalData\kagglechallenge\Dermnet\train/Seborrheic Keratoses and other Benign Tumors/keloids-28.jpg
16,E:\MedicalData\kagglechallenge\Dermnet\train/Seborrheic Keratoses and other Benign Tumors/keloids-30.jpg
16,E:\MedicalData\kagglechallenge\Dermnet\train/Seborrheic Keratoses and other Benign Tumors/keloids-33.jpg
16,E:\MedicalData\kagglechallenge\Dermnet\train/Seborrheic Keratoses and other Benign Tumors/keloids-35.jpg
16,E:\MedicalData\kagglechallenge\Dermnet\train/Seborrheic Keratoses and other Benign Tumors/keloids-36.jpg
16,E:\MedicalData\kagglechallenge\Dermnet\train/Seborrheic Keratoses and other Benign Tumors/keloids-39.jpg
16,E:\MedicalData\kagglechallenge\Dermnet\train/Seborrheic Keratoses and other Benign Tumors/keloids-4.jpg
16,E:\MedicalData\kagglechallenge\Dermnet\train/Seborrheic Keratoses and other Benign Tumors/keloids-40.jpg
16,E:\MedicalData\kagglechallenge\Dermnet\train/Seborrheic Keratoses and other Benign Tumors/keloids-43.jpg
16,E:\MedicalData\kagglechallenge\Dermnet\train/Seborrheic Keratoses and other Benign Tumors/keloids-44.jpg
16,E:\MedicalData\kagglechallenge\Dermnet\train/Seborrheic Keratoses and other Benign Tumors/keloids-45.jpg
16,E:\MedicalData\kagglechallenge\Dermnet\train/Seborrheic Keratoses and other Benign Tumors/keloids-48.jpg
16,E:\MedicalData\kagglechallenge\Dermnet\train/Seborrheic Keratoses and other Benign Tumors/keloids-49.jpg
16,E:\MedicalData\kagglechallenge\Dermnet\train/Seborrheic Keratoses and other Benign Tumors/keloids-5.jpg
16,E:\MedicalData\kagglechallenge\Dermnet\train/Seborrheic Keratoses and other Benign Tumors/keloids-52.jpg
16,E:\MedicalData\kagglechallenge\Dermnet\train/Seborrheic Keratoses and other Benign Tumors/keloids-53.jpg
16,E:\MedicalData\kagglechallenge\Dermnet\train/Seborrheic Keratoses and other Benign Tumors/keloids-54.jpg
16,E:\MedicalData\kagglechallenge\Dermnet\train/Seborrheic Keratoses and other Benign Tumors/keloids-55.jpg
16,E:\MedicalData\kagglechallenge\Dermnet\train/Seborrheic Keratoses and other Benign Tumors/keloids-56.jpg
16,E:\MedicalData\kagglechallenge\Dermnet\train/Seborrheic Keratoses and other Benign Tumors/keloids-58.jpg
16,E:\MedicalData\kagglechallenge\Dermnet\train/Seborrheic Keratoses and other Benign Tumors/keloids-6.jpg
16,E:\MedicalData\kagglechallenge\Dermnet\train/Seborrheic Keratoses and other Benign Tumors/keloids-60.jpg
16,E:\MedicalData\kagglechallenge\Dermnet\train/Seborrheic Keratoses and other Benign Tumors/keloids-61.jpg
16,E:\MedicalData\kagglechallenge\Dermnet\train/Seborrheic Keratoses and other Benign Tumors/keloids-63.jpg
16,E:\MedicalData\kagglechallenge\Dermnet\train/Seborrheic Keratoses and other Benign Tumors/keloids-64.jpg
16,E:\MedicalData\kagglechallenge\Dermnet\train/Seborrheic Keratoses and other Benign Tumors/keloids-65.jpg
16,E:\MedicalData\kagglechallenge\Dermnet\train/Seborrheic Keratoses and other Benign Tumors/keloids-66.jpg
16,E:\MedicalData\kagglechallenge\Dermnet\train/Seborrheic Keratoses and other Benign Tumors/keloids-69.jpg
16,E:\MedicalData\kagglechallenge\Dermnet\train/Seborrheic Keratoses and other Benign Tumors/keloids-70.jpg
16,E:\MedicalData\kagglechallenge\Dermnet\train/Seborrheic Keratoses and other Benign Tumors/keloids-72.jpg
16,E:\MedicalData\kagglechallenge\Dermnet\train/Seborrheic Keratoses and other Benign Tumors/keloids-73.jpg
16,E:\MedicalData\kagglechallenge\Dermnet\train/Seborrheic Keratoses and other Benign Tumors/keloids-74.jpg
16,E:\MedicalData\kagglechallenge\Dermnet\train/Seborrheic Keratoses and other Benign Tumors/keloids-76.jpg
16,E:\MedicalData\kagglechallenge\Dermnet\train/Seborrheic Keratoses and other Benign Tumors/keloids-77.jpg
16,E:\MedicalData\kagglechallenge\Dermnet\train/Seborrheic Keratoses and other Benign Tumors/keloids-79.jpg
16,E:\MedicalData\kagglechallenge\Dermnet\train/Seborrheic Keratoses and other Benign Tumors/keloids-8.jpg
16,E:\MedicalData\kagglechallenge\Dermnet\train/Seborrheic Keratoses and other Benign Tumors/keloids-80.jpg
16,E:\MedicalData\kagglechallenge\Dermnet\train/Seborrheic Keratoses and other Benign Tumors/keloids-9.jpg
16,E:\MedicalData\kagglechallenge\Dermnet\train/Seborrheic Keratoses and other Benign Tumors/keratoacanthoma-100.jpg
16,E:\MedicalData\kagglechallenge\Dermnet\train/Seborrheic Keratoses and other Benign Tumors/keratoacanthoma-101.jpg
16,E:\MedicalData\kagglechallenge\Dermnet\train/Seborrheic Keratoses and other Benign Tumors/keratoacanthoma-102.jpg
16,E:\MedicalData\kagglechallenge\Dermnet\train/Seborrheic Keratoses and other Benign Tumors/keratoacanthoma-103.jpg
16,E:\MedicalData\kagglechallenge\Dermnet\train/Seborrheic Keratoses and other Benign Tumors/keratoacanthoma-104.jpg
16,E:\MedicalData\kagglechallenge\Dermnet\train/Seborrheic Keratoses and other Benign Tumors/keratoacanthoma-105.jpg
16,E:\MedicalData\kagglechallenge\Dermnet\train/Seborrheic Keratoses and other Benign Tumors/keratoacanthoma-106.jpg
16,E:\MedicalData\kagglechallenge\Dermnet\train/Seborrheic Keratoses and other Benign Tumors/keratoacanthoma-107.jpg
16,E:\MedicalData\kagglechallenge\Dermnet\train/Seborrheic Keratoses and other Benign Tumors/keratoacanthoma-108.jpg
16,E:\MedicalData\kagglechallenge\Dermnet\train/Seborrheic Keratoses and other Benign Tumors/keratoacanthoma-109.jpg
16,E:\MedicalData\kagglechallenge\Dermnet\train/Seborrheic Keratoses and other Benign Tumors/keratoacanthoma-110.jpg
16,E:\MedicalData\kagglechallenge\Dermnet\train/Seborrheic Keratoses and other Benign Tumors/keratoacanthoma-111.jpg
16,E:\MedicalData\kagglechallenge\Dermnet\train/Seborrheic Keratoses and other Benign Tumors/keratoacanthoma-112.jpg
16,E:\MedicalData\kagglechallenge\Dermnet\train/Seborrheic Keratoses and other Benign Tumors/keratoacanthoma-113.jpg
16,E:\MedicalData\kagglechallenge\Dermnet\train/Seborrheic Keratoses and other Benign Tumors/keratoacanthoma-114.jpg
16,E:\MedicalData\kagglechallenge\Dermnet\train/Seborrheic Keratoses and other Benign Tumors/keratoacanthoma-115.jpg
16,E:\MedicalData\kagglechallenge\Dermnet\train/Seborrheic Keratoses and other Benign Tumors/keratoacanthoma-116.jpg
16,E:\MedicalData\kagglechallenge\Dermnet\train/Seborrheic Keratoses and other Benign Tumors/keratoacanthoma-119.jpg
16,E:\MedicalData\kagglechallenge\Dermnet\train/Seborrheic Keratoses and other Benign Tumors/keratoacanthoma-12.jpg
16,E:\MedicalData\kagglechallenge\Dermnet\train/Seborrheic Keratoses and other Benign Tumors/keratoacanthoma-120.jpg
16,E:\MedicalData\kagglechallenge\Dermnet\train/Seborrheic Keratoses and other Benign Tumors/keratoacanthoma-121.jpg
16,E:\MedicalData\kagglechallenge\Dermnet\train/Seborrheic Keratoses and other Benign Tumors/keratoacanthoma-122.jpg
16,E:\MedicalData\kagglechallenge\Dermnet\train/Seborrheic Keratoses and other Benign Tumors/keratoacanthoma-124.jpg
16,E:\MedicalData\kagglechallenge\Dermnet\train/Seborrheic Keratoses and other Benign Tumors/keratoacanthoma-125.jpg
16,E:\MedicalData\kagglechallenge\Dermnet\train/Seborrheic Keratoses and other Benign Tumors/keratoacanthoma-126.jpg
16,E:\MedicalData\kagglechallenge\Dermnet\train/Seborrheic Keratoses and other Benign Tumors/keratoacanthoma-127.jpg
16,E:\MedicalData\kagglechallenge\Dermnet\train/Seborrheic Keratoses and other Benign Tumors/keratoacanthoma-128.jpg
16,E:\MedicalData\kagglechallenge\Dermnet\train/Seborrheic Keratoses and other Benign Tumors/keratoacanthoma-129.jpg
16,E:\MedicalData\kagglechallenge\Dermnet\train/Seborrheic Keratoses and other Benign Tumors/keratoacanthoma-130.jpg
16,E:\MedicalData\kagglechallenge\Dermnet\train/Seborrheic Keratoses and other Benign Tumors/keratoacanthoma-133.jpg
16,E:\MedicalData\kagglechallenge\Dermnet\train/Seborrheic Keratoses and other Benign Tumors/keratoacanthoma-134.jpg
16,E:\MedicalData\kagglechallenge\Dermnet\train/Seborrheic Keratoses and other Benign Tumors/keratoacanthoma-138.jpg
16,E:\MedicalData\kagglechallenge\Dermnet\train/Seborrheic Keratoses and other Benign Tumors/keratoacanthoma-140.jpg
16,E:\MedicalData\kagglechallenge\Dermnet\train/Seborrheic Keratoses and other Benign Tumors/keratoacanthoma-142.jpg
16,E:\MedicalData\kagglechallenge\Dermnet\train/Seborrheic Keratoses and other Benign Tumors/keratoacanthoma-144.jpg
16,E:\MedicalData\kagglechallenge\Dermnet\train/Seborrheic Keratoses and other Benign Tumors/keratoacanthoma-146.jpg
16,E:\MedicalData\kagglechallenge\Dermnet\train/Seborrheic Keratoses and other Benign Tumors/keratoacanthoma-147.jpg
16,E:\MedicalData\kagglechallenge\Dermnet\train/Seborrheic Keratoses and other Benign Tumors/keratoacanthoma-148.jpg
16,E:\MedicalData\kagglechallenge\Dermnet\train/Seborrheic Keratoses and other Benign Tumors/keratoacanthoma-149.jpg
16,E:\MedicalData\kagglechallenge\Dermnet\train/Seborrheic Keratoses and other Benign Tumors/keratoacanthoma-15.jpg
16,E:\MedicalData\kagglechallenge\Dermnet\train/Seborrheic Keratoses and other Benign Tumors/keratoacanthoma-152.jpg
16,E:\MedicalData\kagglechallenge\Dermnet\train/Seborrheic Keratoses and other Benign Tumors/keratoacanthoma-153.jpg
16,E:\MedicalData\kagglechallenge\Dermnet\train/Seborrheic Keratoses and other Benign Tumors/keratoacanthoma-154.jpg
16,E:\MedicalData\kagglechallenge\Dermnet\train/Seborrheic Keratoses and other Benign Tumors/keratoacanthoma-155.jpg
16,E:\MedicalData\kagglechallenge\Dermnet\train/Seborrheic Keratoses and other Benign Tumors/keratoacanthoma-156.jpg
16,E:\MedicalData\kagglechallenge\Dermnet\train/Seborrheic Keratoses and other Benign Tumors/keratoacanthoma-158.jpg
16,E:\MedicalData\kagglechallenge\Dermnet\train/Seborrheic Keratoses and other Benign Tumors/keratoacanthoma-16.jpg
16,E:\MedicalData\kagglechallenge\Dermnet\train/Seborrheic Keratoses and other Benign Tumors/keratoacanthoma-160.jpg
16,E:\MedicalData\kagglechallenge\Dermnet\train/Seborrheic Keratoses and other Benign Tumors/keratoacanthoma-162.jpg
16,E:\MedicalData\kagglechallenge\Dermnet\train/Seborrheic Keratoses and other Benign Tumors/keratoacanthoma-163.jpg
16,E:\MedicalData\kagglechallenge\Dermnet\train/Seborrheic Keratoses and other Benign Tumors/keratoacanthoma-165.jpg
16,E:\MedicalData\kagglechallenge\Dermnet\train/Seborrheic Keratoses and other Benign Tumors/keratoacanthoma-166.jpg
16,E:\MedicalData\kagglechallenge\Dermnet\train/Seborrheic Keratoses and other Benign Tumors/keratoacanthoma-168.jpg
16,E:\MedicalData\kagglechallenge\Dermnet\train/Seborrheic Keratoses and other Benign Tumors/keratoacanthoma-17.jpg
16,E:\MedicalData\kagglechallenge\Dermnet\train/Seborrheic Keratoses and other Benign Tumors/keratoacanthoma-171.jpg
16,E:\MedicalData\kagglechallenge\Dermnet\train/Seborrheic Keratoses and other Benign Tumors/keratoacanthoma-172.jpg
16,E:\MedicalData\kagglechallenge\Dermnet\train/Seborrheic Keratoses and other Benign Tumors/keratoacanthoma-174.jpg
16,E:\MedicalData\kagglechallenge\Dermnet\train/Seborrheic Keratoses and other Benign Tumors/keratoacanthoma-175.jpg
16,E:\MedicalData\kagglechallenge\Dermnet\train/Seborrheic Keratoses and other Benign Tumors/keratoacanthoma-176.jpg
16,E:\MedicalData\kagglechallenge\Dermnet\train/Seborrheic Keratoses and other Benign Tumors/keratoacanthoma-177.jpg
16,E:\MedicalData\kagglechallenge\Dermnet\train/Seborrheic Keratoses and other Benign Tumors/keratoacanthoma-178.jpg
16,E:\MedicalData\kagglechallenge\Dermnet\train/Seborrheic Keratoses and other Benign Tumors/keratoacanthoma-179.jpg
16,E:\MedicalData\kagglechallenge\Dermnet\train/Seborrheic Keratoses and other Benign Tumors/keratoacanthoma-18.jpg
16,E:\MedicalData\kagglechallenge\Dermnet\train/Seborrheic Keratoses and other Benign Tumors/keratoacanthoma-180.jpg
16,E:\MedicalData\kagglechallenge\Dermnet\train/Seborrheic Keratoses and other Benign Tumors/keratoacanthoma-182.jpg
16,E:\MedicalData\kagglechallenge\Dermnet\train/Seborrheic Keratoses and other Benign Tumors/keratoacanthoma-183.jpg
16,E:\MedicalData\kagglechallenge\Dermnet\train/Seborrheic Keratoses and other Benign Tumors/keratoacanthoma-184.jpg
16,E:\MedicalData\kagglechallenge\Dermnet\train/Seborrheic Keratoses and other Benign Tumors/keratoacanthoma-185.jpg
16,E:\MedicalData\kagglechallenge\Dermnet\train/Seborrheic Keratoses and other Benign Tumors/keratoacanthoma-186.jpg
16,E:\MedicalData\kagglechallenge\Dermnet\train/Seborrheic Keratoses and other Benign Tumors/keratoacanthoma-187.jpg
16,E:\MedicalData\kagglechallenge\Dermnet\train/Seborrheic Keratoses and other Benign Tumors/keratoacanthoma-189.jpg
16,E:\MedicalData\kagglechallenge\Dermnet\train/Seborrheic Keratoses and other Benign Tumors/keratoacanthoma-19.jpg
16,E:\MedicalData\kagglechallenge\Dermnet\train/Seborrheic Keratoses and other Benign Tumors/keratoacanthoma-190.jpg
16,E:\MedicalData\kagglechallenge\Dermnet\train/Seborrheic Keratoses and other Benign Tumors/keratoacanthoma-191.jpg
16,E:\MedicalData\kagglechallenge\Dermnet\train/Seborrheic Keratoses and other Benign Tumors/keratoacanthoma-192.jpg
16,E:\MedicalData\kagglechallenge\Dermnet\train/Seborrheic Keratoses and other Benign Tumors/keratoacanthoma-193.jpg
16,E:\MedicalData\kagglechallenge\Dermnet\train/Seborrheic Keratoses and other Benign Tumors/keratoacanthoma-79.jpg
16,E:\MedicalData\kagglechallenge\Dermnet\train/Seborrheic Keratoses and other Benign Tumors/keratoacanthoma-80.jpg
16,E:\MedicalData\kagglechallenge\Dermnet\train/Seborrheic Keratoses and other Benign Tumors/keratoacanthoma-81.jpg
16,E:\MedicalData\kagglechallenge\Dermnet\train/Seborrheic Keratoses and other Benign Tumors/keratoacanthoma-85.jpg
16,E:\MedicalData\kagglechallenge\Dermnet\train/Seborrheic Keratoses and other Benign Tumors/keratoacanthoma-86.jpg
16,E:\MedicalData\kagglechallenge\Dermnet\train/Seborrheic Keratoses and other Benign Tumors/keratoacanthoma-87.jpg
16,E:\MedicalData\kagglechallenge\Dermnet\train/Seborrheic Keratoses and other Benign Tumors/keratoacanthoma-88.jpg
16,E:\MedicalData\kagglechallenge\Dermnet\train/Seborrheic Keratoses and other Benign Tumors/keratoacanthoma-89.jpg
16,E:\MedicalData\kagglechallenge\Dermnet\train/Seborrheic Keratoses and other Benign Tumors/keratoacanthoma-91.jpg
16,E:\MedicalData\kagglechallenge\Dermnet\train/Seborrheic Keratoses and other Benign Tumors/keratoacanthoma-92.jpg
16,E:\MedicalData\kagglechallenge\Dermnet\train/Seborrheic Keratoses and other Benign Tumors/keratoacanthoma-93.jpg
16,E:\MedicalData\kagglechallenge\Dermnet\train/Seborrheic Keratoses and other Benign Tumors/keratoacanthoma-94.jpg
16,E:\MedicalData\kagglechallenge\Dermnet\train/Seborrheic Keratoses and other Benign Tumors/keratoacanthoma-95.jpg
16,E:\MedicalData\kagglechallenge\Dermnet\train/Seborrheic Keratoses and other Benign Tumors/keratoacanthoma-96.jpg
16,E:\MedicalData\kagglechallenge\Dermnet\train/Seborrheic Keratoses and other Benign Tumors/keratoacanthoma-97.jpg
16,E:\MedicalData\kagglechallenge\Dermnet\train/Seborrheic Keratoses and other Benign Tumors/keratoacanthoma-98.jpg
16,E:\MedicalData\kagglechallenge\Dermnet\train/Seborrheic Keratoses and other Benign Tumors/keratoacanthoma-99.jpg
16,E:\MedicalData\kagglechallenge\Dermnet\train/Seborrheic Keratoses and other Benign Tumors/keratosis-punctata-3.jpg
16,E:\MedicalData\kagglechallenge\Dermnet\train/Seborrheic Keratoses and other Benign Tumors/keratosis-punctata-4.jpg
16,E:\MedicalData\kagglechallenge\Dermnet\train/Seborrheic Keratoses and other Benign Tumors/knuckle-pads-1.jpg
16,E:\MedicalData\kagglechallenge\Dermnet\train/Seborrheic Keratoses and other Benign Tumors/kyrle-disease-1.jpg
16,E:\MedicalData\kagglechallenge\Dermnet\train/Seborrheic Keratoses and other Benign Tumors/kyrle-disease-10.jpg
16,E:\MedicalData\kagglechallenge\Dermnet\train/Seborrheic Keratoses and other Benign Tumors/kyrle-disease-2.jpg
16,E:\MedicalData\kagglechallenge\Dermnet\train/Seborrheic Keratoses and other Benign Tumors/kyrle-disease-3.jpg
16,E:\MedicalData\kagglechallenge\Dermnet\train/Seborrheic Keratoses and other Benign Tumors/kyrle-disease-5.jpg
16,E:\MedicalData\kagglechallenge\Dermnet\train/Seborrheic Keratoses and other Benign Tumors/kyrle-disease-6.jpg
16,E:\MedicalData\kagglechallenge\Dermnet\train/Seborrheic Keratoses and other Benign Tumors/kyrle-disease-7.jpg
16,E:\MedicalData\kagglechallenge\Dermnet\train/Seborrheic Keratoses and other Benign Tumors/leiomyomata-1.jpg
16,E:\MedicalData\kagglechallenge\Dermnet\train/Seborrheic Keratoses and other Benign Tumors/leiomyomata-10.jpg
16,E:\MedicalData\kagglechallenge\Dermnet\train/Seborrheic Keratoses and other Benign Tumors/leiomyomata-11.jpg
16,E:\MedicalData\kagglechallenge\Dermnet\train/Seborrheic Keratoses and other Benign Tumors/leiomyomata-3.jpg
16,E:\MedicalData\kagglechallenge\Dermnet\train/Seborrheic Keratoses and other Benign Tumors/leiomyomata-5.jpg
16,E:\MedicalData\kagglechallenge\Dermnet\train/Seborrheic Keratoses and other Benign Tumors/leiomyomata-6.jpg
16,E:\MedicalData\kagglechallenge\Dermnet\train/Seborrheic Keratoses and other Benign Tumors/leiomyomata-7.jpg
16,E:\MedicalData\kagglechallenge\Dermnet\train/Seborrheic Keratoses and other Benign Tumors/leiomyomata-8.jpg
16,E:\MedicalData\kagglechallenge\Dermnet\train/Seborrheic Keratoses and other Benign Tumors/leiomyomata-9.jpg
16,E:\MedicalData\kagglechallenge\Dermnet\train/Seborrheic Keratoses and other Benign Tumors/lichen-striatus-1.jpg
16,E:\MedicalData\kagglechallenge\Dermnet\train/Seborrheic Keratoses and other Benign Tumors/lichen-striatus-2.jpg
16,E:\MedicalData\kagglechallenge\Dermnet\train/Seborrheic Keratoses and other Benign Tumors/lymphocytic-infiltrate-jessner-1.jpg
16,E:\MedicalData\kagglechallenge\Dermnet\train/Seborrheic Keratoses and other Benign Tumors/melanoma-mimic-1.jpg
16,E:\MedicalData\kagglechallenge\Dermnet\train/Seborrheic Keratoses and other Benign Tumors/melanoma-mimic-11.jpg
16,E:\MedicalData\kagglechallenge\Dermnet\train/Seborrheic Keratoses and other Benign Tumors/melanoma-mimic-12.jpg
16,E:\MedicalData\kagglechallenge\Dermnet\train/Seborrheic Keratoses and other Benign Tumors/melanoma-mimic-13.jpg
16,E:\MedicalData\kagglechallenge\Dermnet\train/Seborrheic Keratoses and other Benign Tumors/melanoma-mimic-14.jpg
16,E:\MedicalData\kagglechallenge\Dermnet\train/Seborrheic Keratoses and other Benign Tumors/melanoma-mimic-16.jpg
16,E:\MedicalData\kagglechallenge\Dermnet\train/Seborrheic Keratoses and other Benign Tumors/melanoma-mimic-17.jpg
16,E:\MedicalData\kagglechallenge\Dermnet\train/Seborrheic Keratoses and other Benign Tumors/melanoma-mimic-19.jpg
16,E:\MedicalData\kagglechallenge\Dermnet\train/Seborrheic Keratoses and other Benign Tumors/melanoma-mimic-21.jpg
16,E:\MedicalData\kagglechallenge\Dermnet\train/Seborrheic Keratoses and other Benign Tumors/melanoma-mimic-24.jpg
16,E:\MedicalData\kagglechallenge\Dermnet\train/Seborrheic Keratoses and other Benign Tumors/melanoma-mimic-3.jpg
16,E:\MedicalData\kagglechallenge\Dermnet\train/Seborrheic Keratoses and other Benign Tumors/melanoma-mimic-34.jpg
16,E:\MedicalData\kagglechallenge\Dermnet\train/Seborrheic Keratoses and other Benign Tumors/melanoma-mimic-4.jpg
16,E:\MedicalData\kagglechallenge\Dermnet\train/Seborrheic Keratoses and other Benign Tumors/melanoma-mimic-5.jpg
16,E:\MedicalData\kagglechallenge\Dermnet\train/Seborrheic Keratoses and other Benign Tumors/melanoma-mimic-6.jpg
16,E:\MedicalData\kagglechallenge\Dermnet\train/Seborrheic Keratoses and other Benign Tumors/melanoma-mimic-7.jpg
16,E:\MedicalData\kagglechallenge\Dermnet\train/Seborrheic Keratoses and other Benign Tumors/melanoma-mimic-9.jpg
16,E:\MedicalData\kagglechallenge\Dermnet\train/Seborrheic Keratoses and other Benign Tumors/neurofibromas-1.jpg
16,E:\MedicalData\kagglechallenge\Dermnet\train/Seborrheic Keratoses and other Benign Tumors/neurofibromas-10.jpg
16,E:\MedicalData\kagglechallenge\Dermnet\train/Seborrheic Keratoses and other Benign Tumors/neurofibromas-12.jpg
16,E:\MedicalData\kagglechallenge\Dermnet\train/Seborrheic Keratoses and other Benign Tumors/neurofibromas-13.jpg
16,E:\MedicalData\kagglechallenge\Dermnet\train/Seborrheic Keratoses and other Benign Tumors/neurofibromas-14.jpg
16,E:\MedicalData\kagglechallenge\Dermnet\train/Seborrheic Keratoses and other Benign Tumors/neurofibromas-15.jpg
16,E:\MedicalData\kagglechallenge\Dermnet\train/Seborrheic Keratoses and other Benign Tumors/neurofibromas-16.jpg
16,E:\MedicalData\kagglechallenge\Dermnet\train/Seborrheic Keratoses and other Benign Tumors/neurofibromas-17.jpg
16,E:\MedicalData\kagglechallenge\Dermnet\train/Seborrheic Keratoses and other Benign Tumors/neurofibromas-2.jpg
16,E:\MedicalData\kagglechallenge\Dermnet\train/Seborrheic Keratoses and other Benign Tumors/neurofibromas-6.jpg
16,E:\MedicalData\kagglechallenge\Dermnet\train/Seborrheic Keratoses and other Benign Tumors/neurofibromas-7.jpg
16,E:\MedicalData\kagglechallenge\Dermnet\train/Seborrheic Keratoses and other Benign Tumors/neurofibromas-8.jpg
16,E:\MedicalData\kagglechallenge\Dermnet\train/Seborrheic Keratoses and other Benign Tumors/neurofibromas-9.jpg
16,E:\MedicalData\kagglechallenge\Dermnet\train/Seborrheic Keratoses and other Benign Tumors/nevus-sebaceous-1.jpg
16,E:\MedicalData\kagglechallenge\Dermnet\train/Seborrheic Keratoses and other Benign Tumors/nevus-sebaceous-11.jpg
16,E:\MedicalData\kagglechallenge\Dermnet\train/Seborrheic Keratoses and other Benign Tumors/nevus-sebaceous-12.jpg
16,E:\MedicalData\kagglechallenge\Dermnet\train/Seborrheic Keratoses and other Benign Tumors/nevus-sebaceous-13.jpg
16,E:\MedicalData\kagglechallenge\Dermnet\train/Seborrheic Keratoses and other Benign Tumors/nevus-sebaceous-14.jpg
16,E:\MedicalData\kagglechallenge\Dermnet\train/Seborrheic Keratoses and other Benign Tumors/nevus-sebaceous-18.jpg
16,E:\MedicalData\kagglechallenge\Dermnet\train/Seborrheic Keratoses and other Benign Tumors/nevus-sebaceous-19.jpg
16,E:\MedicalData\kagglechallenge\Dermnet\train/Seborrheic Keratoses and other Benign Tumors/nevus-sebaceous-2.jpg
16,E:\MedicalData\kagglechallenge\Dermnet\train/Seborrheic Keratoses and other Benign Tumors/nevus-sebaceous-20.jpg
16,E:\MedicalData\kagglechallenge\Dermnet\train/Seborrheic Keratoses and other Benign Tumors/nevus-sebaceous-22.jpg
16,E:\MedicalData\kagglechallenge\Dermnet\train/Seborrheic Keratoses and other Benign Tumors/nevus-sebaceous-23.jpg
16,E:\MedicalData\kagglechallenge\Dermnet\train/Seborrheic Keratoses and other Benign Tumors/nevus-sebaceous-24.jpg
16,E:\MedicalData\kagglechallenge\Dermnet\train/Seborrheic Keratoses and other Benign Tumors/nevus-sebaceous-25.jpg
16,E:\MedicalData\kagglechallenge\Dermnet\train/Seborrheic Keratoses and other Benign Tumors/nevus-sebaceous-26.jpg
16,E:\MedicalData\kagglechallenge\Dermnet\train/Seborrheic Keratoses and other Benign Tumors/nevus-sebaceous-27.jpg
16,E:\MedicalData\kagglechallenge\Dermnet\train/Seborrheic Keratoses and other Benign Tumors/nevus-sebaceous-28.jpg
16,E:\MedicalData\kagglechallenge\Dermnet\train/Seborrheic Keratoses and other Benign Tumors/nevus-sebaceous-3.jpg
16,E:\MedicalData\kagglechallenge\Dermnet\train/Seborrheic Keratoses and other Benign Tumors/nevus-sebaceous-30.jpg
16,E:\MedicalData\kagglechallenge\Dermnet\train/Seborrheic Keratoses and other Benign Tumors/nevus-sebaceous-33.jpg
16,E:\MedicalData\kagglechallenge\Dermnet\train/Seborrheic Keratoses and other Benign Tumors/nevus-sebaceous-34.jpg
16,E:\MedicalData\kagglechallenge\Dermnet\train/Seborrheic Keratoses and other Benign Tumors/nevus-sebaceous-35.jpg
16,E:\MedicalData\kagglechallenge\Dermnet\train/Seborrheic Keratoses and other Benign Tumors/nevus-sebaceous-36.jpg
16,E:\MedicalData\kagglechallenge\Dermnet\train/Seborrheic Keratoses and other Benign Tumors/nevus-sebaceous-37.jpg
16,E:\MedicalData\kagglechallenge\Dermnet\train/Seborrheic Keratoses and other Benign Tumors/nevus-sebaceous-38.jpg
16,E:\MedicalData\kagglechallenge\Dermnet\train/Seborrheic Keratoses and other Benign Tumors/nevus-sebaceous-39.jpg
16,E:\MedicalData\kagglechallenge\Dermnet\train/Seborrheic Keratoses and other Benign Tumors/nevus-sebaceous-4.jpg
16,E:\MedicalData\kagglechallenge\Dermnet\train/Seborrheic Keratoses and other Benign Tumors/nevus-sebaceous-41.jpg
16,E:\MedicalData\kagglechallenge\Dermnet\train/Seborrheic Keratoses and other Benign Tumors/nevus-sebaceous-42.jpg
16,E:\MedicalData\kagglechallenge\Dermnet\train/Seborrheic Keratoses and other Benign Tumors/nevus-sebaceous-43.jpg
16,E:\MedicalData\kagglechallenge\Dermnet\train/Seborrheic Keratoses and other Benign Tumors/nevus-sebaceous-44.jpg
16,E:\MedicalData\kagglechallenge\Dermnet\train/Seborrheic Keratoses and other Benign Tumors/nevus-sebaceous-45.jpg
16,E:\MedicalData\kagglechallenge\Dermnet\train/Seborrheic Keratoses and other Benign Tumors/nevus-sebaceous-46.jpg
16,E:\MedicalData\kagglechallenge\Dermnet\train/Seborrheic Keratoses and other Benign Tumors/nevus-sebaceous-47.jpg
16,E:\MedicalData\kagglechallenge\Dermnet\train/Seborrheic Keratoses and other Benign Tumors/nevus-sebaceous-48.jpg
16,E:\MedicalData\kagglechallenge\Dermnet\train/Seborrheic Keratoses and other Benign Tumors/nevus-sebaceous-5.jpg
16,E:\MedicalData\kagglechallenge\Dermnet\train/Seborrheic Keratoses and other Benign Tumors/nevus-sebaceous-50.jpg
16,E:\MedicalData\kagglechallenge\Dermnet\train/Seborrheic Keratoses and other Benign Tumors/nevus-sebaceous-52.jpg
16,E:\MedicalData\kagglechallenge\Dermnet\train/Seborrheic Keratoses and other Benign Tumors/nevus-sebaceous-54.jpg
16,E:\MedicalData\kagglechallenge\Dermnet\train/Seborrheic Keratoses and other Benign Tumors/nevus-sebaceous-55.jpg
16,E:\MedicalData\kagglechallenge\Dermnet\train/Seborrheic Keratoses and other Benign Tumors/nevus-sebaceous-59.jpg
16,E:\MedicalData\kagglechallenge\Dermnet\train/Seborrheic Keratoses and other Benign Tumors/nevus-sebaceous-6.jpg
16,E:\MedicalData\kagglechallenge\Dermnet\train/Seborrheic Keratoses and other Benign Tumors/nevus-sebaceous-60.jpg
16,E:\MedicalData\kagglechallenge\Dermnet\train/Seborrheic Keratoses and other Benign Tumors/nevus-sebaceous-61.jpg
16,E:\MedicalData\kagglechallenge\Dermnet\train/Seborrheic Keratoses and other Benign Tumors/nevus-sebaceous-7.jpg
16,E:\MedicalData\kagglechallenge\Dermnet\train/Seborrheic Keratoses and other Benign Tumors/nevus-sebaceous-8.jpg
16,E:\MedicalData\kagglechallenge\Dermnet\train/Seborrheic Keratoses and other Benign Tumors/nevus-sebaceous-9.jpg
16,E:\MedicalData\kagglechallenge\Dermnet\train/Seborrheic Keratoses and other Benign Tumors/pilar-cyst-1.jpg
16,E:\MedicalData\kagglechallenge\Dermnet\train/Seborrheic Keratoses and other Benign Tumors/pilar-cyst-10.jpg
16,E:\MedicalData\kagglechallenge\Dermnet\train/Seborrheic Keratoses and other Benign Tumors/pilar-cyst-12.jpg
16,E:\MedicalData\kagglechallenge\Dermnet\train/Seborrheic Keratoses and other Benign Tumors/pilar-cyst-14.jpg
16,E:\MedicalData\kagglechallenge\Dermnet\train/Seborrheic Keratoses and other Benign Tumors/pilar-cyst-15.jpg
16,E:\MedicalData\kagglechallenge\Dermnet\train/Seborrheic Keratoses and other Benign Tumors/pilar-cyst-17.jpg
16,E:\MedicalData\kagglechallenge\Dermnet\train/Seborrheic Keratoses and other Benign Tumors/pilar-cyst-19.jpg
16,E:\MedicalData\kagglechallenge\Dermnet\train/Seborrheic Keratoses and other Benign Tumors/pilar-cyst-20.jpg
16,E:\MedicalData\kagglechallenge\Dermnet\train/Seborrheic Keratoses and other Benign Tumors/pilar-cyst-21.jpg
16,E:\MedicalData\kagglechallenge\Dermnet\train/Seborrheic Keratoses and other Benign Tumors/pilar-cyst-23.jpg
16,E:\MedicalData\kagglechallenge\Dermnet\train/Seborrheic Keratoses and other Benign Tumors/pilar-cyst-24.jpg
16,E:\MedicalData\kagglechallenge\Dermnet\train/Seborrheic Keratoses and other Benign Tumors/pilar-cyst-26.jpg
16,E:\MedicalData\kagglechallenge\Dermnet\train/Seborrheic Keratoses and other Benign Tumors/pilar-cyst-27.jpg
16,E:\MedicalData\kagglechallenge\Dermnet\train/Seborrheic Keratoses and other Benign Tumors/pilar-cyst-28.jpg
16,E:\MedicalData\kagglechallenge\Dermnet\train/Seborrheic Keratoses and other Benign Tumors/pilar-cyst-29.jpg
16,E:\MedicalData\kagglechallenge\Dermnet\train/Seborrheic Keratoses and other Benign Tumors/pilar-cyst-3.jpg
16,E:\MedicalData\kagglechallenge\Dermnet\train/Seborrheic Keratoses and other Benign Tumors/pilar-cyst-31.jpg
16,E:\MedicalData\kagglechallenge\Dermnet\train/Seborrheic Keratoses and other Benign Tumors/pilar-cyst-32.jpg
16,E:\MedicalData\kagglechallenge\Dermnet\train/Seborrheic Keratoses and other Benign Tumors/pilar-cyst-33.jpg
16,E:\MedicalData\kagglechallenge\Dermnet\train/Seborrheic Keratoses and other Benign Tumors/pilar-cyst-35.jpg
16,E:\MedicalData\kagglechallenge\Dermnet\train/Seborrheic Keratoses and other Benign Tumors/pilar-cyst-36.jpg
16,E:\MedicalData\kagglechallenge\Dermnet\train/Seborrheic Keratoses and other Benign Tumors/pilar-cyst-38.jpg
16,E:\MedicalData\kagglechallenge\Dermnet\train/Seborrheic Keratoses and other Benign Tumors/pilar-cyst-39.jpg
16,E:\MedicalData\kagglechallenge\Dermnet\train/Seborrheic Keratoses and other Benign Tumors/pilar-cyst-43.jpg
16,E:\MedicalData\kagglechallenge\Dermnet\train/Seborrheic Keratoses and other Benign Tumors/pilar-cyst-44.jpg
16,E:\MedicalData\kagglechallenge\Dermnet\train/Seborrheic Keratoses and other Benign Tumors/pilar-cyst-45.jpg
16,E:\MedicalData\kagglechallenge\Dermnet\train/Seborrheic Keratoses and other Benign Tumors/pilar-cyst-46.jpg
16,E:\MedicalData\kagglechallenge\Dermnet\train/Seborrheic Keratoses and other Benign Tumors/pilar-cyst-47.jpg
16,E:\MedicalData\kagglechallenge\Dermnet\train/Seborrheic Keratoses and other Benign Tumors/pilar-cyst-5.jpg
16,E:\MedicalData\kagglechallenge\Dermnet\train/Seborrheic Keratoses and other Benign Tumors/pilar-cyst-50.jpg
16,E:\MedicalData\kagglechallenge\Dermnet\train/Seborrheic Keratoses and other Benign Tumors/pilar-cyst-51.jpg
16,E:\MedicalData\kagglechallenge\Dermnet\train/Seborrheic Keratoses and other Benign Tumors/pilar-cyst-6.jpg
16,E:\MedicalData\kagglechallenge\Dermnet\train/Seborrheic Keratoses and other Benign Tumors/pilar-cyst-7.jpg
16,E:\MedicalData\kagglechallenge\Dermnet\train/Seborrheic Keratoses and other Benign Tumors/pilar-cyst-8.jpg
16,E:\MedicalData\kagglechallenge\Dermnet\train/Seborrheic Keratoses and other Benign Tumors/pilar-cyst-9.jpg
16,E:\MedicalData\kagglechallenge\Dermnet\train/Seborrheic Keratoses and other Benign Tumors/pinkus-tumor-2.jpg
16,E:\MedicalData\kagglechallenge\Dermnet\train/Seborrheic Keratoses and other Benign Tumors/porokeratosis-1.jpg
16,E:\MedicalData\kagglechallenge\Dermnet\train/Seborrheic Keratoses and other Benign Tumors/porokeratosis-10.jpg
16,E:\MedicalData\kagglechallenge\Dermnet\train/Seborrheic Keratoses and other Benign Tumors/porokeratosis-11.jpg
16,E:\MedicalData\kagglechallenge\Dermnet\train/Seborrheic Keratoses and other Benign Tumors/porokeratosis-12.jpg
16,E:\MedicalData\kagglechallenge\Dermnet\train/Seborrheic Keratoses and other Benign Tumors/porokeratosis-13.jpg
16,E:\MedicalData\kagglechallenge\Dermnet\train/Seborrheic Keratoses and other Benign Tumors/porokeratosis-14.jpg
16,E:\MedicalData\kagglechallenge\Dermnet\train/Seborrheic Keratoses and other Benign Tumors/porokeratosis-15.jpg
16,E:\MedicalData\kagglechallenge\Dermnet\train/Seborrheic Keratoses and other Benign Tumors/porokeratosis-16.jpg
16,E:\MedicalData\kagglechallenge\Dermnet\train/Seborrheic Keratoses and other Benign Tumors/porokeratosis-165.jpg
16,E:\MedicalData\kagglechallenge\Dermnet\train/Seborrheic Keratoses and other Benign Tumors/porokeratosis-18.jpg
16,E:\MedicalData\kagglechallenge\Dermnet\train/Seborrheic Keratoses and other Benign Tumors/porokeratosis-2.jpg
16,E:\MedicalData\kagglechallenge\Dermnet\train/Seborrheic Keratoses and other Benign Tumors/porokeratosis-24.jpg
16,E:\MedicalData\kagglechallenge\Dermnet\train/Seborrheic Keratoses and other Benign Tumors/porokeratosis-25.jpg
16,E:\MedicalData\kagglechallenge\Dermnet\train/Seborrheic Keratoses and other Benign Tumors/porokeratosis-27.jpg
16,E:\MedicalData\kagglechallenge\Dermnet\train/Seborrheic Keratoses and other Benign Tumors/porokeratosis-28.jpg
16,E:\MedicalData\kagglechallenge\Dermnet\train/Seborrheic Keratoses and other Benign Tumors/porokeratosis-29.jpg
16,E:\MedicalData\kagglechallenge\Dermnet\train/Seborrheic Keratoses and other Benign Tumors/porokeratosis-3.jpg
16,E:\MedicalData\kagglechallenge\Dermnet\train/Seborrheic Keratoses and other Benign Tumors/porokeratosis-30.jpg
16,E:\MedicalData\kagglechallenge\Dermnet\train/Seborrheic Keratoses and other Benign Tumors/porokeratosis-32.jpg
16,E:\MedicalData\kagglechallenge\Dermnet\train/Seborrheic Keratoses and other Benign Tumors/porokeratosis-33.jpg
16,E:\MedicalData\kagglechallenge\Dermnet\train/Seborrheic Keratoses and other Benign Tumors/porokeratosis-34.jpg
16,E:\MedicalData\kagglechallenge\Dermnet\train/Seborrheic Keratoses and other Benign Tumors/porokeratosis-35.jpg
16,E:\MedicalData\kagglechallenge\Dermnet\train/Seborrheic Keratoses and other Benign Tumors/porokeratosis-37.jpg
16,E:\MedicalData\kagglechallenge\Dermnet\train/Seborrheic Keratoses and other Benign Tumors/porokeratosis-38.jpg
16,E:\MedicalData\kagglechallenge\Dermnet\train/Seborrheic Keratoses and other Benign Tumors/porokeratosis-39.jpg
16,E:\MedicalData\kagglechallenge\Dermnet\train/Seborrheic Keratoses and other Benign Tumors/porokeratosis-40.jpg
16,E:\MedicalData\kagglechallenge\Dermnet\train/Seborrheic Keratoses and other Benign Tumors/porokeratosis-41.jpg
16,E:\MedicalData\kagglechallenge\Dermnet\train/Seborrheic Keratoses and other Benign Tumors/porokeratosis-42.jpg
16,E:\MedicalData\kagglechallenge\Dermnet\train/Seborrheic Keratoses and other Benign Tumors/porokeratosis-44.jpg
16,E:\MedicalData\kagglechallenge\Dermnet\train/Seborrheic Keratoses and other Benign Tumors/porokeratosis-45.jpg
16,E:\MedicalData\kagglechallenge\Dermnet\train/Seborrheic Keratoses and other Benign Tumors/porokeratosis-47.jpg
16,E:\MedicalData\kagglechallenge\Dermnet\train/Seborrheic Keratoses and other Benign Tumors/porokeratosis-48.jpg
16,E:\MedicalData\kagglechallenge\Dermnet\train/Seborrheic Keratoses and other Benign Tumors/porokeratosis-49.jpg
16,E:\MedicalData\kagglechallenge\Dermnet\train/Seborrheic Keratoses and other Benign Tumors/porokeratosis-50.jpg
16,E:\MedicalData\kagglechallenge\Dermnet\train/Seborrheic Keratoses and other Benign Tumors/porokeratosis-52.jpg
16,E:\MedicalData\kagglechallenge\Dermnet\train/Seborrheic Keratoses and other Benign Tumors/porokeratosis-53.jpg
16,E:\MedicalData\kagglechallenge\Dermnet\train/Seborrheic Keratoses and other Benign Tumors/porokeratosis-54.jpg
16,E:\MedicalData\kagglechallenge\Dermnet\train/Seborrheic Keratoses and other Benign Tumors/porokeratosis-55.jpg
16,E:\MedicalData\kagglechallenge\Dermnet\train/Seborrheic Keratoses and other Benign Tumors/porokeratosis-56.jpg
16,E:\MedicalData\kagglechallenge\Dermnet\train/Seborrheic Keratoses and other Benign Tumors/porokeratosis-58.jpg
16,E:\MedicalData\kagglechallenge\Dermnet\train/Seborrheic Keratoses and other Benign Tumors/porokeratosis-59.jpg
16,E:\MedicalData\kagglechallenge\Dermnet\train/Seborrheic Keratoses and other Benign Tumors/porokeratosis-6.jpg
16,E:\MedicalData\kagglechallenge\Dermnet\train/Seborrheic Keratoses and other Benign Tumors/porokeratosis-60.jpg
16,E:\MedicalData\kagglechallenge\Dermnet\train/Seborrheic Keratoses and other Benign Tumors/porokeratosis-61.jpg
16,E:\MedicalData\kagglechallenge\Dermnet\train/Seborrheic Keratoses and other Benign Tumors/porokeratosis-62.jpg
16,E:\MedicalData\kagglechallenge\Dermnet\train/Seborrheic Keratoses and other Benign Tumors/porokeratosis-63.jpg
16,E:\MedicalData\kagglechallenge\Dermnet\train/Seborrheic Keratoses and other Benign Tumors/porokeratosis-64.jpg
16,E:\MedicalData\kagglechallenge\Dermnet\train/Seborrheic Keratoses and other Benign Tumors/porokeratosis-65.jpg
16,E:\MedicalData\kagglechallenge\Dermnet\train/Seborrheic Keratoses and other Benign Tumors/porokeratosis-68.jpg
16,E:\MedicalData\kagglechallenge\Dermnet\train/Seborrheic Keratoses and other Benign Tumors/porokeratosis-69.jpg
16,E:\MedicalData\kagglechallenge\Dermnet\train/Seborrheic Keratoses and other Benign Tumors/porokeratosis-7.jpg
16,E:\MedicalData\kagglechallenge\Dermnet\train/Seborrheic Keratoses and other Benign Tumors/porokeratosis-71.jpg
16,E:\MedicalData\kagglechallenge\Dermnet\train/Seborrheic Keratoses and other Benign Tumors/porokeratosis-72.jpg
16,E:\MedicalData\kagglechallenge\Dermnet\train/Seborrheic Keratoses and other Benign Tumors/porokeratosis-8.jpg
16,E:\MedicalData\kagglechallenge\Dermnet\train/Seborrheic Keratoses and other Benign Tumors/porokeratosis-9.jpg
16,E:\MedicalData\kagglechallenge\Dermnet\train/Seborrheic Keratoses and other Benign Tumors/porokeratosis-98.jpg
16,E:\MedicalData\kagglechallenge\Dermnet\train/Seborrheic Keratoses and other Benign Tumors/porokeratosis-99.jpg
16,E:\MedicalData\kagglechallenge\Dermnet\train/Seborrheic Keratoses and other Benign Tumors/sebaceous-hyperplasia-0098.jpg
16,E:\MedicalData\kagglechallenge\Dermnet\train/Seborrheic Keratoses and other Benign Tumors/sebaceous-hyperplasia-100.jpg
16,E:\MedicalData\kagglechallenge\Dermnet\train/Seborrheic Keratoses and other Benign Tumors/sebaceous-hyperplasia-104.jpg
16,E:\MedicalData\kagglechallenge\Dermnet\train/Seborrheic Keratoses and other Benign Tumors/sebaceous-hyperplasia-11.jpg
16,E:\MedicalData\kagglechallenge\Dermnet\train/Seborrheic Keratoses and other Benign Tumors/sebaceous-hyperplasia-15.jpg
16,E:\MedicalData\kagglechallenge\Dermnet\train/Seborrheic Keratoses and other Benign Tumors/sebaceous-hyperplasia-16.jpg
16,E:\MedicalData\kagglechallenge\Dermnet\train/Seborrheic Keratoses and other Benign Tumors/sebaceous-hyperplasia-18.jpg
16,E:\MedicalData\kagglechallenge\Dermnet\train/Seborrheic Keratoses and other Benign Tumors/sebaceous-hyperplasia-20.jpg
16,E:\MedicalData\kagglechallenge\Dermnet\train/Seborrheic Keratoses and other Benign Tumors/sebaceous-hyperplasia-22.jpg
16,E:\MedicalData\kagglechallenge\Dermnet\train/Seborrheic Keratoses and other Benign Tumors/sebaceous-hyperplasia-23.jpg
16,E:\MedicalData\kagglechallenge\Dermnet\train/Seborrheic Keratoses and other Benign Tumors/sebaceous-hyperplasia-24.jpg
16,E:\MedicalData\kagglechallenge\Dermnet\train/Seborrheic Keratoses and other Benign Tumors/sebaceous-hyperplasia-25.jpg
16,E:\MedicalData\kagglechallenge\Dermnet\train/Seborrheic Keratoses and other Benign Tumors/sebaceous-hyperplasia-26.jpg
16,E:\MedicalData\kagglechallenge\Dermnet\train/Seborrheic Keratoses and other Benign Tumors/sebaceous-hyperplasia-27.jpg
16,E:\MedicalData\kagglechallenge\Dermnet\train/Seborrheic Keratoses and other Benign Tumors/sebaceous-hyperplasia-28.jpg
16,E:\MedicalData\kagglechallenge\Dermnet\train/Seborrheic Keratoses and other Benign Tumors/sebaceous-hyperplasia-3.jpg
16,E:\MedicalData\kagglechallenge\Dermnet\train/Seborrheic Keratoses and other Benign Tumors/sebaceous-hyperplasia-31.jpg
16,E:\MedicalData\kagglechallenge\Dermnet\train/Seborrheic Keratoses and other Benign Tumors/sebaceous-hyperplasia-32.jpg
16,E:\MedicalData\kagglechallenge\Dermnet\train/Seborrheic Keratoses and other Benign Tumors/sebaceous-hyperplasia-33.jpg
16,E:\MedicalData\kagglechallenge\Dermnet\train/Seborrheic Keratoses and other Benign Tumors/sebaceous-hyperplasia-35.jpg
16,E:\MedicalData\kagglechallenge\Dermnet\train/Seborrheic Keratoses and other Benign Tumors/sebaceous-hyperplasia-37.jpg
16,E:\MedicalData\kagglechallenge\Dermnet\train/Seborrheic Keratoses and other Benign Tumors/sebaceous-hyperplasia-38.jpg
16,E:\MedicalData\kagglechallenge\Dermnet\train/Seborrheic Keratoses and other Benign Tumors/sebaceous-hyperplasia-39.jpg
16,E:\MedicalData\kagglechallenge\Dermnet\train/Seborrheic Keratoses and other Benign Tumors/sebaceous-hyperplasia-40.jpg
16,E:\MedicalData\kagglechallenge\Dermnet\train/Seborrheic Keratoses and other Benign Tumors/sebaceous-hyperplasia-41.jpg
16,E:\MedicalData\kagglechallenge\Dermnet\train/Seborrheic Keratoses and other Benign Tumors/sebaceous-hyperplasia-42.jpg
16,E:\MedicalData\kagglechallenge\Dermnet\train/Seborrheic Keratoses and other Benign Tumors/sebaceous-hyperplasia-44.jpg
16,E:\MedicalData\kagglechallenge\Dermnet\train/Seborrheic Keratoses and other Benign Tumors/sebaceous-hyperplasia-45.jpg
16,E:\MedicalData\kagglechallenge\Dermnet\train/Seborrheic Keratoses and other Benign Tumors/sebaceous-hyperplasia-46.jpg
16,E:\MedicalData\kagglechallenge\Dermnet\train/Seborrheic Keratoses and other Benign Tumors/sebaceous-hyperplasia-47.jpg
16,E:\MedicalData\kagglechallenge\Dermnet\train/Seborrheic Keratoses and other Benign Tumors/sebaceous-hyperplasia-48.jpg
16,E:\MedicalData\kagglechallenge\Dermnet\train/Seborrheic Keratoses and other Benign Tumors/sebaceous-hyperplasia-5.jpg
16,E:\MedicalData\kagglechallenge\Dermnet\train/Seborrheic Keratoses and other Benign Tumors/sebaceous-hyperplasia-50.jpg
16,E:\MedicalData\kagglechallenge\Dermnet\train/Seborrheic Keratoses and other Benign Tumors/sebaceous-hyperplasia-52.jpg
16,E:\MedicalData\kagglechallenge\Dermnet\train/Seborrheic Keratoses and other Benign Tumors/sebaceous-hyperplasia-54.jpg
16,E:\MedicalData\kagglechallenge\Dermnet\train/Seborrheic Keratoses and other Benign Tumors/sebaceous-hyperplasia-55.jpg
16,E:\MedicalData\kagglechallenge\Dermnet\train/Seborrheic Keratoses and other Benign Tumors/sebaceous-hyperplasia-56.jpg
16,E:\MedicalData\kagglechallenge\Dermnet\train/Seborrheic Keratoses and other Benign Tumors/sebaceous-hyperplasia-57.jpg
16,E:\MedicalData\kagglechallenge\Dermnet\train/Seborrheic Keratoses and other Benign Tumors/sebaceous-hyperplasia-58.jpg
16,E:\MedicalData\kagglechallenge\Dermnet\train/Seborrheic Keratoses and other Benign Tumors/sebaceous-hyperplasia-6.jpg
16,E:\MedicalData\kagglechallenge\Dermnet\train/Seborrheic Keratoses and other Benign Tumors/sebaceous-hyperplasia-61.jpg
16,E:\MedicalData\kagglechallenge\Dermnet\train/Seborrheic Keratoses and other Benign Tumors/sebaceous-hyperplasia-62.jpg
16,E:\MedicalData\kagglechallenge\Dermnet\train/Seborrheic Keratoses and other Benign Tumors/sebaceous-hyperplasia-63.jpg
16,E:\MedicalData\kagglechallenge\Dermnet\train/Seborrheic Keratoses and other Benign Tumors/sebaceous-hyperplasia-65.jpg
16,E:\MedicalData\kagglechallenge\Dermnet\train/Seborrheic Keratoses and other Benign Tumors/sebaceous-hyperplasia-66.jpg
16,E:\MedicalData\kagglechallenge\Dermnet\train/Seborrheic Keratoses and other Benign Tumors/sebaceous-hyperplasia-67.jpg
16,E:\MedicalData\kagglechallenge\Dermnet\train/Seborrheic Keratoses and other Benign Tumors/sebaceous-hyperplasia-68.jpg
16,E:\MedicalData\kagglechallenge\Dermnet\train/Seborrheic Keratoses and other Benign Tumors/sebaceous-hyperplasia-69.jpg
16,E:\MedicalData\kagglechallenge\Dermnet\train/Seborrheic Keratoses and other Benign Tumors/sebaceous-hyperplasia-7.jpg
16,E:\MedicalData\kagglechallenge\Dermnet\train/Seborrheic Keratoses and other Benign Tumors/sebaceous-hyperplasia-70.jpg
16,E:\MedicalData\kagglechallenge\Dermnet\train/Seborrheic Keratoses and other Benign Tumors/sebaceous-hyperplasia-71.jpg
16,E:\MedicalData\kagglechallenge\Dermnet\train/Seborrheic Keratoses and other Benign Tumors/sebaceous-hyperplasia-72.jpg
16,E:\MedicalData\kagglechallenge\Dermnet\train/Seborrheic Keratoses and other Benign Tumors/sebaceous-hyperplasia-76.jpg
16,E:\MedicalData\kagglechallenge\Dermnet\train/Seborrheic Keratoses and other Benign Tumors/sebaceous-hyperplasia-77.jpg
16,E:\MedicalData\kagglechallenge\Dermnet\train/Seborrheic Keratoses and other Benign Tumors/sebaceous-hyperplasia-78.jpg
16,E:\MedicalData\kagglechallenge\Dermnet\train/Seborrheic Keratoses and other Benign Tumors/sebaceous-hyperplasia-79.jpg
16,E:\MedicalData\kagglechallenge\Dermnet\train/Seborrheic Keratoses and other Benign Tumors/sebaceous-hyperplasia-8.jpg
16,E:\MedicalData\kagglechallenge\Dermnet\train/Seborrheic Keratoses and other Benign Tumors/sebaceous-hyperplasia-81.jpg
16,E:\MedicalData\kagglechallenge\Dermnet\train/Seborrheic Keratoses and other Benign Tumors/sebaceous-hyperplasia-82.jpg
16,E:\MedicalData\kagglechallenge\Dermnet\train/Seborrheic Keratoses and other Benign Tumors/sebaceous-hyperplasia-83.jpg
16,E:\MedicalData\kagglechallenge\Dermnet\train/Seborrheic Keratoses and other Benign Tumors/sebaceous-hyperplasia-85.jpg
16,E:\MedicalData\kagglechallenge\Dermnet\train/Seborrheic Keratoses and other Benign Tumors/sebaceous-hyperplasia-86.jpg
16,E:\MedicalData\kagglechallenge\Dermnet\train/Seborrheic Keratoses and other Benign Tumors/sebaceous-hyperplasia-88.jpg
16,E:\MedicalData\kagglechallenge\Dermnet\train/Seborrheic Keratoses and other Benign Tumors/sebaceous-hyperplasia-89.jpg
16,E:\MedicalData\kagglechallenge\Dermnet\train/Seborrheic Keratoses and other Benign Tumors/sebaceous-hyperplasia-91.jpg
16,E:\MedicalData\kagglechallenge\Dermnet\train/Seborrheic Keratoses and other Benign Tumors/sebaceous-hyperplasia-92.jpg
16,E:\MedicalData\kagglechallenge\Dermnet\train/Seborrheic Keratoses and other Benign Tumors/sebaceous-hyperplasia-93.jpg
16,E:\MedicalData\kagglechallenge\Dermnet\train/Seborrheic Keratoses and other Benign Tumors/sebaceous-hyperplasia-94.jpg
16,E:\MedicalData\kagglechallenge\Dermnet\train/Seborrheic Keratoses and other Benign Tumors/sebaceous-hyperplasia-95.jpg
16,E:\MedicalData\kagglechallenge\Dermnet\train/Seborrheic Keratoses and other Benign Tumors/sebaceous-hyperplasia-97.jpg
16,E:\MedicalData\kagglechallenge\Dermnet\train/Seborrheic Keratoses and other Benign Tumors/sebaceous-hyperplasia-98.jpg
16,E:\MedicalData\kagglechallenge\Dermnet\train/Seborrheic Keratoses and other Benign Tumors/SebaceousAdemoma1.jpg
16,E:\MedicalData\kagglechallenge\Dermnet\train/Seborrheic Keratoses and other Benign Tumors/sebaceousCarcinoma.jpg
16,E:\MedicalData\kagglechallenge\Dermnet\train/Seborrheic Keratoses and other Benign Tumors/Sebaceoushyperplasia.jpg
16,E:\MedicalData\kagglechallenge\Dermnet\train/Seborrheic Keratoses and other Benign Tumors/seborrheic-keratoses-ruff-00134.jpg
16,E:\MedicalData\kagglechallenge\Dermnet\train/Seborrheic Keratoses and other Benign Tumors/seborrheic-keratoses-ruff-1.jpg
16,E:\MedicalData\kagglechallenge\Dermnet\train/Seborrheic Keratoses and other Benign Tumors/seborrheic-keratoses-ruff-10.jpg
16,E:\MedicalData\kagglechallenge\Dermnet\train/Seborrheic Keratoses and other Benign Tumors/seborrheic-keratoses-ruff-102.jpg
16,E:\MedicalData\kagglechallenge\Dermnet\train/Seborrheic Keratoses and other Benign Tumors/seborrheic-keratoses-ruff-104.jpg
16,E:\MedicalData\kagglechallenge\Dermnet\train/Seborrheic Keratoses and other Benign Tumors/seborrheic-keratoses-ruff-105.jpg
16,E:\MedicalData\kagglechallenge\Dermnet\train/Seborrheic Keratoses and other Benign Tumors/seborrheic-keratoses-ruff-106.jpg
16,E:\MedicalData\kagglechallenge\Dermnet\train/Seborrheic Keratoses and other Benign Tumors/seborrheic-keratoses-ruff-108.jpg
16,E:\MedicalData\kagglechallenge\Dermnet\train/Seborrheic Keratoses and other Benign Tumors/seborrheic-keratoses-ruff-109.jpg
16,E:\MedicalData\kagglechallenge\Dermnet\train/Seborrheic Keratoses and other Benign Tumors/seborrheic-keratoses-ruff-11.jpg
16,E:\MedicalData\kagglechallenge\Dermnet\train/Seborrheic Keratoses and other Benign Tumors/seborrheic-keratoses-ruff-110.jpg
16,E:\MedicalData\kagglechallenge\Dermnet\train/Seborrheic Keratoses and other Benign Tumors/seborrheic-keratoses-ruff-112.jpg
16,E:\MedicalData\kagglechallenge\Dermnet\train/Seborrheic Keratoses and other Benign Tumors/seborrheic-keratoses-ruff-113.jpg
16,E:\MedicalData\kagglechallenge\Dermnet\train/Seborrheic Keratoses and other Benign Tumors/seborrheic-keratoses-ruff-115.jpg
16,E:\MedicalData\kagglechallenge\Dermnet\train/Seborrheic Keratoses and other Benign Tumors/seborrheic-keratoses-ruff-117.jpg
16,E:\MedicalData\kagglechallenge\Dermnet\train/Seborrheic Keratoses and other Benign Tumors/seborrheic-keratoses-ruff-118.jpg
16,E:\MedicalData\kagglechallenge\Dermnet\train/Seborrheic Keratoses and other Benign Tumors/seborrheic-keratoses-ruff-121.jpg
16,E:\MedicalData\kagglechallenge\Dermnet\train/Seborrheic Keratoses and other Benign Tumors/seborrheic-keratoses-ruff-122.jpg
16,E:\MedicalData\kagglechallenge\Dermnet\train/Seborrheic Keratoses and other Benign Tumors/seborrheic-keratoses-ruff-124.jpg
16,E:\MedicalData\kagglechallenge\Dermnet\train/Seborrheic Keratoses and other Benign Tumors/seborrheic-keratoses-ruff-127.jpg
16,E:\MedicalData\kagglechallenge\Dermnet\train/Seborrheic Keratoses and other Benign Tumors/seborrheic-keratoses-ruff-129.jpg
16,E:\MedicalData\kagglechallenge\Dermnet\train/Seborrheic Keratoses and other Benign Tumors/seborrheic-keratoses-ruff-13.jpg
16,E:\MedicalData\kagglechallenge\Dermnet\train/Seborrheic Keratoses and other Benign Tumors/seborrheic-keratoses-ruff-131.jpg
16,E:\MedicalData\kagglechallenge\Dermnet\train/Seborrheic Keratoses and other Benign Tumors/seborrheic-keratoses-ruff-132.jpg
16,E:\MedicalData\kagglechallenge\Dermnet\train/Seborrheic Keratoses and other Benign Tumors/seborrheic-keratoses-ruff-133.jpg
16,E:\MedicalData\kagglechallenge\Dermnet\train/Seborrheic Keratoses and other Benign Tumors/seborrheic-keratoses-ruff-134.jpg
16,E:\MedicalData\kagglechallenge\Dermnet\train/Seborrheic Keratoses and other Benign Tumors/seborrheic-keratoses-ruff-136.jpg
16,E:\MedicalData\kagglechallenge\Dermnet\train/Seborrheic Keratoses and other Benign Tumors/seborrheic-keratoses-ruff-137.jpg
16,E:\MedicalData\kagglechallenge\Dermnet\train/Seborrheic Keratoses and other Benign Tumors/seborrheic-keratoses-ruff-14.jpg
16,E:\MedicalData\kagglechallenge\Dermnet\train/Seborrheic Keratoses and other Benign Tumors/seborrheic-keratoses-ruff-140.jpg
16,E:\MedicalData\kagglechallenge\Dermnet\train/Seborrheic Keratoses and other Benign Tumors/seborrheic-keratoses-ruff-141.jpg
16,E:\MedicalData\kagglechallenge\Dermnet\train/Seborrheic Keratoses and other Benign Tumors/seborrheic-keratoses-ruff-142.jpg
16,E:\MedicalData\kagglechallenge\Dermnet\train/Seborrheic Keratoses and other Benign Tumors/seborrheic-keratoses-ruff-143.jpg
16,E:\MedicalData\kagglechallenge\Dermnet\train/Seborrheic Keratoses and other Benign Tumors/seborrheic-keratoses-ruff-144.jpg
16,E:\MedicalData\kagglechallenge\Dermnet\train/Seborrheic Keratoses and other Benign Tumors/seborrheic-keratoses-ruff-145.jpg
16,E:\MedicalData\kagglechallenge\Dermnet\train/Seborrheic Keratoses and other Benign Tumors/seborrheic-keratoses-ruff-147.jpg
16,E:\MedicalData\kagglechallenge\Dermnet\train/Seborrheic Keratoses and other Benign Tumors/seborrheic-keratoses-ruff-15.jpg
16,E:\MedicalData\kagglechallenge\Dermnet\train/Seborrheic Keratoses and other Benign Tumors/seborrheic-keratoses-ruff-150.jpg
16,E:\MedicalData\kagglechallenge\Dermnet\train/Seborrheic Keratoses and other Benign Tumors/seborrheic-keratoses-ruff-151.jpg
16,E:\MedicalData\kagglechallenge\Dermnet\train/Seborrheic Keratoses and other Benign Tumors/seborrheic-keratoses-ruff-152.jpg
16,E:\MedicalData\kagglechallenge\Dermnet\train/Seborrheic Keratoses and other Benign Tumors/seborrheic-keratoses-ruff-153.jpg
16,E:\MedicalData\kagglechallenge\Dermnet\train/Seborrheic Keratoses and other Benign Tumors/seborrheic-keratoses-ruff-154.jpg
16,E:\MedicalData\kagglechallenge\Dermnet\train/Seborrheic Keratoses and other Benign Tumors/seborrheic-keratoses-ruff-155.jpg
16,E:\MedicalData\kagglechallenge\Dermnet\train/Seborrheic Keratoses and other Benign Tumors/seborrheic-keratoses-ruff-156.jpg
16,E:\MedicalData\kagglechallenge\Dermnet\train/Seborrheic Keratoses and other Benign Tumors/seborrheic-keratoses-ruff-157.jpg
16,E:\MedicalData\kagglechallenge\Dermnet\train/Seborrheic Keratoses and other Benign Tumors/seborrheic-keratoses-ruff-158.jpg
16,E:\MedicalData\kagglechallenge\Dermnet\train/Seborrheic Keratoses and other Benign Tumors/seborrheic-keratoses-ruff-16.jpg
16,E:\MedicalData\kagglechallenge\Dermnet\train/Seborrheic Keratoses and other Benign Tumors/seborrheic-keratoses-ruff-160.jpg
16,E:\MedicalData\kagglechallenge\Dermnet\train/Seborrheic Keratoses and other Benign Tumors/seborrheic-keratoses-ruff-161.jpg
16,E:\MedicalData\kagglechallenge\Dermnet\train/Seborrheic Keratoses and other Benign Tumors/seborrheic-keratoses-ruff-162.jpg
16,E:\MedicalData\kagglechallenge\Dermnet\train/Seborrheic Keratoses and other Benign Tumors/seborrheic-keratoses-ruff-163.jpg
16,E:\MedicalData\kagglechallenge\Dermnet\train/Seborrheic Keratoses and other Benign Tumors/seborrheic-keratoses-ruff-164.jpg
16,E:\MedicalData\kagglechallenge\Dermnet\train/Seborrheic Keratoses and other Benign Tumors/seborrheic-keratoses-ruff-165.jpg
16,E:\MedicalData\kagglechallenge\Dermnet\train/Seborrheic Keratoses and other Benign Tumors/seborrheic-keratoses-ruff-166.jpg
16,E:\MedicalData\kagglechallenge\Dermnet\train/Seborrheic Keratoses and other Benign Tumors/seborrheic-keratoses-ruff-167.jpg
16,E:\MedicalData\kagglechallenge\Dermnet\train/Seborrheic Keratoses and other Benign Tumors/seborrheic-keratoses-ruff-168.jpg
16,E:\MedicalData\kagglechallenge\Dermnet\train/Seborrheic Keratoses and other Benign Tumors/seborrheic-keratoses-ruff-169.jpg
16,E:\MedicalData\kagglechallenge\Dermnet\train/Seborrheic Keratoses and other Benign Tumors/seborrheic-keratoses-ruff-17.jpg
16,E:\MedicalData\kagglechallenge\Dermnet\train/Seborrheic Keratoses and other Benign Tumors/seborrheic-keratoses-ruff-171.jpg
16,E:\MedicalData\kagglechallenge\Dermnet\train/Seborrheic Keratoses and other Benign Tumors/seborrheic-keratoses-ruff-172.jpg
16,E:\MedicalData\kagglechallenge\Dermnet\train/Seborrheic Keratoses and other Benign Tumors/seborrheic-keratoses-ruff-173.jpg
16,E:\MedicalData\kagglechallenge\Dermnet\train/Seborrheic Keratoses and other Benign Tumors/seborrheic-keratoses-ruff-177.jpg
16,E:\MedicalData\kagglechallenge\Dermnet\train/Seborrheic Keratoses and other Benign Tumors/seborrheic-keratoses-ruff-178.jpg
16,E:\MedicalData\kagglechallenge\Dermnet\train/Seborrheic Keratoses and other Benign Tumors/seborrheic-keratoses-ruff-179.jpg
16,E:\MedicalData\kagglechallenge\Dermnet\train/Seborrheic Keratoses and other Benign Tumors/seborrheic-keratoses-ruff-18.jpg
16,E:\MedicalData\kagglechallenge\Dermnet\train/Seborrheic Keratoses and other Benign Tumors/seborrheic-keratoses-ruff-180.jpg
16,E:\MedicalData\kagglechallenge\Dermnet\train/Seborrheic Keratoses and other Benign Tumors/seborrheic-keratoses-ruff-181.jpg
16,E:\MedicalData\kagglechallenge\Dermnet\train/Seborrheic Keratoses and other Benign Tumors/seborrheic-keratoses-ruff-183.jpg
16,E:\MedicalData\kagglechallenge\Dermnet\train/Seborrheic Keratoses and other Benign Tumors/seborrheic-keratoses-ruff-185.jpg
16,E:\MedicalData\kagglechallenge\Dermnet\train/Seborrheic Keratoses and other Benign Tumors/seborrheic-keratoses-ruff-186.jpg
16,E:\MedicalData\kagglechallenge\Dermnet\train/Seborrheic Keratoses and other Benign Tumors/seborrheic-keratoses-ruff-188.jpg
16,E:\MedicalData\kagglechallenge\Dermnet\train/Seborrheic Keratoses and other Benign Tumors/seborrheic-keratoses-ruff-189.jpg
16,E:\MedicalData\kagglechallenge\Dermnet\train/Seborrheic Keratoses and other Benign Tumors/seborrheic-keratoses-ruff-19.jpg
16,E:\MedicalData\kagglechallenge\Dermnet\train/Seborrheic Keratoses and other Benign Tumors/seborrheic-keratoses-ruff-190.jpg
16,E:\MedicalData\kagglechallenge\Dermnet\train/Seborrheic Keratoses and other Benign Tumors/seborrheic-keratoses-ruff-191.jpg
16,E:\MedicalData\kagglechallenge\Dermnet\train/Seborrheic Keratoses and other Benign Tumors/seborrheic-keratoses-ruff-192.jpg
16,E:\MedicalData\kagglechallenge\Dermnet\train/Seborrheic Keratoses and other Benign Tumors/seborrheic-keratoses-ruff-194.jpg
16,E:\MedicalData\kagglechallenge\Dermnet\train/Seborrheic Keratoses and other Benign Tumors/seborrheic-keratoses-ruff-8.jpg
16,E:\MedicalData\kagglechallenge\Dermnet\train/Seborrheic Keratoses and other Benign Tumors/seborrheic-keratoses-ruff-81.jpg
16,E:\MedicalData\kagglechallenge\Dermnet\train/Seborrheic Keratoses and other Benign Tumors/seborrheic-keratoses-ruff-83.jpg
16,E:\MedicalData\kagglechallenge\Dermnet\train/Seborrheic Keratoses and other Benign Tumors/seborrheic-keratoses-ruff-84.jpg
16,E:\MedicalData\kagglechallenge\Dermnet\train/Seborrheic Keratoses and other Benign Tumors/seborrheic-keratoses-ruff-85.jpg
16,E:\MedicalData\kagglechallenge\Dermnet\train/Seborrheic Keratoses and other Benign Tumors/seborrheic-keratoses-ruff-86.jpg
16,E:\MedicalData\kagglechallenge\Dermnet\train/Seborrheic Keratoses and other Benign Tumors/seborrheic-keratoses-ruff-87.jpg
16,E:\MedicalData\kagglechallenge\Dermnet\train/Seborrheic Keratoses and other Benign Tumors/seborrheic-keratoses-ruff-88.jpg
16,E:\MedicalData\kagglechallenge\Dermnet\train/Seborrheic Keratoses and other Benign Tumors/seborrheic-keratoses-ruff-89.jpg
16,E:\MedicalData\kagglechallenge\Dermnet\train/Seborrheic Keratoses and other Benign Tumors/seborrheic-keratoses-ruff-9.jpg
16,E:\MedicalData\kagglechallenge\Dermnet\train/Seborrheic Keratoses and other Benign Tumors/seborrheic-keratoses-ruff-90.jpg
16,E:\MedicalData\kagglechallenge\Dermnet\train/Seborrheic Keratoses and other Benign Tumors/seborrheic-keratoses-ruff-94.jpg
16,E:\MedicalData\kagglechallenge\Dermnet\train/Seborrheic Keratoses and other Benign Tumors/seborrheic-keratoses-ruff-95.jpg
16,E:\MedicalData\kagglechallenge\Dermnet\train/Seborrheic Keratoses and other Benign Tumors/seborrheic-keratoses-ruff-96.jpg
16,E:\MedicalData\kagglechallenge\Dermnet\train/Seborrheic Keratoses and other Benign Tumors/seborrheic-keratoses-ruff-97.jpg
16,E:\MedicalData\kagglechallenge\Dermnet\train/Seborrheic Keratoses and other Benign Tumors/seborrheic-keratoses-ruff-98.jpg
16,E:\MedicalData\kagglechallenge\Dermnet\train/Seborrheic Keratoses and other Benign Tumors/seborrheic-keratoses-ruff-99.jpg
16,E:\MedicalData\kagglechallenge\Dermnet\train/Seborrheic Keratoses and other Benign Tumors/seborrheic-keratoses-smooth-10.jpg
16,E:\MedicalData\kagglechallenge\Dermnet\train/Seborrheic Keratoses and other Benign Tumors/seborrheic-keratoses-smooth-100.jpg
16,E:\MedicalData\kagglechallenge\Dermnet\train/Seborrheic Keratoses and other Benign Tumors/seborrheic-keratoses-smooth-101.jpg
16,E:\MedicalData\kagglechallenge\Dermnet\train/Seborrheic Keratoses and other Benign Tumors/seborrheic-keratoses-smooth-102.jpg
16,E:\MedicalData\kagglechallenge\Dermnet\train/Seborrheic Keratoses and other Benign Tumors/seborrheic-keratoses-smooth-103.jpg
16,E:\MedicalData\kagglechallenge\Dermnet\train/Seborrheic Keratoses and other Benign Tumors/seborrheic-keratoses-smooth-104.jpg
16,E:\MedicalData\kagglechallenge\Dermnet\train/Seborrheic Keratoses and other Benign Tumors/seborrheic-keratoses-smooth-105.jpg
16,E:\MedicalData\kagglechallenge\Dermnet\train/Seborrheic Keratoses and other Benign Tumors/seborrheic-keratoses-smooth-106.jpg
16,E:\MedicalData\kagglechallenge\Dermnet\train/Seborrheic Keratoses and other Benign Tumors/seborrheic-keratoses-smooth-108.jpg
16,E:\MedicalData\kagglechallenge\Dermnet\train/Seborrheic Keratoses and other Benign Tumors/seborrheic-keratoses-smooth-109.jpg
16,E:\MedicalData\kagglechallenge\Dermnet\train/Seborrheic Keratoses and other Benign Tumors/seborrheic-keratoses-smooth-11.jpg
16,E:\MedicalData\kagglechallenge\Dermnet\train/Seborrheic Keratoses and other Benign Tumors/seborrheic-keratoses-smooth-111.jpg
16,E:\MedicalData\kagglechallenge\Dermnet\train/Seborrheic Keratoses and other Benign Tumors/seborrheic-keratoses-smooth-115.jpg
16,E:\MedicalData\kagglechallenge\Dermnet\train/Seborrheic Keratoses and other Benign Tumors/seborrheic-keratoses-smooth-117.jpg
16,E:\MedicalData\kagglechallenge\Dermnet\train/Seborrheic Keratoses and other Benign Tumors/seborrheic-keratoses-smooth-119.jpg
16,E:\MedicalData\kagglechallenge\Dermnet\train/Seborrheic Keratoses and other Benign Tumors/seborrheic-keratoses-smooth-12.jpg
16,E:\MedicalData\kagglechallenge\Dermnet\train/Seborrheic Keratoses and other Benign Tumors/seborrheic-keratoses-smooth-120.jpg
16,E:\MedicalData\kagglechallenge\Dermnet\train/Seborrheic Keratoses and other Benign Tumors/seborrheic-keratoses-smooth-122.jpg
16,E:\MedicalData\kagglechallenge\Dermnet\train/Seborrheic Keratoses and other Benign Tumors/seborrheic-keratoses-smooth-124.jpg
16,E:\MedicalData\kagglechallenge\Dermnet\train/Seborrheic Keratoses and other Benign Tumors/seborrheic-keratoses-smooth-125.jpg
16,E:\MedicalData\kagglechallenge\Dermnet\train/Seborrheic Keratoses and other Benign Tumors/seborrheic-keratoses-smooth-126.jpg
16,E:\MedicalData\kagglechallenge\Dermnet\train/Seborrheic Keratoses and other Benign Tumors/seborrheic-keratoses-smooth-128.jpg
16,E:\MedicalData\kagglechallenge\Dermnet\train/Seborrheic Keratoses and other Benign Tumors/seborrheic-keratoses-smooth-129.jpg
16,E:\MedicalData\kagglechallenge\Dermnet\train/Seborrheic Keratoses and other Benign Tumors/seborrheic-keratoses-smooth-13.jpg
16,E:\MedicalData\kagglechallenge\Dermnet\train/Seborrheic Keratoses and other Benign Tumors/seborrheic-keratoses-smooth-130.jpg
16,E:\MedicalData\kagglechallenge\Dermnet\train/Seborrheic Keratoses and other Benign Tumors/seborrheic-keratoses-smooth-131.jpg
16,E:\MedicalData\kagglechallenge\Dermnet\train/Seborrheic Keratoses and other Benign Tumors/seborrheic-keratoses-smooth-14.jpg
16,E:\MedicalData\kagglechallenge\Dermnet\train/Seborrheic Keratoses and other Benign Tumors/seborrheic-keratoses-smooth-15.jpg
16,E:\MedicalData\kagglechallenge\Dermnet\train/Seborrheic Keratoses and other Benign Tumors/seborrheic-keratoses-smooth-17.jpg
16,E:\MedicalData\kagglechallenge\Dermnet\train/Seborrheic Keratoses and other Benign Tumors/seborrheic-keratoses-smooth-18.jpg
16,E:\MedicalData\kagglechallenge\Dermnet\train/Seborrheic Keratoses and other Benign Tumors/seborrheic-keratoses-smooth-19.jpg
16,E:\MedicalData\kagglechallenge\Dermnet\train/Seborrheic Keratoses and other Benign Tumors/seborrheic-keratoses-smooth-21.jpg
16,E:\MedicalData\kagglechallenge\Dermnet\train/Seborrheic Keratoses and other Benign Tumors/seborrheic-keratoses-smooth-23.jpg
16,E:\MedicalData\kagglechallenge\Dermnet\train/Seborrheic Keratoses and other Benign Tumors/seborrheic-keratoses-smooth-24.jpg
16,E:\MedicalData\kagglechallenge\Dermnet\train/Seborrheic Keratoses and other Benign Tumors/seborrheic-keratoses-smooth-25.jpg
16,E:\MedicalData\kagglechallenge\Dermnet\train/Seborrheic Keratoses and other Benign Tumors/seborrheic-keratoses-smooth-27.jpg
16,E:\MedicalData\kagglechallenge\Dermnet\train/Seborrheic Keratoses and other Benign Tumors/seborrheic-keratoses-smooth-28.jpg
16,E:\MedicalData\kagglechallenge\Dermnet\train/Seborrheic Keratoses and other Benign Tumors/seborrheic-keratoses-smooth-29.jpg
16,E:\MedicalData\kagglechallenge\Dermnet\train/Seborrheic Keratoses and other Benign Tumors/seborrheic-keratoses-smooth-3.jpg
16,E:\MedicalData\kagglechallenge\Dermnet\train/Seborrheic Keratoses and other Benign Tumors/seborrheic-keratoses-smooth-30.jpg
16,E:\MedicalData\kagglechallenge\Dermnet\train/Seborrheic Keratoses and other Benign Tumors/seborrheic-keratoses-smooth-33.jpg
16,E:\MedicalData\kagglechallenge\Dermnet\train/Seborrheic Keratoses and other Benign Tumors/seborrheic-keratoses-smooth-34.jpg
16,E:\MedicalData\kagglechallenge\Dermnet\train/Seborrheic Keratoses and other Benign Tumors/seborrheic-keratoses-smooth-37.jpg
16,E:\MedicalData\kagglechallenge\Dermnet\train/Seborrheic Keratoses and other Benign Tumors/seborrheic-keratoses-smooth-38.jpg
16,E:\MedicalData\kagglechallenge\Dermnet\train/Seborrheic Keratoses and other Benign Tumors/seborrheic-keratoses-smooth-39.jpg
16,E:\MedicalData\kagglechallenge\Dermnet\train/Seborrheic Keratoses and other Benign Tumors/seborrheic-keratoses-smooth-4.jpg
16,E:\MedicalData\kagglechallenge\Dermnet\train/Seborrheic Keratoses and other Benign Tumors/seborrheic-keratoses-smooth-40.jpg
16,E:\MedicalData\kagglechallenge\Dermnet\train/Seborrheic Keratoses and other Benign Tumors/seborrheic-keratoses-smooth-43.jpg
16,E:\MedicalData\kagglechallenge\Dermnet\train/Seborrheic Keratoses and other Benign Tumors/seborrheic-keratoses-smooth-46.jpg
16,E:\MedicalData\kagglechallenge\Dermnet\train/Seborrheic Keratoses and other Benign Tumors/seborrheic-keratoses-smooth-48.jpg
16,E:\MedicalData\kagglechallenge\Dermnet\train/Seborrheic Keratoses and other Benign Tumors/seborrheic-keratoses-smooth-49.jpg
16,E:\MedicalData\kagglechallenge\Dermnet\train/Seborrheic Keratoses and other Benign Tumors/seborrheic-keratoses-smooth-5.jpg
16,E:\MedicalData\kagglechallenge\Dermnet\train/Seborrheic Keratoses and other Benign Tumors/seborrheic-keratoses-smooth-50.jpg
16,E:\MedicalData\kagglechallenge\Dermnet\train/Seborrheic Keratoses and other Benign Tumors/seborrheic-keratoses-smooth-52.jpg
16,E:\MedicalData\kagglechallenge\Dermnet\train/Seborrheic Keratoses and other Benign Tumors/seborrheic-keratoses-smooth-54.jpg
16,E:\MedicalData\kagglechallenge\Dermnet\train/Seborrheic Keratoses and other Benign Tumors/seborrheic-keratoses-smooth-55.jpg
16,E:\MedicalData\kagglechallenge\Dermnet\train/Seborrheic Keratoses and other Benign Tumors/seborrheic-keratoses-smooth-56.jpg
16,E:\MedicalData\kagglechallenge\Dermnet\train/Seborrheic Keratoses and other Benign Tumors/seborrheic-keratoses-smooth-58.jpg
16,E:\MedicalData\kagglechallenge\Dermnet\train/Seborrheic Keratoses and other Benign Tumors/seborrheic-keratoses-smooth-59.jpg
16,E:\MedicalData\kagglechallenge\Dermnet\train/Seborrheic Keratoses and other Benign Tumors/seborrheic-keratoses-smooth-60.jpg
16,E:\MedicalData\kagglechallenge\Dermnet\train/Seborrheic Keratoses and other Benign Tumors/seborrheic-keratoses-smooth-61.jpg
16,E:\MedicalData\kagglechallenge\Dermnet\train/Seborrheic Keratoses and other Benign Tumors/seborrheic-keratoses-smooth-63.jpg
16,E:\MedicalData\kagglechallenge\Dermnet\train/Seborrheic Keratoses and other Benign Tumors/seborrheic-keratoses-smooth-64.jpg
16,E:\MedicalData\kagglechallenge\Dermnet\train/Seborrheic Keratoses and other Benign Tumors/seborrheic-keratoses-smooth-65.jpg
16,E:\MedicalData\kagglechallenge\Dermnet\train/Seborrheic Keratoses and other Benign Tumors/seborrheic-keratoses-smooth-67.jpg
16,E:\MedicalData\kagglechallenge\Dermnet\train/Seborrheic Keratoses and other Benign Tumors/seborrheic-keratoses-smooth-69.jpg
16,E:\MedicalData\kagglechallenge\Dermnet\train/Seborrheic Keratoses and other Benign Tumors/seborrheic-keratoses-smooth-7.jpg
16,E:\MedicalData\kagglechallenge\Dermnet\train/Seborrheic Keratoses and other Benign Tumors/seborrheic-keratoses-smooth-70.jpg
16,E:\MedicalData\kagglechallenge\Dermnet\train/Seborrheic Keratoses and other Benign Tumors/seborrheic-keratoses-smooth-71.jpg
16,E:\MedicalData\kagglechallenge\Dermnet\train/Seborrheic Keratoses and other Benign Tumors/seborrheic-keratoses-smooth-72.jpg
16,E:\MedicalData\kagglechallenge\Dermnet\train/Seborrheic Keratoses and other Benign Tumors/seborrheic-keratoses-smooth-73.jpg
16,E:\MedicalData\kagglechallenge\Dermnet\train/Seborrheic Keratoses and other Benign Tumors/seborrheic-keratoses-smooth-74.jpg
16,E:\MedicalData\kagglechallenge\Dermnet\train/Seborrheic Keratoses and other Benign Tumors/seborrheic-keratoses-smooth-75.jpg
16,E:\MedicalData\kagglechallenge\Dermnet\train/Seborrheic Keratoses and other Benign Tumors/seborrheic-keratoses-smooth-77.jpg
16,E:\MedicalData\kagglechallenge\Dermnet\train/Seborrheic Keratoses and other Benign Tumors/seborrheic-keratoses-smooth-79.jpg
16,E:\MedicalData\kagglechallenge\Dermnet\train/Seborrheic Keratoses and other Benign Tumors/seborrheic-keratoses-smooth-8.jpg
16,E:\MedicalData\kagglechallenge\Dermnet\train/Seborrheic Keratoses and other Benign Tumors/seborrheic-keratoses-smooth-80.jpg
16,E:\MedicalData\kagglechallenge\Dermnet\train/Seborrheic Keratoses and other Benign Tumors/seborrheic-keratoses-smooth-81.jpg
16,E:\MedicalData\kagglechallenge\Dermnet\train/Seborrheic Keratoses and other Benign Tumors/seborrheic-keratoses-smooth-82.jpg
16,E:\MedicalData\kagglechallenge\Dermnet\train/Seborrheic Keratoses and other Benign Tumors/seborrheic-keratoses-smooth-83.jpg
16,E:\MedicalData\kagglechallenge\Dermnet\train/Seborrheic Keratoses and other Benign Tumors/seborrheic-keratoses-smooth-84.jpg
16,E:\MedicalData\kagglechallenge\Dermnet\train/Seborrheic Keratoses and other Benign Tumors/seborrheic-keratoses-smooth-85.jpg
16,E:\MedicalData\kagglechallenge\Dermnet\train/Seborrheic Keratoses and other Benign Tumors/seborrheic-keratoses-smooth-86.jpg
16,E:\MedicalData\kagglechallenge\Dermnet\train/Seborrheic Keratoses and other Benign Tumors/seborrheic-keratoses-smooth-87.jpg
16,E:\MedicalData\kagglechallenge\Dermnet\train/Seborrheic Keratoses and other Benign Tumors/seborrheic-keratoses-smooth-88.jpg
16,E:\MedicalData\kagglechallenge\Dermnet\train/Seborrheic Keratoses and other Benign Tumors/seborrheic-keratoses-smooth-89.jpg
16,E:\MedicalData\kagglechallenge\Dermnet\train/Seborrheic Keratoses and other Benign Tumors/seborrheic-keratoses-smooth-9.jpg
16,E:\MedicalData\kagglechallenge\Dermnet\train/Seborrheic Keratoses and other Benign Tumors/seborrheic-keratoses-smooth-90.jpg
16,E:\MedicalData\kagglechallenge\Dermnet\train/Seborrheic Keratoses and other Benign Tumors/seborrheic-keratoses-smooth-92.jpg
16,E:\MedicalData\kagglechallenge\Dermnet\train/Seborrheic Keratoses and other Benign Tumors/seborrheic-keratoses-smooth-93.jpg
16,E:\MedicalData\kagglechallenge\Dermnet\train/Seborrheic Keratoses and other Benign Tumors/seborrheic-keratoses-smooth-95.jpg
16,E:\MedicalData\kagglechallenge\Dermnet\train/Seborrheic Keratoses and other Benign Tumors/seborrheic-keratoses-smooth-96.jpg
16,E:\MedicalData\kagglechallenge\Dermnet\train/Seborrheic Keratoses and other Benign Tumors/seborrheic-keratoses-smooth-97.jpg
16,E:\MedicalData\kagglechallenge\Dermnet\train/Seborrheic Keratoses and other Benign Tumors/seborrheic-keratoses-smooth-98.jpg
16,E:\MedicalData\kagglechallenge\Dermnet\train/Seborrheic Keratoses and other Benign Tumors/seborrheic-keratosis-irritated-10.jpg
16,E:\MedicalData\kagglechallenge\Dermnet\train/Seborrheic Keratoses and other Benign Tumors/seborrheic-keratosis-irritated-100.jpg
16,E:\MedicalData\kagglechallenge\Dermnet\train/Seborrheic Keratoses and other Benign Tumors/seborrheic-keratosis-irritated-102.jpg
16,E:\MedicalData\kagglechallenge\Dermnet\train/Seborrheic Keratoses and other Benign Tumors/seborrheic-keratosis-irritated-103.jpg
16,E:\MedicalData\kagglechallenge\Dermnet\train/Seborrheic Keratoses and other Benign Tumors/seborrheic-keratosis-irritated-104.jpg
16,E:\MedicalData\kagglechallenge\Dermnet\train/Seborrheic Keratoses and other Benign Tumors/seborrheic-keratosis-irritated-106.jpg
16,E:\MedicalData\kagglechallenge\Dermnet\train/Seborrheic Keratoses and other Benign Tumors/seborrheic-keratosis-irritated-108.jpg
16,E:\MedicalData\kagglechallenge\Dermnet\train/Seborrheic Keratoses and other Benign Tumors/seborrheic-keratosis-irritated-11.jpg
16,E:\MedicalData\kagglechallenge\Dermnet\train/Seborrheic Keratoses and other Benign Tumors/seborrheic-keratosis-irritated-111.jpg
16,E:\MedicalData\kagglechallenge\Dermnet\train/Seborrheic Keratoses and other Benign Tumors/seborrheic-keratosis-irritated-112.jpg
16,E:\MedicalData\kagglechallenge\Dermnet\train/Seborrheic Keratoses and other Benign Tumors/seborrheic-keratosis-irritated-116.jpg
16,E:\MedicalData\kagglechallenge\Dermnet\train/Seborrheic Keratoses and other Benign Tumors/seborrheic-keratosis-irritated-117.jpg
16,E:\MedicalData\kagglechallenge\Dermnet\train/Seborrheic Keratoses and other Benign Tumors/seborrheic-keratosis-irritated-118.jpg
16,E:\MedicalData\kagglechallenge\Dermnet\train/Seborrheic Keratoses and other Benign Tumors/seborrheic-keratosis-irritated-119.jpg
16,E:\MedicalData\kagglechallenge\Dermnet\train/Seborrheic Keratoses and other Benign Tumors/seborrheic-keratosis-irritated-12.jpg
16,E:\MedicalData\kagglechallenge\Dermnet\train/Seborrheic Keratoses and other Benign Tumors/seborrheic-keratosis-irritated-120.jpg
16,E:\MedicalData\kagglechallenge\Dermnet\train/Seborrheic Keratoses and other Benign Tumors/seborrheic-keratosis-irritated-121.jpg
16,E:\MedicalData\kagglechallenge\Dermnet\train/Seborrheic Keratoses and other Benign Tumors/seborrheic-keratosis-irritated-122.jpg
16,E:\MedicalData\kagglechallenge\Dermnet\train/Seborrheic Keratoses and other Benign Tumors/seborrheic-keratosis-irritated-125.jpg
16,E:\MedicalData\kagglechallenge\Dermnet\train/Seborrheic Keratoses and other Benign Tumors/seborrheic-keratosis-irritated-127.jpg
16,E:\MedicalData\kagglechallenge\Dermnet\train/Seborrheic Keratoses and other Benign Tumors/seborrheic-keratosis-irritated-128.jpg
16,E:\MedicalData\kagglechallenge\Dermnet\train/Seborrheic Keratoses and other Benign Tumors/seborrheic-keratosis-irritated-13.jpg
16,E:\MedicalData\kagglechallenge\Dermnet\train/Seborrheic Keratoses and other Benign Tumors/seborrheic-keratosis-irritated-131.jpg
16,E:\MedicalData\kagglechallenge\Dermnet\train/Seborrheic Keratoses and other Benign Tumors/seborrheic-keratosis-irritated-132.jpg
16,E:\MedicalData\kagglechallenge\Dermnet\train/Seborrheic Keratoses and other Benign Tumors/seborrheic-keratosis-irritated-133.jpg
16,E:\MedicalData\kagglechallenge\Dermnet\train/Seborrheic Keratoses and other Benign Tumors/seborrheic-keratosis-irritated-134.jpg
16,E:\MedicalData\kagglechallenge\Dermnet\train/Seborrheic Keratoses and other Benign Tumors/seborrheic-keratosis-irritated-136.jpg
16,E:\MedicalData\kagglechallenge\Dermnet\train/Seborrheic Keratoses and other Benign Tumors/seborrheic-keratosis-irritated-138.jpg
16,E:\MedicalData\kagglechallenge\Dermnet\train/Seborrheic Keratoses and other Benign Tumors/seborrheic-keratosis-irritated-139.jpg
16,E:\MedicalData\kagglechallenge\Dermnet\train/Seborrheic Keratoses and other Benign Tumors/seborrheic-keratosis-irritated-141.jpg
16,E:\MedicalData\kagglechallenge\Dermnet\train/Seborrheic Keratoses and other Benign Tumors/seborrheic-keratosis-irritated-142.jpg
16,E:\MedicalData\kagglechallenge\Dermnet\train/Seborrheic Keratoses and other Benign Tumors/seborrheic-keratosis-irritated-143.jpg
16,E:\MedicalData\kagglechallenge\Dermnet\train/Seborrheic Keratoses and other Benign Tumors/seborrheic-keratosis-irritated-144.jpg
16,E:\MedicalData\kagglechallenge\Dermnet\train/Seborrheic Keratoses and other Benign Tumors/seborrheic-keratosis-irritated-146.jpg
16,E:\MedicalData\kagglechallenge\Dermnet\train/Seborrheic Keratoses and other Benign Tumors/seborrheic-keratosis-irritated-147.jpg
16,E:\MedicalData\kagglechallenge\Dermnet\train/Seborrheic Keratoses and other Benign Tumors/seborrheic-keratosis-irritated-148.jpg
16,E:\MedicalData\kagglechallenge\Dermnet\train/Seborrheic Keratoses and other Benign Tumors/seborrheic-keratosis-irritated-151.jpg
16,E:\MedicalData\kagglechallenge\Dermnet\train/Seborrheic Keratoses and other Benign Tumors/seborrheic-keratosis-irritated-154.jpg
16,E:\MedicalData\kagglechallenge\Dermnet\train/Seborrheic Keratoses and other Benign Tumors/seborrheic-keratosis-irritated-156.jpg
16,E:\MedicalData\kagglechallenge\Dermnet\train/Seborrheic Keratoses and other Benign Tumors/seborrheic-keratosis-irritated-157.jpg
16,E:\MedicalData\kagglechallenge\Dermnet\train/Seborrheic Keratoses and other Benign Tumors/seborrheic-keratosis-irritated-158.jpg
16,E:\MedicalData\kagglechallenge\Dermnet\train/Seborrheic Keratoses and other Benign Tumors/seborrheic-keratosis-irritated-159.jpg
16,E:\MedicalData\kagglechallenge\Dermnet\train/Seborrheic Keratoses and other Benign Tumors/seborrheic-keratosis-irritated-16.jpg
16,E:\MedicalData\kagglechallenge\Dermnet\train/Seborrheic Keratoses and other Benign Tumors/seborrheic-keratosis-irritated-160.jpg
16,E:\MedicalData\kagglechallenge\Dermnet\train/Seborrheic Keratoses and other Benign Tumors/seborrheic-keratosis-irritated-161.jpg
16,E:\MedicalData\kagglechallenge\Dermnet\train/Seborrheic Keratoses and other Benign Tumors/seborrheic-keratosis-irritated-163.jpg
16,E:\MedicalData\kagglechallenge\Dermnet\train/Seborrheic Keratoses and other Benign Tumors/seborrheic-keratosis-irritated-164.jpg
16,E:\MedicalData\kagglechallenge\Dermnet\train/Seborrheic Keratoses and other Benign Tumors/seborrheic-keratosis-irritated-165.jpg
16,E:\MedicalData\kagglechallenge\Dermnet\train/Seborrheic Keratoses and other Benign Tumors/seborrheic-keratosis-irritated-166.jpg
16,E:\MedicalData\kagglechallenge\Dermnet\train/Seborrheic Keratoses and other Benign Tumors/seborrheic-keratosis-irritated-167.jpg
16,E:\MedicalData\kagglechallenge\Dermnet\train/Seborrheic Keratoses and other Benign Tumors/seborrheic-keratosis-irritated-169.jpg
16,E:\MedicalData\kagglechallenge\Dermnet\train/Seborrheic Keratoses and other Benign Tumors/seborrheic-keratosis-irritated-170.jpg
16,E:\MedicalData\kagglechallenge\Dermnet\train/Seborrheic Keratoses and other Benign Tumors/seborrheic-keratosis-irritated-171.jpg
16,E:\MedicalData\kagglechallenge\Dermnet\train/Seborrheic Keratoses and other Benign Tumors/seborrheic-keratosis-irritated-172.jpg
16,E:\MedicalData\kagglechallenge\Dermnet\train/Seborrheic Keratoses and other Benign Tumors/seborrheic-keratosis-irritated-173.jpg
16,E:\MedicalData\kagglechallenge\Dermnet\train/Seborrheic Keratoses and other Benign Tumors/seborrheic-keratosis-irritated-174.jpg
16,E:\MedicalData\kagglechallenge\Dermnet\train/Seborrheic Keratoses and other Benign Tumors/seborrheic-keratosis-irritated-175.jpg
16,E:\MedicalData\kagglechallenge\Dermnet\train/Seborrheic Keratoses and other Benign Tumors/seborrheic-keratosis-irritated-176.jpg
16,E:\MedicalData\kagglechallenge\Dermnet\train/Seborrheic Keratoses and other Benign Tumors/seborrheic-keratosis-irritated-177.jpg
16,E:\MedicalData\kagglechallenge\Dermnet\train/Seborrheic Keratoses and other Benign Tumors/seborrheic-keratosis-irritated-178.jpg
16,E:\MedicalData\kagglechallenge\Dermnet\train/Seborrheic Keratoses and other Benign Tumors/seborrheic-keratosis-irritated-179.jpg
16,E:\MedicalData\kagglechallenge\Dermnet\train/Seborrheic Keratoses and other Benign Tumors/seborrheic-keratosis-irritated-18.jpg
16,E:\MedicalData\kagglechallenge\Dermnet\train/Seborrheic Keratoses and other Benign Tumors/seborrheic-keratosis-irritated-180.jpg
16,E:\MedicalData\kagglechallenge\Dermnet\train/Seborrheic Keratoses and other Benign Tumors/seborrheic-keratosis-irritated-181.jpg
16,E:\MedicalData\kagglechallenge\Dermnet\train/Seborrheic Keratoses and other Benign Tumors/seborrheic-keratosis-irritated-182.jpg
16,E:\MedicalData\kagglechallenge\Dermnet\train/Seborrheic Keratoses and other Benign Tumors/seborrheic-keratosis-irritated-183.jpg
16,E:\MedicalData\kagglechallenge\Dermnet\train/Seborrheic Keratoses and other Benign Tumors/seborrheic-keratosis-irritated-185.jpg
16,E:\MedicalData\kagglechallenge\Dermnet\train/Seborrheic Keratoses and other Benign Tumors/seborrheic-keratosis-irritated-19.jpg
16,E:\MedicalData\kagglechallenge\Dermnet\train/Seborrheic Keratoses and other Benign Tumors/seborrheic-keratosis-irritated-2.jpg
16,E:\MedicalData\kagglechallenge\Dermnet\train/Seborrheic Keratoses and other Benign Tumors/seborrheic-keratosis-irritated-24.jpg
16,E:\MedicalData\kagglechallenge\Dermnet\train/Seborrheic Keratoses and other Benign Tumors/seborrheic-keratosis-irritated-25.jpg
16,E:\MedicalData\kagglechallenge\Dermnet\train/Seborrheic Keratoses and other Benign Tumors/seborrheic-keratosis-irritated-26.jpg
16,E:\MedicalData\kagglechallenge\Dermnet\train/Seborrheic Keratoses and other Benign Tumors/seborrheic-keratosis-irritated-27.jpg
16,E:\MedicalData\kagglechallenge\Dermnet\train/Seborrheic Keratoses and other Benign Tumors/seborrheic-keratosis-irritated-29.jpg
16,E:\MedicalData\kagglechallenge\Dermnet\train/Seborrheic Keratoses and other Benign Tumors/seborrheic-keratosis-irritated-30.jpg
16,E:\MedicalData\kagglechallenge\Dermnet\train/Seborrheic Keratoses and other Benign Tumors/seborrheic-keratosis-irritated-31.jpg
16,E:\MedicalData\kagglechallenge\Dermnet\train/Seborrheic Keratoses and other Benign Tumors/seborrheic-keratosis-irritated-33.jpg
16,E:\MedicalData\kagglechallenge\Dermnet\train/Seborrheic Keratoses and other Benign Tumors/seborrheic-keratosis-irritated-35.jpg
16,E:\MedicalData\kagglechallenge\Dermnet\train/Seborrheic Keratoses and other Benign Tumors/seborrheic-keratosis-irritated-82.jpg
16,E:\MedicalData\kagglechallenge\Dermnet\train/Seborrheic Keratoses and other Benign Tumors/seborrheic-keratosis-irritated-84.jpg
16,E:\MedicalData\kagglechallenge\Dermnet\train/Seborrheic Keratoses and other Benign Tumors/seborrheic-keratosis-irritated-85.jpg
16,E:\MedicalData\kagglechallenge\Dermnet\train/Seborrheic Keratoses and other Benign Tumors/seborrheic-keratosis-irritated-87.jpg
16,E:\MedicalData\kagglechallenge\Dermnet\train/Seborrheic Keratoses and other Benign Tumors/seborrheic-keratosis-irritated-9.jpg
16,E:\MedicalData\kagglechallenge\Dermnet\train/Seborrheic Keratoses and other Benign Tumors/seborrheic-keratosis-irritated-90.jpg
16,E:\MedicalData\kagglechallenge\Dermnet\train/Seborrheic Keratoses and other Benign Tumors/seborrheic-keratosis-irritated-92.jpg
16,E:\MedicalData\kagglechallenge\Dermnet\train/Seborrheic Keratoses and other Benign Tumors/seborrheic-keratosis-irritated-93.jpg
16,E:\MedicalData\kagglechallenge\Dermnet\train/Seborrheic Keratoses and other Benign Tumors/seborrheic-keratosis-irritated-94.jpg
16,E:\MedicalData\kagglechallenge\Dermnet\train/Seborrheic Keratoses and other Benign Tumors/seborrheic-keratosis-irritated-95.jpg
16,E:\MedicalData\kagglechallenge\Dermnet\train/Seborrheic Keratoses and other Benign Tumors/seborrheic-keratosis-irritated-96.jpg
16,E:\MedicalData\kagglechallenge\Dermnet\train/Seborrheic Keratoses and other Benign Tumors/seborrheic-keratosis-irritated-97.jpg
16,E:\MedicalData\kagglechallenge\Dermnet\train/Seborrheic Keratoses and other Benign Tumors/seborrheic-keratosis-irritated-98.jpg
16,E:\MedicalData\kagglechallenge\Dermnet\train/Seborrheic Keratoses and other Benign Tumors/skin-tags-polyps-1.jpg
16,E:\MedicalData\kagglechallenge\Dermnet\train/Seborrheic Keratoses and other Benign Tumors/skin-tags-polyps-10.jpg
16,E:\MedicalData\kagglechallenge\Dermnet\train/Seborrheic Keratoses and other Benign Tumors/skin-tags-polyps-11.jpg
16,E:\MedicalData\kagglechallenge\Dermnet\train/Seborrheic Keratoses and other Benign Tumors/skin-tags-polyps-12.jpg
16,E:\MedicalData\kagglechallenge\Dermnet\train/Seborrheic Keratoses and other Benign Tumors/skin-tags-polyps-13.jpg
16,E:\MedicalData\kagglechallenge\Dermnet\train/Seborrheic Keratoses and other Benign Tumors/skin-tags-polyps-14.jpg
16,E:\MedicalData\kagglechallenge\Dermnet\train/Seborrheic Keratoses and other Benign Tumors/skin-tags-polyps-146.jpg
16,E:\MedicalData\kagglechallenge\Dermnet\train/Seborrheic Keratoses and other Benign Tumors/skin-tags-polyps-147.jpg
16,E:\MedicalData\kagglechallenge\Dermnet\train/Seborrheic Keratoses and other Benign Tumors/skin-tags-polyps-15.jpg
16,E:\MedicalData\kagglechallenge\Dermnet\train/Seborrheic Keratoses and other Benign Tumors/skin-tags-polyps-17.jpg
16,E:\MedicalData\kagglechallenge\Dermnet\train/Seborrheic Keratoses and other Benign Tumors/skin-tags-polyps-19.jpg
16,E:\MedicalData\kagglechallenge\Dermnet\train/Seborrheic Keratoses and other Benign Tumors/skin-tags-polyps-2.jpg
16,E:\MedicalData\kagglechallenge\Dermnet\train/Seborrheic Keratoses and other Benign Tumors/skin-tags-polyps-20.jpg
16,E:\MedicalData\kagglechallenge\Dermnet\train/Seborrheic Keratoses and other Benign Tumors/skin-tags-polyps-21.jpg
16,E:\MedicalData\kagglechallenge\Dermnet\train/Seborrheic Keratoses and other Benign Tumors/skin-tags-polyps-24.jpg
16,E:\MedicalData\kagglechallenge\Dermnet\train/Seborrheic Keratoses and other Benign Tumors/skin-tags-polyps-25.jpg
16,E:\MedicalData\kagglechallenge\Dermnet\train/Seborrheic Keratoses and other Benign Tumors/skin-tags-polyps-28.jpg
16,E:\MedicalData\kagglechallenge\Dermnet\train/Seborrheic Keratoses and other Benign Tumors/skin-tags-polyps-29.jpg
16,E:\MedicalData\kagglechallenge\Dermnet\train/Seborrheic Keratoses and other Benign Tumors/skin-tags-polyps-3.jpg
16,E:\MedicalData\kagglechallenge\Dermnet\train/Seborrheic Keratoses and other Benign Tumors/skin-tags-polyps-30.jpg
16,E:\MedicalData\kagglechallenge\Dermnet\train/Seborrheic Keratoses and other Benign Tumors/skin-tags-polyps-33.jpg
16,E:\MedicalData\kagglechallenge\Dermnet\train/Seborrheic Keratoses and other Benign Tumors/skin-tags-polyps-34.jpg
16,E:\MedicalData\kagglechallenge\Dermnet\train/Seborrheic Keratoses and other Benign Tumors/skin-tags-polyps-37.jpg
16,E:\MedicalData\kagglechallenge\Dermnet\train/Seborrheic Keratoses and other Benign Tumors/skin-tags-polyps-38.jpg
16,E:\MedicalData\kagglechallenge\Dermnet\train/Seborrheic Keratoses and other Benign Tumors/skin-tags-polyps-39.jpg
16,E:\MedicalData\kagglechallenge\Dermnet\train/Seborrheic Keratoses and other Benign Tumors/skin-tags-polyps-4.jpg
16,E:\MedicalData\kagglechallenge\Dermnet\train/Seborrheic Keratoses and other Benign Tumors/skin-tags-polyps-40.jpg
16,E:\MedicalData\kagglechallenge\Dermnet\train/Seborrheic Keratoses and other Benign Tumors/skin-tags-polyps-41.jpg
16,E:\MedicalData\kagglechallenge\Dermnet\train/Seborrheic Keratoses and other Benign Tumors/skin-tags-polyps-42.jpg
16,E:\MedicalData\kagglechallenge\Dermnet\train/Seborrheic Keratoses and other Benign Tumors/skin-tags-polyps-44.jpg
16,E:\MedicalData\kagglechallenge\Dermnet\train/Seborrheic Keratoses and other Benign Tumors/skin-tags-polyps-45.jpg
16,E:\MedicalData\kagglechallenge\Dermnet\train/Seborrheic Keratoses and other Benign Tumors/skin-tags-polyps-46.jpg
16,E:\MedicalData\kagglechallenge\Dermnet\train/Seborrheic Keratoses and other Benign Tumors/skin-tags-polyps-48.jpg
16,E:\MedicalData\kagglechallenge\Dermnet\train/Seborrheic Keratoses and other Benign Tumors/skin-tags-polyps-5.jpg
16,E:\MedicalData\kagglechallenge\Dermnet\train/Seborrheic Keratoses and other Benign Tumors/skin-tags-polyps-50.jpg
16,E:\MedicalData\kagglechallenge\Dermnet\train/Seborrheic Keratoses and other Benign Tumors/skin-tags-polyps-51.jpg
16,E:\MedicalData\kagglechallenge\Dermnet\train/Seborrheic Keratoses and other Benign Tumors/skin-tags-polyps-52.jpg
16,E:\MedicalData\kagglechallenge\Dermnet\train/Seborrheic Keratoses and other Benign Tumors/skin-tags-polyps-53.jpg
16,E:\MedicalData\kagglechallenge\Dermnet\train/Seborrheic Keratoses and other Benign Tumors/skin-tags-polyps-54.jpg
16,E:\MedicalData\kagglechallenge\Dermnet\train/Seborrheic Keratoses and other Benign Tumors/skin-tags-polyps-55.jpg
16,E:\MedicalData\kagglechallenge\Dermnet\train/Seborrheic Keratoses and other Benign Tumors/skin-tags-polyps-56.jpg
16,E:\MedicalData\kagglechallenge\Dermnet\train/Seborrheic Keratoses and other Benign Tumors/skin-tags-polyps-57.jpg
16,E:\MedicalData\kagglechallenge\Dermnet\train/Seborrheic Keratoses and other Benign Tumors/skin-tags-polyps-59.jpg
16,E:\MedicalData\kagglechallenge\Dermnet\train/Seborrheic Keratoses and other Benign Tumors/skin-tags-polyps-6.jpg
16,E:\MedicalData\kagglechallenge\Dermnet\train/Seborrheic Keratoses and other Benign Tumors/skin-tags-polyps-62.jpg
16,E:\MedicalData\kagglechallenge\Dermnet\train/Seborrheic Keratoses and other Benign Tumors/skin-tags-polyps-63.jpg
16,E:\MedicalData\kagglechallenge\Dermnet\train/Seborrheic Keratoses and other Benign Tumors/skin-tags-polyps-64.jpg
16,E:\MedicalData\kagglechallenge\Dermnet\train/Seborrheic Keratoses and other Benign Tumors/skin-tags-polyps-65.jpg
16,E:\MedicalData\kagglechallenge\Dermnet\train/Seborrheic Keratoses and other Benign Tumors/skin-tags-polyps-7.jpg
16,E:\MedicalData\kagglechallenge\Dermnet\train/Seborrheic Keratoses and other Benign Tumors/skin-tags-polyps-71.jpg
16,E:\MedicalData\kagglechallenge\Dermnet\train/Seborrheic Keratoses and other Benign Tumors/skin-tags-polyps-73.jpg
16,E:\MedicalData\kagglechallenge\Dermnet\train/Seborrheic Keratoses and other Benign Tumors/skin-tags-polyps-74.jpg
16,E:\MedicalData\kagglechallenge\Dermnet\train/Seborrheic Keratoses and other Benign Tumors/skin-tags-polyps-75.jpg
16,E:\MedicalData\kagglechallenge\Dermnet\train/Seborrheic Keratoses and other Benign Tumors/skin-tags-polyps-78.jpg
16,E:\MedicalData\kagglechallenge\Dermnet\train/Seborrheic Keratoses and other Benign Tumors/skin-tags-polyps-79.jpg
16,E:\MedicalData\kagglechallenge\Dermnet\train/Seborrheic Keratoses and other Benign Tumors/skin-tags-polyps-8.jpg
16,E:\MedicalData\kagglechallenge\Dermnet\train/Seborrheic Keratoses and other Benign Tumors/skin-tags-polyps-80.jpg
16,E:\MedicalData\kagglechallenge\Dermnet\train/Seborrheic Keratoses and other Benign Tumors/skin-tags-polyps-82.jpg
16,E:\MedicalData\kagglechallenge\Dermnet\train/Seborrheic Keratoses and other Benign Tumors/skin-tags-polyps-85.jpg
16,E:\MedicalData\kagglechallenge\Dermnet\train/Seborrheic Keratoses and other Benign Tumors/skin-tags-polyps-87.jpg
16,E:\MedicalData\kagglechallenge\Dermnet\train/Seborrheic Keratoses and other Benign Tumors/skin-tags-polyps-88.jpg
16,E:\MedicalData\kagglechallenge\Dermnet\train/Seborrheic Keratoses and other Benign Tumors/skin-tags-polyps-9.jpg
16,E:\MedicalData\kagglechallenge\Dermnet\train/Seborrheic Keratoses and other Benign Tumors/skin-tags-polyps-90.jpg
16,E:\MedicalData\kagglechallenge\Dermnet\train/Seborrheic Keratoses and other Benign Tumors/skin-tags-polyps-91.jpg
16,E:\MedicalData\kagglechallenge\Dermnet\train/Seborrheic Keratoses and other Benign Tumors/skin-tags-polyps-92.jpg
16,E:\MedicalData\kagglechallenge\Dermnet\train/Seborrheic Keratoses and other Benign Tumors/skin-tags-polyps-93.jpg
16,E:\MedicalData\kagglechallenge\Dermnet\train/Seborrheic Keratoses and other Benign Tumors/skin-tags-polyps-94.jpg
16,E:\MedicalData\kagglechallenge\Dermnet\train/Seborrheic Keratoses and other Benign Tumors/skin-tags-polyps-95.jpg
16,E:\MedicalData\kagglechallenge\Dermnet\train/Seborrheic Keratoses and other Benign Tumors/skin-tags-polyps-96.jpg
16,E:\MedicalData\kagglechallenge\Dermnet\train/Seborrheic Keratoses and other Benign Tumors/skin-tags-polyps-98.jpg
16,E:\MedicalData\kagglechallenge\Dermnet\train/Seborrheic Keratoses and other Benign Tumors/spiny-keratoderma-1.jpg
16,E:\MedicalData\kagglechallenge\Dermnet\train/Seborrheic Keratoses and other Benign Tumors/spiny-keratoderma-3.jpg
16,E:\MedicalData\kagglechallenge\Dermnet\train/Seborrheic Keratoses and other Benign Tumors/spiny-keratoderma-4.jpg
16,E:\MedicalData\kagglechallenge\Dermnet\train/Seborrheic Keratoses and other Benign Tumors/spiny-keratoderma-5.jpg
16,E:\MedicalData\kagglechallenge\Dermnet\train/Seborrheic Keratoses and other Benign Tumors/spiny-keratoderma-6.jpg
16,E:\MedicalData\kagglechallenge\Dermnet\train/Seborrheic Keratoses and other Benign Tumors/spiny-keratoderma-7.jpg
16,E:\MedicalData\kagglechallenge\Dermnet\train/Seborrheic Keratoses and other Benign Tumors/spiny-keratoderma-8.jpg
16,E:\MedicalData\kagglechallenge\Dermnet\train/Seborrheic Keratoses and other Benign Tumors/stucco-keratoses-1.jpg
16,E:\MedicalData\kagglechallenge\Dermnet\train/Seborrheic Keratoses and other Benign Tumors/stucco-keratoses-10.jpg
16,E:\MedicalData\kagglechallenge\Dermnet\train/Seborrheic Keratoses and other Benign Tumors/stucco-keratoses-12.jpg
16,E:\MedicalData\kagglechallenge\Dermnet\train/Seborrheic Keratoses and other Benign Tumors/stucco-keratoses-14.jpg
16,E:\MedicalData\kagglechallenge\Dermnet\train/Seborrheic Keratoses and other Benign Tumors/stucco-keratoses-15.jpg
16,E:\MedicalData\kagglechallenge\Dermnet\train/Seborrheic Keratoses and other Benign Tumors/stucco-keratoses-17.jpg
16,E:\MedicalData\kagglechallenge\Dermnet\train/Seborrheic Keratoses and other Benign Tumors/stucco-keratoses-19.jpg
16,E:\MedicalData\kagglechallenge\Dermnet\train/Seborrheic Keratoses and other Benign Tumors/stucco-keratoses-2.jpg
16,E:\MedicalData\kagglechallenge\Dermnet\train/Seborrheic Keratoses and other Benign Tumors/stucco-keratoses-22.jpg
16,E:\MedicalData\kagglechallenge\Dermnet\train/Seborrheic Keratoses and other Benign Tumors/stucco-keratoses-23.jpg
16,E:\MedicalData\kagglechallenge\Dermnet\train/Seborrheic Keratoses and other Benign Tumors/stucco-keratoses-26.jpg
16,E:\MedicalData\kagglechallenge\Dermnet\train/Seborrheic Keratoses and other Benign Tumors/stucco-keratoses-27.jpg
16,E:\MedicalData\kagglechallenge\Dermnet\train/Seborrheic Keratoses and other Benign Tumors/stucco-keratoses-28.jpg
16,E:\MedicalData\kagglechallenge\Dermnet\train/Seborrheic Keratoses and other Benign Tumors/stucco-keratoses-29.jpg
16,E:\MedicalData\kagglechallenge\Dermnet\train/Seborrheic Keratoses and other Benign Tumors/stucco-keratoses-3.jpg
16,E:\MedicalData\kagglechallenge\Dermnet\train/Seborrheic Keratoses and other Benign Tumors/stucco-keratoses-30.jpg
16,E:\MedicalData\kagglechallenge\Dermnet\train/Seborrheic Keratoses and other Benign Tumors/stucco-keratoses-31.jpg
16,E:\MedicalData\kagglechallenge\Dermnet\train/Seborrheic Keratoses and other Benign Tumors/stucco-keratoses-32.jpg
16,E:\MedicalData\kagglechallenge\Dermnet\train/Seborrheic Keratoses and other Benign Tumors/stucco-keratoses-34.jpg
16,E:\MedicalData\kagglechallenge\Dermnet\train/Seborrheic Keratoses and other Benign Tumors/stucco-keratoses-35.jpg
16,E:\MedicalData\kagglechallenge\Dermnet\train/Seborrheic Keratoses and other Benign Tumors/stucco-keratoses-36.jpg
16,E:\MedicalData\kagglechallenge\Dermnet\train/Seborrheic Keratoses and other Benign Tumors/stucco-keratoses-38.jpg
16,E:\MedicalData\kagglechallenge\Dermnet\train/Seborrheic Keratoses and other Benign Tumors/stucco-keratoses-39.jpg
16,E:\MedicalData\kagglechallenge\Dermnet\train/Seborrheic Keratoses and other Benign Tumors/stucco-keratoses-40.jpg
16,E:\MedicalData\kagglechallenge\Dermnet\train/Seborrheic Keratoses and other Benign Tumors/stucco-keratoses-41.jpg
16,E:\MedicalData\kagglechallenge\Dermnet\train/Seborrheic Keratoses and other Benign Tumors/stucco-keratoses-42.jpg
16,E:\MedicalData\kagglechallenge\Dermnet\train/Seborrheic Keratoses and other Benign Tumors/stucco-keratoses-43.jpg
16,E:\MedicalData\kagglechallenge\Dermnet\train/Seborrheic Keratoses and other Benign Tumors/stucco-keratoses-44.jpg
16,E:\MedicalData\kagglechallenge\Dermnet\train/Seborrheic Keratoses and other Benign Tumors/stucco-keratoses-45.jpg
16,E:\MedicalData\kagglechallenge\Dermnet\train/Seborrheic Keratoses and other Benign Tumors/stucco-keratoses-47.jpg
16,E:\MedicalData\kagglechallenge\Dermnet\train/Seborrheic Keratoses and other Benign Tumors/stucco-keratoses-48.jpg
16,E:\MedicalData\kagglechallenge\Dermnet\train/Seborrheic Keratoses and other Benign Tumors/stucco-keratoses-5.jpg
16,E:\MedicalData\kagglechallenge\Dermnet\train/Seborrheic Keratoses and other Benign Tumors/stucco-keratoses-50.jpg
16,E:\MedicalData\kagglechallenge\Dermnet\train/Seborrheic Keratoses and other Benign Tumors/stucco-keratoses-51.jpg
16,E:\MedicalData\kagglechallenge\Dermnet\train/Seborrheic Keratoses and other Benign Tumors/stucco-keratoses-52.jpg
16,E:\MedicalData\kagglechallenge\Dermnet\train/Seborrheic Keratoses and other Benign Tumors/stucco-keratoses-54.jpg
16,E:\MedicalData\kagglechallenge\Dermnet\train/Seborrheic Keratoses and other Benign Tumors/stucco-keratoses-55.jpg
16,E:\MedicalData\kagglechallenge\Dermnet\train/Seborrheic Keratoses and other Benign Tumors/stucco-keratoses-57.jpg
16,E:\MedicalData\kagglechallenge\Dermnet\train/Seborrheic Keratoses and other Benign Tumors/stucco-keratoses-58.jpg
16,E:\MedicalData\kagglechallenge\Dermnet\train/Seborrheic Keratoses and other Benign Tumors/stucco-keratoses-6.jpg
16,E:\MedicalData\kagglechallenge\Dermnet\train/Seborrheic Keratoses and other Benign Tumors/stucco-keratoses-60.jpg
16,E:\MedicalData\kagglechallenge\Dermnet\train/Seborrheic Keratoses and other Benign Tumors/stucco-keratoses-61.jpg
16,E:\MedicalData\kagglechallenge\Dermnet\train/Seborrheic Keratoses and other Benign Tumors/stucco-keratoses-7.jpg
16,E:\MedicalData\kagglechallenge\Dermnet\train/Seborrheic Keratoses and other Benign Tumors/stucco-keratoses-9.jpg
16,E:\MedicalData\kagglechallenge\Dermnet\train/Seborrheic Keratoses and other Benign Tumors/syringoma-1.jpg
16,E:\MedicalData\kagglechallenge\Dermnet\train/Seborrheic Keratoses and other Benign Tumors/syringoma-10.jpg
16,E:\MedicalData\kagglechallenge\Dermnet\train/Seborrheic Keratoses and other Benign Tumors/syringoma-11.jpg
16,E:\MedicalData\kagglechallenge\Dermnet\train/Seborrheic Keratoses and other Benign Tumors/syringoma-12.jpg
16,E:\MedicalData\kagglechallenge\Dermnet\train/Seborrheic Keratoses and other Benign Tumors/syringoma-13.jpg
16,E:\MedicalData\kagglechallenge\Dermnet\train/Seborrheic Keratoses and other Benign Tumors/syringoma-15.jpg
16,E:\MedicalData\kagglechallenge\Dermnet\train/Seborrheic Keratoses and other Benign Tumors/syringoma-16.jpg
16,E:\MedicalData\kagglechallenge\Dermnet\train/Seborrheic Keratoses and other Benign Tumors/syringoma-17.jpg
16,E:\MedicalData\kagglechallenge\Dermnet\train/Seborrheic Keratoses and other Benign Tumors/syringoma-18.jpg
16,E:\MedicalData\kagglechallenge\Dermnet\train/Seborrheic Keratoses and other Benign Tumors/syringoma-19.jpg
16,E:\MedicalData\kagglechallenge\Dermnet\train/Seborrheic Keratoses and other Benign Tumors/syringoma-2.jpg
16,E:\MedicalData\kagglechallenge\Dermnet\train/Seborrheic Keratoses and other Benign Tumors/syringoma-21.jpg
16,E:\MedicalData\kagglechallenge\Dermnet\train/Seborrheic Keratoses and other Benign Tumors/syringoma-22.jpg
16,E:\MedicalData\kagglechallenge\Dermnet\train/Seborrheic Keratoses and other Benign Tumors/syringoma-23.jpg
16,E:\MedicalData\kagglechallenge\Dermnet\train/Seborrheic Keratoses and other Benign Tumors/syringoma-24.jpg
16,E:\MedicalData\kagglechallenge\Dermnet\train/Seborrheic Keratoses and other Benign Tumors/syringoma-27.jpg
16,E:\MedicalData\kagglechallenge\Dermnet\train/Seborrheic Keratoses and other Benign Tumors/syringoma-28.jpg
16,E:\MedicalData\kagglechallenge\Dermnet\train/Seborrheic Keratoses and other Benign Tumors/syringoma-3.jpg
16,E:\MedicalData\kagglechallenge\Dermnet\train/Seborrheic Keratoses and other Benign Tumors/syringoma-30.jpg
16,E:\MedicalData\kagglechallenge\Dermnet\train/Seborrheic Keratoses and other Benign Tumors/syringoma-31.jpg
16,E:\MedicalData\kagglechallenge\Dermnet\train/Seborrheic Keratoses and other Benign Tumors/syringoma-32.jpg
16,E:\MedicalData\kagglechallenge\Dermnet\train/Seborrheic Keratoses and other Benign Tumors/syringoma-33.jpg
16,E:\MedicalData\kagglechallenge\Dermnet\train/Seborrheic Keratoses and other Benign Tumors/syringoma-35.jpg
16,E:\MedicalData\kagglechallenge\Dermnet\train/Seborrheic Keratoses and other Benign Tumors/syringoma-38.jpg
16,E:\MedicalData\kagglechallenge\Dermnet\train/Seborrheic Keratoses and other Benign Tumors/syringoma-39.jpg
16,E:\MedicalData\kagglechallenge\Dermnet\train/Seborrheic Keratoses and other Benign Tumors/syringoma-4.jpg
16,E:\MedicalData\kagglechallenge\Dermnet\train/Seborrheic Keratoses and other Benign Tumors/syringoma-40.jpg
16,E:\MedicalData\kagglechallenge\Dermnet\train/Seborrheic Keratoses and other Benign Tumors/syringoma-41.jpg
16,E:\MedicalData\kagglechallenge\Dermnet\train/Seborrheic Keratoses and other Benign Tumors/syringoma-43.jpg
16,E:\MedicalData\kagglechallenge\Dermnet\train/Seborrheic Keratoses and other Benign Tumors/syringoma-44.jpg
16,E:\MedicalData\kagglechallenge\Dermnet\train/Seborrheic Keratoses and other Benign Tumors/syringoma-45.jpg
16,E:\MedicalData\kagglechallenge\Dermnet\train/Seborrheic Keratoses and other Benign Tumors/syringoma-46.jpg
16,E:\MedicalData\kagglechallenge\Dermnet\train/Seborrheic Keratoses and other Benign Tumors/syringoma-47.jpg
16,E:\MedicalData\kagglechallenge\Dermnet\train/Seborrheic Keratoses and other Benign Tumors/syringoma-48.jpg
16,E:\MedicalData\kagglechallenge\Dermnet\train/Seborrheic Keratoses and other Benign Tumors/syringoma-49.jpg
16,E:\MedicalData\kagglechallenge\Dermnet\train/Seborrheic Keratoses and other Benign Tumors/syringoma-5.jpg
16,E:\MedicalData\kagglechallenge\Dermnet\train/Seborrheic Keratoses and other Benign Tumors/syringoma-50.jpg
16,E:\MedicalData\kagglechallenge\Dermnet\train/Seborrheic Keratoses and other Benign Tumors/syringoma-6.jpg
16,E:\MedicalData\kagglechallenge\Dermnet\train/Seborrheic Keratoses and other Benign Tumors/syringoma-9.jpg
16,E:\MedicalData\kagglechallenge\Dermnet\train/Seborrheic Keratoses and other Benign Tumors/trichoepithelioma-1.jpg
16,E:\MedicalData\kagglechallenge\Dermnet\train/Seborrheic Keratoses and other Benign Tumors/trichoepithelioma-2.jpg
16,E:\MedicalData\kagglechallenge\Dermnet\train/Seborrheic Keratoses and other Benign Tumors/trichofolliculoma-1.jpg
16,E:\MedicalData\kagglechallenge\Dermnet\train/Seborrheic Keratoses and other Benign Tumors/trichofolliculoma-3.jpg
16,E:\MedicalData\kagglechallenge\Dermnet\train/Seborrheic Keratoses and other Benign Tumors/trichofolliculoma-4.jpg
16,E:\MedicalData\kagglechallenge\Dermnet\train/Seborrheic Keratoses and other Benign Tumors/xanthogranuloma-1.jpg
17,E:\MedicalData\kagglechallenge\Dermnet\train/Systemic Disease/03dermatitisDrug112205-2.jpg
17,E:\MedicalData\kagglechallenge\Dermnet\train/Systemic Disease/26birtHogDube1122041.jpg
17,E:\MedicalData\kagglechallenge\Dermnet\train/Systemic Disease/26birtHogDube1122043.jpg
17,E:\MedicalData\kagglechallenge\Dermnet\train/Systemic Disease/26BirtHoggDube091106.jpg
17,E:\MedicalData\kagglechallenge\Dermnet\train/Systemic Disease/26BirtHoggDube0911061.jpg
17,E:\MedicalData\kagglechallenge\Dermnet\train/Systemic Disease/26BirtHoggDube0911062.jpg
17,E:\MedicalData\kagglechallenge\Dermnet\train/Systemic Disease/26Fibrofolliculoma0906041.jpg
17,E:\MedicalData\kagglechallenge\Dermnet\train/Systemic Disease/26Fibrofolliculoma0906042.jpg
17,E:\MedicalData\kagglechallenge\Dermnet\train/Systemic Disease/26Fibrofolliculoma0906043.jpg
17,E:\MedicalData\kagglechallenge\Dermnet\train/Systemic Disease/26Fibrofolliculoma0906044.jpg
17,E:\MedicalData\kagglechallenge\Dermnet\train/Systemic Disease/26Fibrofolliculoma0906045.jpg
17,E:\MedicalData\kagglechallenge\Dermnet\train/Systemic Disease/26Fibrofolliculoma0906046.jpg
17,E:\MedicalData\kagglechallenge\Dermnet\train/Systemic Disease/acanthosis-nigricans-1.jpg
17,E:\MedicalData\kagglechallenge\Dermnet\train/Systemic Disease/acanthosis-nigricans-10.jpg
17,E:\MedicalData\kagglechallenge\Dermnet\train/Systemic Disease/acanthosis-nigricans-12.jpg
17,E:\MedicalData\kagglechallenge\Dermnet\train/Systemic Disease/acanthosis-nigricans-14.jpg
17,E:\MedicalData\kagglechallenge\Dermnet\train/Systemic Disease/acanthosis-nigricans-15.jpg
17,E:\MedicalData\kagglechallenge\Dermnet\train/Systemic Disease/acanthosis-nigricans-16.jpg
17,E:\MedicalData\kagglechallenge\Dermnet\train/Systemic Disease/acanthosis-nigricans-17.jpg
17,E:\MedicalData\kagglechallenge\Dermnet\train/Systemic Disease/acanthosis-nigricans-18.jpg
17,E:\MedicalData\kagglechallenge\Dermnet\train/Systemic Disease/acanthosis-nigricans-19.jpg
17,E:\MedicalData\kagglechallenge\Dermnet\train/Systemic Disease/acanthosis-nigricans-21.jpg
17,E:\MedicalData\kagglechallenge\Dermnet\train/Systemic Disease/acanthosis-nigricans-22.jpg
17,E:\MedicalData\kagglechallenge\Dermnet\train/Systemic Disease/acanthosis-nigricans-23.jpg
17,E:\MedicalData\kagglechallenge\Dermnet\train/Systemic Disease/acanthosis-nigricans-24.jpg
17,E:\MedicalData\kagglechallenge\Dermnet\train/Systemic Disease/acanthosis-nigricans-27.jpg
17,E:\MedicalData\kagglechallenge\Dermnet\train/Systemic Disease/acanthosis-nigricans-28.jpg
17,E:\MedicalData\kagglechallenge\Dermnet\train/Systemic Disease/acanthosis-nigricans-3.jpg
17,E:\MedicalData\kagglechallenge\Dermnet\train/Systemic Disease/acanthosis-nigricans-30.jpg
17,E:\MedicalData\kagglechallenge\Dermnet\train/Systemic Disease/acanthosis-nigricans-32.jpg
17,E:\MedicalData\kagglechallenge\Dermnet\train/Systemic Disease/acanthosis-nigricans-33.jpg
17,E:\MedicalData\kagglechallenge\Dermnet\train/Systemic Disease/acanthosis-nigricans-34.jpg
17,E:\MedicalData\kagglechallenge\Dermnet\train/Systemic Disease/acanthosis-nigricans-35.jpg
17,E:\MedicalData\kagglechallenge\Dermnet\train/Systemic Disease/acanthosis-nigricans-36.jpg
17,E:\MedicalData\kagglechallenge\Dermnet\train/Systemic Disease/acanthosis-nigricans-38.jpg
17,E:\MedicalData\kagglechallenge\Dermnet\train/Systemic Disease/acanthosis-nigricans-39.jpg
17,E:\MedicalData\kagglechallenge\Dermnet\train/Systemic Disease/acanthosis-nigricans-40.jpg
17,E:\MedicalData\kagglechallenge\Dermnet\train/Systemic Disease/acanthosis-nigricans-41.jpg
17,E:\MedicalData\kagglechallenge\Dermnet\train/Systemic Disease/acanthosis-nigricans-42.jpg
17,E:\MedicalData\kagglechallenge\Dermnet\train/Systemic Disease/acanthosis-nigricans-43.jpg
17,E:\MedicalData\kagglechallenge\Dermnet\train/Systemic Disease/acanthosis-nigricans-44.jpg
17,E:\MedicalData\kagglechallenge\Dermnet\train/Systemic Disease/acanthosis-nigricans-45.jpg
17,E:\MedicalData\kagglechallenge\Dermnet\train/Systemic Disease/acanthosis-nigricans-46.jpg
17,E:\MedicalData\kagglechallenge\Dermnet\train/Systemic Disease/acanthosis-nigricans-48.jpg
17,E:\MedicalData\kagglechallenge\Dermnet\train/Systemic Disease/acanthosis-nigricans-5.jpg
17,E:\MedicalData\kagglechallenge\Dermnet\train/Systemic Disease/acanthosis-nigricans-50.jpg
17,E:\MedicalData\kagglechallenge\Dermnet\train/Systemic Disease/acanthosis-nigricans-51.jpg
17,E:\MedicalData\kagglechallenge\Dermnet\train/Systemic Disease/acanthosis-nigricans-52.jpg
17,E:\MedicalData\kagglechallenge\Dermnet\train/Systemic Disease/acanthosis-nigricans-53.jpg
17,E:\MedicalData\kagglechallenge\Dermnet\train/Systemic Disease/acanthosis-nigricans-54.jpg
17,E:\MedicalData\kagglechallenge\Dermnet\train/Systemic Disease/acanthosis-nigricans-57.jpg
17,E:\MedicalData\kagglechallenge\Dermnet\train/Systemic Disease/acanthosis-nigricans-58.jpg
17,E:\MedicalData\kagglechallenge\Dermnet\train/Systemic Disease/acanthosis-nigricans-6.jpg
17,E:\MedicalData\kagglechallenge\Dermnet\train/Systemic Disease/acanthosis-nigricans-60.jpg
17,E:\MedicalData\kagglechallenge\Dermnet\train/Systemic Disease/acanthosis-nigricans-62.jpg
17,E:\MedicalData\kagglechallenge\Dermnet\train/Systemic Disease/acanthosis-nigricans-63.jpg
17,E:\MedicalData\kagglechallenge\Dermnet\train/Systemic Disease/acanthosis-nigricans-64.jpg
17,E:\MedicalData\kagglechallenge\Dermnet\train/Systemic Disease/acanthosis-nigricans-65.jpg
17,E:\MedicalData\kagglechallenge\Dermnet\train/Systemic Disease/acanthosis-nigricans-8.jpg
17,E:\MedicalData\kagglechallenge\Dermnet\train/Systemic Disease/acrodermatitis-enteropathica-2.jpg
17,E:\MedicalData\kagglechallenge\Dermnet\train/Systemic Disease/acrodermatitis-enteropathica-4.jpg
17,E:\MedicalData\kagglechallenge\Dermnet\train/Systemic Disease/acrodermatitis-enteropathica-5.jpg
17,E:\MedicalData\kagglechallenge\Dermnet\train/Systemic Disease/acrodermatitis-enteropathica-6.jpg
17,E:\MedicalData\kagglechallenge\Dermnet\train/Systemic Disease/addison-disease-1.jpg
17,E:\MedicalData\kagglechallenge\Dermnet\train/Systemic Disease/addison-disease-2.jpg
17,E:\MedicalData\kagglechallenge\Dermnet\train/Systemic Disease/amyloidosis-1.jpg
17,E:\MedicalData\kagglechallenge\Dermnet\train/Systemic Disease/amyloidosis-10.jpg
17,E:\MedicalData\kagglechallenge\Dermnet\train/Systemic Disease/amyloidosis-12.jpg
17,E:\MedicalData\kagglechallenge\Dermnet\train/Systemic Disease/amyloidosis-13.jpg
17,E:\MedicalData\kagglechallenge\Dermnet\train/Systemic Disease/amyloidosis-14.jpg
17,E:\MedicalData\kagglechallenge\Dermnet\train/Systemic Disease/amyloidosis-15.jpg
17,E:\MedicalData\kagglechallenge\Dermnet\train/Systemic Disease/amyloidosis-16.jpg
17,E:\MedicalData\kagglechallenge\Dermnet\train/Systemic Disease/amyloidosis-19.jpg
17,E:\MedicalData\kagglechallenge\Dermnet\train/Systemic Disease/amyloidosis-2.jpg
17,E:\MedicalData\kagglechallenge\Dermnet\train/Systemic Disease/amyloidosis-20.jpg
17,E:\MedicalData\kagglechallenge\Dermnet\train/Systemic Disease/amyloidosis-21.jpg
17,E:\MedicalData\kagglechallenge\Dermnet\train/Systemic Disease/amyloidosis-22.jpg
17,E:\MedicalData\kagglechallenge\Dermnet\train/Systemic Disease/amyloidosis-23.jpg
17,E:\MedicalData\kagglechallenge\Dermnet\train/Systemic Disease/amyloidosis-24.jpg
17,E:\MedicalData\kagglechallenge\Dermnet\train/Systemic Disease/amyloidosis-25.jpg
17,E:\MedicalData\kagglechallenge\Dermnet\train/Systemic Disease/amyloidosis-26.jpg
17,E:\MedicalData\kagglechallenge\Dermnet\train/Systemic Disease/amyloidosis-27.jpg
17,E:\MedicalData\kagglechallenge\Dermnet\train/Systemic Disease/amyloidosis-29.jpg
17,E:\MedicalData\kagglechallenge\Dermnet\train/Systemic Disease/amyloidosis-30.jpg
17,E:\MedicalData\kagglechallenge\Dermnet\train/Systemic Disease/amyloidosis-31.jpg
17,E:\MedicalData\kagglechallenge\Dermnet\train/Systemic Disease/amyloidosis-32.jpg
17,E:\MedicalData\kagglechallenge\Dermnet\train/Systemic Disease/amyloidosis-33.jpg
17,E:\MedicalData\kagglechallenge\Dermnet\train/Systemic Disease/amyloidosis-34.jpg
17,E:\MedicalData\kagglechallenge\Dermnet\train/Systemic Disease/amyloidosis-36.jpg
17,E:\MedicalData\kagglechallenge\Dermnet\train/Systemic Disease/amyloidosis-4.jpg
17,E:\MedicalData\kagglechallenge\Dermnet\train/Systemic Disease/amyloidosis-5.jpg
17,E:\MedicalData\kagglechallenge\Dermnet\train/Systemic Disease/amyloidosis-6.jpg
17,E:\MedicalData\kagglechallenge\Dermnet\train/Systemic Disease/amyloidosis-8.jpg
17,E:\MedicalData\kagglechallenge\Dermnet\train/Systemic Disease/amyloidosis-9.jpg
17,E:\MedicalData\kagglechallenge\Dermnet\train/Systemic Disease/bechet-1.jpg
17,E:\MedicalData\kagglechallenge\Dermnet\train/Systemic Disease/bechet-2.jpg
17,E:\MedicalData\kagglechallenge\Dermnet\train/Systemic Disease/cowden-disease-1.jpg
17,E:\MedicalData\kagglechallenge\Dermnet\train/Systemic Disease/cowden-disease-2.jpg
17,E:\MedicalData\kagglechallenge\Dermnet\train/Systemic Disease/cowden-disease-5.jpg
17,E:\MedicalData\kagglechallenge\Dermnet\train/Systemic Disease/cowden-disease-6.jpg
17,E:\MedicalData\kagglechallenge\Dermnet\train/Systemic Disease/cowden-disease-8.jpg
17,E:\MedicalData\kagglechallenge\Dermnet\train/Systemic Disease/cryoglobulinemia-1.jpg
17,E:\MedicalData\kagglechallenge\Dermnet\train/Systemic Disease/cryoglobulinemia-2.jpg
17,E:\MedicalData\kagglechallenge\Dermnet\train/Systemic Disease/cryoglobulinemia-3.jpg
17,E:\MedicalData\kagglechallenge\Dermnet\train/Systemic Disease/cryoglobulinemia-4.jpg
17,E:\MedicalData\kagglechallenge\Dermnet\train/Systemic Disease/cryoglobulinemia-5.jpg
17,E:\MedicalData\kagglechallenge\Dermnet\train/Systemic Disease/cryoglobulinemia-6.jpg
17,E:\MedicalData\kagglechallenge\Dermnet\train/Systemic Disease/cryoglobulinemia-7.jpg
17,E:\MedicalData\kagglechallenge\Dermnet\train/Systemic Disease/degos-disease-1.jpg
17,E:\MedicalData\kagglechallenge\Dermnet\train/Systemic Disease/degos-disease-2.jpg
17,E:\MedicalData\kagglechallenge\Dermnet\train/Systemic Disease/diabetes-mellitus-10.jpg
17,E:\MedicalData\kagglechallenge\Dermnet\train/Systemic Disease/diabetes-mellitus-11.jpg
17,E:\MedicalData\kagglechallenge\Dermnet\train/Systemic Disease/diabetes-mellitus-12.jpg
17,E:\MedicalData\kagglechallenge\Dermnet\train/Systemic Disease/diabetes-mellitus-14.jpg
17,E:\MedicalData\kagglechallenge\Dermnet\train/Systemic Disease/diabetes-mellitus-2.jpg
17,E:\MedicalData\kagglechallenge\Dermnet\train/Systemic Disease/diabetes-mellitus-3.jpg
17,E:\MedicalData\kagglechallenge\Dermnet\train/Systemic Disease/diabetes-mellitus-4.jpg
17,E:\MedicalData\kagglechallenge\Dermnet\train/Systemic Disease/diabetes-mellitus-5.jpg
17,E:\MedicalData\kagglechallenge\Dermnet\train/Systemic Disease/diabetes-mellitus-6.jpg
17,E:\MedicalData\kagglechallenge\Dermnet\train/Systemic Disease/diabetes-mellitus-8.jpg
17,E:\MedicalData\kagglechallenge\Dermnet\train/Systemic Disease/diabetes-mellitus-9.jpg
17,E:\MedicalData\kagglechallenge\Dermnet\train/Systemic Disease/elastosis-perferans-1.jpg
17,E:\MedicalData\kagglechallenge\Dermnet\train/Systemic Disease/elastosis-perferans-4.jpg
17,E:\MedicalData\kagglechallenge\Dermnet\train/Systemic Disease/Eosinophilic-Granuloma.jpg
17,E:\MedicalData\kagglechallenge\Dermnet\train/Systemic Disease/Eruptive-Xanthoma-.jpg
17,E:\MedicalData\kagglechallenge\Dermnet\train/Systemic Disease/Eruptive-Xanthoma-1.jpg
17,E:\MedicalData\kagglechallenge\Dermnet\train/Systemic Disease/Eruptive-Xanthoma-3.jpg
17,E:\MedicalData\kagglechallenge\Dermnet\train/Systemic Disease/Eruptive-Xanthoma-4.jpg
17,E:\MedicalData\kagglechallenge\Dermnet\train/Systemic Disease/Eruptive-Xanthoma-6.jpg
17,E:\MedicalData\kagglechallenge\Dermnet\train/Systemic Disease/Eruptive-Xanthoma-7.jpg
17,E:\MedicalData\kagglechallenge\Dermnet\train/Systemic Disease/glucagonoma-1.jpg
17,E:\MedicalData\kagglechallenge\Dermnet\train/Systemic Disease/glucagonoma-3.jpg
17,E:\MedicalData\kagglechallenge\Dermnet\train/Systemic Disease/glucagonoma-5.jpg
17,E:\MedicalData\kagglechallenge\Dermnet\train/Systemic Disease/glucagonoma-6.jpg
17,E:\MedicalData\kagglechallenge\Dermnet\train/Systemic Disease/glucagonoma-7.jpg
17,E:\MedicalData\kagglechallenge\Dermnet\train/Systemic Disease/gout-1.jpg
17,E:\MedicalData\kagglechallenge\Dermnet\train/Systemic Disease/gout-10.jpg
17,E:\MedicalData\kagglechallenge\Dermnet\train/Systemic Disease/gout-2.jpg
17,E:\MedicalData\kagglechallenge\Dermnet\train/Systemic Disease/gout-3.jpg
17,E:\MedicalData\kagglechallenge\Dermnet\train/Systemic Disease/gout-4.jpg
17,E:\MedicalData\kagglechallenge\Dermnet\train/Systemic Disease/gout-6.jpg
17,E:\MedicalData\kagglechallenge\Dermnet\train/Systemic Disease/gout-7.jpg
17,E:\MedicalData\kagglechallenge\Dermnet\train/Systemic Disease/gout-9.jpg
17,E:\MedicalData\kagglechallenge\Dermnet\train/Systemic Disease/granuloma-annulare-1.jpg
17,E:\MedicalData\kagglechallenge\Dermnet\train/Systemic Disease/granuloma-annulare-10.jpg
17,E:\MedicalData\kagglechallenge\Dermnet\train/Systemic Disease/granuloma-annulare-103.jpg
17,E:\MedicalData\kagglechallenge\Dermnet\train/Systemic Disease/granuloma-annulare-104.jpg
17,E:\MedicalData\kagglechallenge\Dermnet\train/Systemic Disease/granuloma-annulare-105.jpg
17,E:\MedicalData\kagglechallenge\Dermnet\train/Systemic Disease/granuloma-annulare-11.jpg
17,E:\MedicalData\kagglechallenge\Dermnet\train/Systemic Disease/granuloma-annulare-111.jpg
17,E:\MedicalData\kagglechallenge\Dermnet\train/Systemic Disease/granuloma-annulare-113.jpg
17,E:\MedicalData\kagglechallenge\Dermnet\train/Systemic Disease/granuloma-annulare-114.jpg
17,E:\MedicalData\kagglechallenge\Dermnet\train/Systemic Disease/granuloma-annulare-115.jpg
17,E:\MedicalData\kagglechallenge\Dermnet\train/Systemic Disease/granuloma-annulare-116.jpg
17,E:\MedicalData\kagglechallenge\Dermnet\train/Systemic Disease/granuloma-annulare-118.jpg
17,E:\MedicalData\kagglechallenge\Dermnet\train/Systemic Disease/granuloma-annulare-119.jpg
17,E:\MedicalData\kagglechallenge\Dermnet\train/Systemic Disease/granuloma-annulare-12.jpg
17,E:\MedicalData\kagglechallenge\Dermnet\train/Systemic Disease/granuloma-annulare-121.jpg
17,E:\MedicalData\kagglechallenge\Dermnet\train/Systemic Disease/granuloma-annulare-122.jpg
17,E:\MedicalData\kagglechallenge\Dermnet\train/Systemic Disease/granuloma-annulare-125.jpg
17,E:\MedicalData\kagglechallenge\Dermnet\train/Systemic Disease/granuloma-annulare-126.jpg
17,E:\MedicalData\kagglechallenge\Dermnet\train/Systemic Disease/granuloma-annulare-127.jpg
17,E:\MedicalData\kagglechallenge\Dermnet\train/Systemic Disease/granuloma-annulare-128.jpg
17,E:\MedicalData\kagglechallenge\Dermnet\train/Systemic Disease/granuloma-annulare-129.jpg
17,E:\MedicalData\kagglechallenge\Dermnet\train/Systemic Disease/granuloma-annulare-13.jpg
17,E:\MedicalData\kagglechallenge\Dermnet\train/Systemic Disease/granuloma-annulare-130.jpg
17,E:\MedicalData\kagglechallenge\Dermnet\train/Systemic Disease/granuloma-annulare-131.jpg
17,E:\MedicalData\kagglechallenge\Dermnet\train/Systemic Disease/granuloma-annulare-132.jpg
17,E:\MedicalData\kagglechallenge\Dermnet\train/Systemic Disease/granuloma-annulare-133.jpg
17,E:\MedicalData\kagglechallenge\Dermnet\train/Systemic Disease/granuloma-annulare-134.jpg
17,E:\MedicalData\kagglechallenge\Dermnet\train/Systemic Disease/granuloma-annulare-135.jpg
17,E:\MedicalData\kagglechallenge\Dermnet\train/Systemic Disease/granuloma-annulare-14.jpg
17,E:\MedicalData\kagglechallenge\Dermnet\train/Systemic Disease/granuloma-annulare-140.jpg
17,E:\MedicalData\kagglechallenge\Dermnet\train/Systemic Disease/granuloma-annulare-141.jpg
17,E:\MedicalData\kagglechallenge\Dermnet\train/Systemic Disease/granuloma-annulare-143.jpg
17,E:\MedicalData\kagglechallenge\Dermnet\train/Systemic Disease/granuloma-annulare-146.jpg
17,E:\MedicalData\kagglechallenge\Dermnet\train/Systemic Disease/granuloma-annulare-148.jpg
17,E:\MedicalData\kagglechallenge\Dermnet\train/Systemic Disease/granuloma-annulare-149.jpg
17,E:\MedicalData\kagglechallenge\Dermnet\train/Systemic Disease/granuloma-annulare-15.jpg
17,E:\MedicalData\kagglechallenge\Dermnet\train/Systemic Disease/granuloma-annulare-150.jpg
17,E:\MedicalData\kagglechallenge\Dermnet\train/Systemic Disease/granuloma-annulare-156.jpg
17,E:\MedicalData\kagglechallenge\Dermnet\train/Systemic Disease/granuloma-annulare-16.jpg
17,E:\MedicalData\kagglechallenge\Dermnet\train/Systemic Disease/granuloma-annulare-161.jpg
17,E:\MedicalData\kagglechallenge\Dermnet\train/Systemic Disease/granuloma-annulare-162.jpg
17,E:\MedicalData\kagglechallenge\Dermnet\train/Systemic Disease/granuloma-annulare-165.jpg
17,E:\MedicalData\kagglechallenge\Dermnet\train/Systemic Disease/granuloma-annulare-168.jpg
17,E:\MedicalData\kagglechallenge\Dermnet\train/Systemic Disease/granuloma-annulare-169.jpg
17,E:\MedicalData\kagglechallenge\Dermnet\train/Systemic Disease/granuloma-annulare-17.jpg
17,E:\MedicalData\kagglechallenge\Dermnet\train/Systemic Disease/granuloma-annulare-172.jpg
17,E:\MedicalData\kagglechallenge\Dermnet\train/Systemic Disease/granuloma-annulare-174.jpg
17,E:\MedicalData\kagglechallenge\Dermnet\train/Systemic Disease/granuloma-annulare-175.jpg
17,E:\MedicalData\kagglechallenge\Dermnet\train/Systemic Disease/granuloma-annulare-178.jpg
17,E:\MedicalData\kagglechallenge\Dermnet\train/Systemic Disease/granuloma-annulare-179.jpg
17,E:\MedicalData\kagglechallenge\Dermnet\train/Systemic Disease/granuloma-annulare-181.jpg
17,E:\MedicalData\kagglechallenge\Dermnet\train/Systemic Disease/granuloma-annulare-182.jpg
17,E:\MedicalData\kagglechallenge\Dermnet\train/Systemic Disease/granuloma-annulare-183.jpg
17,E:\MedicalData\kagglechallenge\Dermnet\train/Systemic Disease/granuloma-annulare-185.jpg
17,E:\MedicalData\kagglechallenge\Dermnet\train/Systemic Disease/granuloma-annulare-187.jpg
17,E:\MedicalData\kagglechallenge\Dermnet\train/Systemic Disease/granuloma-annulare-188.jpg
17,E:\MedicalData\kagglechallenge\Dermnet\train/Systemic Disease/granuloma-annulare-189.jpg
17,E:\MedicalData\kagglechallenge\Dermnet\train/Systemic Disease/granuloma-annulare-19.jpg
17,E:\MedicalData\kagglechallenge\Dermnet\train/Systemic Disease/granuloma-annulare-190.jpg
17,E:\MedicalData\kagglechallenge\Dermnet\train/Systemic Disease/granuloma-annulare-192.jpg
17,E:\MedicalData\kagglechallenge\Dermnet\train/Systemic Disease/granuloma-annulare-193.jpg
17,E:\MedicalData\kagglechallenge\Dermnet\train/Systemic Disease/granuloma-annulare-194.jpg
17,E:\MedicalData\kagglechallenge\Dermnet\train/Systemic Disease/granuloma-annulare-195.jpg
17,E:\MedicalData\kagglechallenge\Dermnet\train/Systemic Disease/granuloma-annulare-196.jpg
17,E:\MedicalData\kagglechallenge\Dermnet\train/Systemic Disease/granuloma-annulare-198.jpg
17,E:\MedicalData\kagglechallenge\Dermnet\train/Systemic Disease/granuloma-annulare-199.jpg
17,E:\MedicalData\kagglechallenge\Dermnet\train/Systemic Disease/granuloma-annulare-201.jpg
17,E:\MedicalData\kagglechallenge\Dermnet\train/Systemic Disease/granuloma-annulare-202.jpg
17,E:\MedicalData\kagglechallenge\Dermnet\train/Systemic Disease/granuloma-annulare-21.jpg
17,E:\MedicalData\kagglechallenge\Dermnet\train/Systemic Disease/granuloma-annulare-22.jpg
17,E:\MedicalData\kagglechallenge\Dermnet\train/Systemic Disease/granuloma-annulare-84.jpg
17,E:\MedicalData\kagglechallenge\Dermnet\train/Systemic Disease/granuloma-annulare-85.jpg
17,E:\MedicalData\kagglechallenge\Dermnet\train/Systemic Disease/granuloma-annulare-88.jpg
17,E:\MedicalData\kagglechallenge\Dermnet\train/Systemic Disease/granuloma-annulare-89.jpg
17,E:\MedicalData\kagglechallenge\Dermnet\train/Systemic Disease/granuloma-annulare-9.jpg
17,E:\MedicalData\kagglechallenge\Dermnet\train/Systemic Disease/granuloma-annulare-90.jpg
17,E:\MedicalData\kagglechallenge\Dermnet\train/Systemic Disease/granuloma-annulare-91.jpg
17,E:\MedicalData\kagglechallenge\Dermnet\train/Systemic Disease/granuloma-annulare-93.jpg
17,E:\MedicalData\kagglechallenge\Dermnet\train/Systemic Disease/granuloma-annulare-94.jpg
17,E:\MedicalData\kagglechallenge\Dermnet\train/Systemic Disease/granuloma-annulare-95.jpg
17,E:\MedicalData\kagglechallenge\Dermnet\train/Systemic Disease/granuloma-annulare-96.jpg
17,E:\MedicalData\kagglechallenge\Dermnet\train/Systemic Disease/granuloma-annulare-97.jpg
17,E:\MedicalData\kagglechallenge\Dermnet\train/Systemic Disease/granuloma-annulare-98.jpg
17,E:\MedicalData\kagglechallenge\Dermnet\train/Systemic Disease/granuloma-annulare-99.jpg
17,E:\MedicalData\kagglechallenge\Dermnet\train/Systemic Disease/Hans-Schuller-Christian-1.jpg
17,E:\MedicalData\kagglechallenge\Dermnet\train/Systemic Disease/Hans-Schuller-Christian-2.jpg
17,E:\MedicalData\kagglechallenge\Dermnet\train/Systemic Disease/Hans-Schuller-Christian-3.jpg
17,E:\MedicalData\kagglechallenge\Dermnet\train/Systemic Disease/histiocytosis.jpg
17,E:\MedicalData\kagglechallenge\Dermnet\train/Systemic Disease/hypothyroidism-2.jpg
17,E:\MedicalData\kagglechallenge\Dermnet\train/Systemic Disease/hypothyroidism-3.jpg
17,E:\MedicalData\kagglechallenge\Dermnet\train/Systemic Disease/klinefelter-syndrome-1.jpg
17,E:\MedicalData\kagglechallenge\Dermnet\train/Systemic Disease/klinefelter-syndrome-2.jpg
17,E:\MedicalData\kagglechallenge\Dermnet\train/Systemic Disease/Leser-Trelat-2.jpg
17,E:\MedicalData\kagglechallenge\Dermnet\train/Systemic Disease/Leser-Trelat-3.jpg
17,E:\MedicalData\kagglechallenge\Dermnet\train/Systemic Disease/Letterer-Siwe-1.jpg
17,E:\MedicalData\kagglechallenge\Dermnet\train/Systemic Disease/Letterer-Siwe-2.jpg
17,E:\MedicalData\kagglechallenge\Dermnet\train/Systemic Disease/letterer-siwe-3.jpg
17,E:\MedicalData\kagglechallenge\Dermnet\train/Systemic Disease/letterer-siwe-4.jpg
17,E:\MedicalData\kagglechallenge\Dermnet\train/Systemic Disease/letterer-siwe-5.jpg
17,E:\MedicalData\kagglechallenge\Dermnet\train/Systemic Disease/lichen-amyloidosis-1.jpg
17,E:\MedicalData\kagglechallenge\Dermnet\train/Systemic Disease/lichen-amyloidosis-4.jpg
17,E:\MedicalData\kagglechallenge\Dermnet\train/Systemic Disease/lichen-amyloidosis-5.jpg
17,E:\MedicalData\kagglechallenge\Dermnet\train/Systemic Disease/lichen-amyloidosis-7.jpg
17,E:\MedicalData\kagglechallenge\Dermnet\train/Systemic Disease/lichen-amyloidosis-8.jpg
17,E:\MedicalData\kagglechallenge\Dermnet\train/Systemic Disease/lichen-amyloidosis-9.jpg
17,E:\MedicalData\kagglechallenge\Dermnet\train/Systemic Disease/lichen-myxedematosus-1.jpg
17,E:\MedicalData\kagglechallenge\Dermnet\train/Systemic Disease/lichen-myxedematosus-2.jpg
17,E:\MedicalData\kagglechallenge\Dermnet\train/Systemic Disease/lichen-myxedematosus-5.jpg
17,E:\MedicalData\kagglechallenge\Dermnet\train/Systemic Disease/lipoid-proteinosis-1.jpg
17,E:\MedicalData\kagglechallenge\Dermnet\train/Systemic Disease/lipoid-proteinosis-10.jpg
17,E:\MedicalData\kagglechallenge\Dermnet\train/Systemic Disease/lipoid-proteinosis-11.jpg
17,E:\MedicalData\kagglechallenge\Dermnet\train/Systemic Disease/lipoid-proteinosis-3.jpg
17,E:\MedicalData\kagglechallenge\Dermnet\train/Systemic Disease/lipoid-proteinosis-4.jpg
17,E:\MedicalData\kagglechallenge\Dermnet\train/Systemic Disease/lipoid-proteinosis-5.jpg
17,E:\MedicalData\kagglechallenge\Dermnet\train/Systemic Disease/lipoid-proteinosis-7.jpg
17,E:\MedicalData\kagglechallenge\Dermnet\train/Systemic Disease/lipoid-proteinosis-8.jpg
17,E:\MedicalData\kagglechallenge\Dermnet\train/Systemic Disease/lipoid-proteinosis-9.jpg
17,E:\MedicalData\kagglechallenge\Dermnet\train/Systemic Disease/lisch-nodules.jpg
17,E:\MedicalData\kagglechallenge\Dermnet\train/Systemic Disease/meischer-granuloma-face-1.jpg
17,E:\MedicalData\kagglechallenge\Dermnet\train/Systemic Disease/meischer-granuloma-face-2.jpg
17,E:\MedicalData\kagglechallenge\Dermnet\train/Systemic Disease/melkersson-rosenthal-1.jpg
17,E:\MedicalData\kagglechallenge\Dermnet\train/Systemic Disease/necrobiosis-lipoidica-10.jpg
17,E:\MedicalData\kagglechallenge\Dermnet\train/Systemic Disease/necrobiosis-lipoidica-11.jpg
17,E:\MedicalData\kagglechallenge\Dermnet\train/Systemic Disease/necrobiosis-lipoidica-12.jpg
17,E:\MedicalData\kagglechallenge\Dermnet\train/Systemic Disease/necrobiosis-lipoidica-14.jpg
17,E:\MedicalData\kagglechallenge\Dermnet\train/Systemic Disease/necrobiosis-lipoidica-15.jpg
17,E:\MedicalData\kagglechallenge\Dermnet\train/Systemic Disease/necrobiosis-lipoidica-16.jpg
17,E:\MedicalData\kagglechallenge\Dermnet\train/Systemic Disease/necrobiosis-lipoidica-17.jpg
17,E:\MedicalData\kagglechallenge\Dermnet\train/Systemic Disease/necrobiosis-lipoidica-18.jpg
17,E:\MedicalData\kagglechallenge\Dermnet\train/Systemic Disease/necrobiosis-lipoidica-19.jpg
17,E:\MedicalData\kagglechallenge\Dermnet\train/Systemic Disease/necrobiosis-lipoidica-2.jpg
17,E:\MedicalData\kagglechallenge\Dermnet\train/Systemic Disease/necrobiosis-lipoidica-20.jpg
17,E:\MedicalData\kagglechallenge\Dermnet\train/Systemic Disease/necrobiosis-lipoidica-21.jpg
17,E:\MedicalData\kagglechallenge\Dermnet\train/Systemic Disease/necrobiosis-lipoidica-23.jpg
17,E:\MedicalData\kagglechallenge\Dermnet\train/Systemic Disease/necrobiosis-lipoidica-24.jpg
17,E:\MedicalData\kagglechallenge\Dermnet\train/Systemic Disease/necrobiosis-lipoidica-25.jpg
17,E:\MedicalData\kagglechallenge\Dermnet\train/Systemic Disease/necrobiosis-lipoidica-26.jpg
17,E:\MedicalData\kagglechallenge\Dermnet\train/Systemic Disease/necrobiosis-lipoidica-27.jpg
17,E:\MedicalData\kagglechallenge\Dermnet\train/Systemic Disease/necrobiosis-lipoidica-28.jpg
17,E:\MedicalData\kagglechallenge\Dermnet\train/Systemic Disease/necrobiosis-lipoidica-3.jpg
17,E:\MedicalData\kagglechallenge\Dermnet\train/Systemic Disease/necrobiosis-lipoidica-31.jpg
17,E:\MedicalData\kagglechallenge\Dermnet\train/Systemic Disease/necrobiosis-lipoidica-32.jpg
17,E:\MedicalData\kagglechallenge\Dermnet\train/Systemic Disease/necrobiosis-lipoidica-33.jpg
17,E:\MedicalData\kagglechallenge\Dermnet\train/Systemic Disease/necrobiosis-lipoidica-34.jpg
17,E:\MedicalData\kagglechallenge\Dermnet\train/Systemic Disease/necrobiosis-lipoidica-36.jpg
17,E:\MedicalData\kagglechallenge\Dermnet\train/Systemic Disease/necrobiosis-lipoidica-38.jpg
17,E:\MedicalData\kagglechallenge\Dermnet\train/Systemic Disease/necrobiosis-lipoidica-39.jpg
17,E:\MedicalData\kagglechallenge\Dermnet\train/Systemic Disease/necrobiosis-lipoidica-41.jpg
17,E:\MedicalData\kagglechallenge\Dermnet\train/Systemic Disease/necrobiosis-lipoidica-42.jpg
17,E:\MedicalData\kagglechallenge\Dermnet\train/Systemic Disease/necrobiosis-lipoidica-43.jpg
17,E:\MedicalData\kagglechallenge\Dermnet\train/Systemic Disease/necrobiosis-lipoidica-45.jpg
17,E:\MedicalData\kagglechallenge\Dermnet\train/Systemic Disease/necrobiosis-lipoidica-48.jpg
17,E:\MedicalData\kagglechallenge\Dermnet\train/Systemic Disease/necrobiosis-lipoidica-49.jpg
17,E:\MedicalData\kagglechallenge\Dermnet\train/Systemic Disease/necrobiosis-lipoidica-50.jpg
17,E:\MedicalData\kagglechallenge\Dermnet\train/Systemic Disease/necrobiosis-lipoidica-51.jpg
17,E:\MedicalData\kagglechallenge\Dermnet\train/Systemic Disease/necrobiosis-lipoidica-52.jpg
17,E:\MedicalData\kagglechallenge\Dermnet\train/Systemic Disease/necrobiosis-lipoidica-53.jpg
17,E:\MedicalData\kagglechallenge\Dermnet\train/Systemic Disease/necrobiosis-lipoidica-55.jpg
17,E:\MedicalData\kagglechallenge\Dermnet\train/Systemic Disease/necrobiosis-lipoidica-56.jpg
17,E:\MedicalData\kagglechallenge\Dermnet\train/Systemic Disease/necrobiosis-lipoidica-57.jpg
17,E:\MedicalData\kagglechallenge\Dermnet\train/Systemic Disease/necrobiosis-lipoidica-58.jpg
17,E:\MedicalData\kagglechallenge\Dermnet\train/Systemic Disease/necrobiosis-lipoidica-59.jpg
17,E:\MedicalData\kagglechallenge\Dermnet\train/Systemic Disease/necrobiosis-lipoidica-6.jpg
17,E:\MedicalData\kagglechallenge\Dermnet\train/Systemic Disease/necrobiosis-lipoidica-61.jpg
17,E:\MedicalData\kagglechallenge\Dermnet\train/Systemic Disease/necrobiosis-lipoidica-63.jpg
17,E:\MedicalData\kagglechallenge\Dermnet\train/Systemic Disease/necrobiosis-lipoidica-64.jpg
17,E:\MedicalData\kagglechallenge\Dermnet\train/Systemic Disease/necrobiosis-lipoidica-65.jpg
17,E:\MedicalData\kagglechallenge\Dermnet\train/Systemic Disease/necrobiosis-lipoidica-66.jpg
17,E:\MedicalData\kagglechallenge\Dermnet\train/Systemic Disease/necrobiosis-lipoidica-68.jpg
17,E:\MedicalData\kagglechallenge\Dermnet\train/Systemic Disease/necrobiosis-lipoidica-69.jpg
17,E:\MedicalData\kagglechallenge\Dermnet\train/Systemic Disease/necrobiosis-lipoidica-7.jpg
17,E:\MedicalData\kagglechallenge\Dermnet\train/Systemic Disease/necrobiosis-lipoidica-71.jpg
17,E:\MedicalData\kagglechallenge\Dermnet\train/Systemic Disease/necrobiosis-lipoidica-72.jpg
17,E:\MedicalData\kagglechallenge\Dermnet\train/Systemic Disease/necrobiosis-lipoidica-73.jpg
17,E:\MedicalData\kagglechallenge\Dermnet\train/Systemic Disease/necrobiosis-lipoidica-74.jpg
17,E:\MedicalData\kagglechallenge\Dermnet\train/Systemic Disease/necrobiosis-lipoidica-75.jpg
17,E:\MedicalData\kagglechallenge\Dermnet\train/Systemic Disease/necrobiosis-lipoidica-76.jpg
17,E:\MedicalData\kagglechallenge\Dermnet\train/Systemic Disease/necrobiosis-lipoidica-77.jpg
17,E:\MedicalData\kagglechallenge\Dermnet\train/Systemic Disease/necrobiosis-lipoidica-78.jpg
17,E:\MedicalData\kagglechallenge\Dermnet\train/Systemic Disease/necrobiosis-lipoidica-8.jpg
17,E:\MedicalData\kagglechallenge\Dermnet\train/Systemic Disease/necrobiosis-lipoidica-80.jpg
17,E:\MedicalData\kagglechallenge\Dermnet\train/Systemic Disease/necrobiosis-lipoidica-81.jpg
17,E:\MedicalData\kagglechallenge\Dermnet\train/Systemic Disease/necrobiosis-lipoidica-82.jpg
17,E:\MedicalData\kagglechallenge\Dermnet\train/Systemic Disease/necrobiosis-lipoidica-83.jpg
17,E:\MedicalData\kagglechallenge\Dermnet\train/Systemic Disease/necrobiosis-lipoidica-84.jpg
17,E:\MedicalData\kagglechallenge\Dermnet\train/Systemic Disease/necrobiosis-lipoidica-9.jpg
17,E:\MedicalData\kagglechallenge\Dermnet\train/Systemic Disease/neurofibromatosis-1.jpg
17,E:\MedicalData\kagglechallenge\Dermnet\train/Systemic Disease/neurofibromatosis-10.jpg
17,E:\MedicalData\kagglechallenge\Dermnet\train/Systemic Disease/neurofibromatosis-14.jpg
17,E:\MedicalData\kagglechallenge\Dermnet\train/Systemic Disease/neurofibromatosis-15.jpg
17,E:\MedicalData\kagglechallenge\Dermnet\train/Systemic Disease/neurofibromatosis-17.jpg
17,E:\MedicalData\kagglechallenge\Dermnet\train/Systemic Disease/neurofibromatosis-2.jpg
17,E:\MedicalData\kagglechallenge\Dermnet\train/Systemic Disease/neurofibromatosis-20.jpg
17,E:\MedicalData\kagglechallenge\Dermnet\train/Systemic Disease/neurofibromatosis-21.jpg
17,E:\MedicalData\kagglechallenge\Dermnet\train/Systemic Disease/neurofibromatosis-22.jpg
17,E:\MedicalData\kagglechallenge\Dermnet\train/Systemic Disease/neurofibromatosis-23.jpg
17,E:\MedicalData\kagglechallenge\Dermnet\train/Systemic Disease/neurofibromatosis-24.jpg
17,E:\MedicalData\kagglechallenge\Dermnet\train/Systemic Disease/neurofibromatosis-26.jpg
17,E:\MedicalData\kagglechallenge\Dermnet\train/Systemic Disease/neurofibromatosis-27.jpg
17,E:\MedicalData\kagglechallenge\Dermnet\train/Systemic Disease/neurofibromatosis-28.jpg
17,E:\MedicalData\kagglechallenge\Dermnet\train/Systemic Disease/neurofibromatosis-30.jpg
17,E:\MedicalData\kagglechallenge\Dermnet\train/Systemic Disease/neurofibromatosis-31.jpg
17,E:\MedicalData\kagglechallenge\Dermnet\train/Systemic Disease/neurofibromatosis-32.jpg
17,E:\MedicalData\kagglechallenge\Dermnet\train/Systemic Disease/neurofibromatosis-33.jpg
17,E:\MedicalData\kagglechallenge\Dermnet\train/Systemic Disease/neurofibromatosis-36.jpg
17,E:\MedicalData\kagglechallenge\Dermnet\train/Systemic Disease/neurofibromatosis-37.jpg
17,E:\MedicalData\kagglechallenge\Dermnet\train/Systemic Disease/neurofibromatosis-38.jpg
17,E:\MedicalData\kagglechallenge\Dermnet\train/Systemic Disease/neurofibromatosis-4.jpg
17,E:\MedicalData\kagglechallenge\Dermnet\train/Systemic Disease/neurofibromatosis-40.jpg
17,E:\MedicalData\kagglechallenge\Dermnet\train/Systemic Disease/neurofibromatosis-41.jpg
17,E:\MedicalData\kagglechallenge\Dermnet\train/Systemic Disease/neurofibromatosis-42.jpg
17,E:\MedicalData\kagglechallenge\Dermnet\train/Systemic Disease/neurofibromatosis-43.jpg
17,E:\MedicalData\kagglechallenge\Dermnet\train/Systemic Disease/neurofibromatosis-45.jpg
17,E:\MedicalData\kagglechallenge\Dermnet\train/Systemic Disease/neurofibromatosis-47.jpg
17,E:\MedicalData\kagglechallenge\Dermnet\train/Systemic Disease/neurofibromatosis-5.jpg
17,E:\MedicalData\kagglechallenge\Dermnet\train/Systemic Disease/neurofibromatosis-55.jpg
17,E:\MedicalData\kagglechallenge\Dermnet\train/Systemic Disease/neurofibromatosis-56.jpg
17,E:\MedicalData\kagglechallenge\Dermnet\train/Systemic Disease/neurofibromatosis-57.jpg
17,E:\MedicalData\kagglechallenge\Dermnet\train/Systemic Disease/neurofibromatosis-58.jpg
17,E:\MedicalData\kagglechallenge\Dermnet\train/Systemic Disease/neurofibromatosis-59.jpg
17,E:\MedicalData\kagglechallenge\Dermnet\train/Systemic Disease/neurofibromatosis-60.jpg
17,E:\MedicalData\kagglechallenge\Dermnet\train/Systemic Disease/neurofibromatosis-61.jpg
17,E:\MedicalData\kagglechallenge\Dermnet\train/Systemic Disease/neurofibromatosis-63.jpg
17,E:\MedicalData\kagglechallenge\Dermnet\train/Systemic Disease/neurofibromatosis-64.jpg
17,E:\MedicalData\kagglechallenge\Dermnet\train/Systemic Disease/neurofibromatosis-65.jpg
17,E:\MedicalData\kagglechallenge\Dermnet\train/Systemic Disease/neurofibromatosis-66.jpg
17,E:\MedicalData\kagglechallenge\Dermnet\train/Systemic Disease/neurofibromatosis-67.jpg
17,E:\MedicalData\kagglechallenge\Dermnet\train/Systemic Disease/neurofibromatosis-68.jpg
17,E:\MedicalData\kagglechallenge\Dermnet\train/Systemic Disease/neurofibromatosis-69.jpg
17,E:\MedicalData\kagglechallenge\Dermnet\train/Systemic Disease/neurofibromatosis-7.jpg
17,E:\MedicalData\kagglechallenge\Dermnet\train/Systemic Disease/neurofibromatosis-70.jpg
17,E:\MedicalData\kagglechallenge\Dermnet\train/Systemic Disease/neurofibromatosis-71.jpg
17,E:\MedicalData\kagglechallenge\Dermnet\train/Systemic Disease/neurofibromatosis-72.jpg
17,E:\MedicalData\kagglechallenge\Dermnet\train/Systemic Disease/neurofibromatosis-8.jpg
17,E:\MedicalData\kagglechallenge\Dermnet\train/Systemic Disease/nevoxanthoendothelioma-1.jpg
17,E:\MedicalData\kagglechallenge\Dermnet\train/Systemic Disease/nevoxanthoendothelioma-11.jpg
17,E:\MedicalData\kagglechallenge\Dermnet\train/Systemic Disease/nevoxanthoendothelioma-2.jpg
17,E:\MedicalData\kagglechallenge\Dermnet\train/Systemic Disease/nevoxanthoendothelioma-3.jpg
17,E:\MedicalData\kagglechallenge\Dermnet\train/Systemic Disease/nevoxanthoendothelioma-4.jpg
17,E:\MedicalData\kagglechallenge\Dermnet\train/Systemic Disease/nevoxanthoendothelioma-6.jpg
17,E:\MedicalData\kagglechallenge\Dermnet\train/Systemic Disease/nevoxanthoendothelioma-7.jpg
17,E:\MedicalData\kagglechallenge\Dermnet\train/Systemic Disease/nevoxanthoendothelioma-8.jpg
17,E:\MedicalData\kagglechallenge\Dermnet\train/Systemic Disease/nevoxanthoendothelioma-9.jpg
17,E:\MedicalData\kagglechallenge\Dermnet\train/Systemic Disease/ochronosis-1.jpg
17,E:\MedicalData\kagglechallenge\Dermnet\train/Systemic Disease/ochronosis-2.jpg
17,E:\MedicalData\kagglechallenge\Dermnet\train/Systemic Disease/panniculitis-1.jpg
17,E:\MedicalData\kagglechallenge\Dermnet\train/Systemic Disease/panniculitis-2.jpg
17,E:\MedicalData\kagglechallenge\Dermnet\train/Systemic Disease/pellagra-1.jpg
17,E:\MedicalData\kagglechallenge\Dermnet\train/Systemic Disease/pellagra-2.jpg
17,E:\MedicalData\kagglechallenge\Dermnet\train/Systemic Disease/pellagra-3.jpg
17,E:\MedicalData\kagglechallenge\Dermnet\train/Systemic Disease/pellagra-4.jpg
17,E:\MedicalData\kagglechallenge\Dermnet\train/Systemic Disease/pretibial-myxedema-1.jpg
17,E:\MedicalData\kagglechallenge\Dermnet\train/Systemic Disease/pretibial-myxedema-10.jpg
17,E:\MedicalData\kagglechallenge\Dermnet\train/Systemic Disease/pretibial-myxedema-11.jpg
17,E:\MedicalData\kagglechallenge\Dermnet\train/Systemic Disease/pretibial-myxedema-17.jpg
17,E:\MedicalData\kagglechallenge\Dermnet\train/Systemic Disease/pretibial-myxedema-18.jpg
17,E:\MedicalData\kagglechallenge\Dermnet\train/Systemic Disease/pretibial-myxedema-19.jpg
17,E:\MedicalData\kagglechallenge\Dermnet\train/Systemic Disease/pretibial-myxedema-2.jpg
17,E:\MedicalData\kagglechallenge\Dermnet\train/Systemic Disease/pretibial-myxedema-22.jpg
17,E:\MedicalData\kagglechallenge\Dermnet\train/Systemic Disease/pretibial-myxedema-25.jpg
17,E:\MedicalData\kagglechallenge\Dermnet\train/Systemic Disease/pretibial-myxedema-26.jpg
17,E:\MedicalData\kagglechallenge\Dermnet\train/Systemic Disease/pretibial-myxedema-27.jpg
17,E:\MedicalData\kagglechallenge\Dermnet\train/Systemic Disease/pretibial-myxedema-3.jpg
17,E:\MedicalData\kagglechallenge\Dermnet\train/Systemic Disease/pretibial-myxedema-4.jpg
17,E:\MedicalData\kagglechallenge\Dermnet\train/Systemic Disease/pretibial-myxedema-5.jpg
17,E:\MedicalData\kagglechallenge\Dermnet\train/Systemic Disease/pretibial-myxedema-7.jpg
17,E:\MedicalData\kagglechallenge\Dermnet\train/Systemic Disease/pretibial-myxedema-8.jpg
17,E:\MedicalData\kagglechallenge\Dermnet\train/Systemic Disease/pretibial-myxedema-9.jpg
17,E:\MedicalData\kagglechallenge\Dermnet\train/Systemic Disease/pseudoxanthoma-elasticum-1.jpg
17,E:\MedicalData\kagglechallenge\Dermnet\train/Systemic Disease/pseudoxanthoma-elasticum-3.jpg
17,E:\MedicalData\kagglechallenge\Dermnet\train/Systemic Disease/pseudoxanthoma-elasticum-5.jpg
17,E:\MedicalData\kagglechallenge\Dermnet\train/Systemic Disease/pseudoxanthoma-elasticum-7.jpg
17,E:\MedicalData\kagglechallenge\Dermnet\train/Systemic Disease/pseudoxanthoma-elasticum-8.jpg
17,E:\MedicalData\kagglechallenge\Dermnet\train/Systemic Disease/Relapsing-Polychondritis-1.jpg
17,E:\MedicalData\kagglechallenge\Dermnet\train/Systemic Disease/Relapsing-Polychondritis-2.jpg
17,E:\MedicalData\kagglechallenge\Dermnet\train/Systemic Disease/Relapsing-Polychondritis-3.jpg
17,E:\MedicalData\kagglechallenge\Dermnet\train/Systemic Disease/rheumatoid-nodule-1.jpg
17,E:\MedicalData\kagglechallenge\Dermnet\train/Systemic Disease/rheumatoid-nodule-2.jpg
17,E:\MedicalData\kagglechallenge\Dermnet\train/Systemic Disease/rheumatoid-nodule-4.jpg
17,E:\MedicalData\kagglechallenge\Dermnet\train/Systemic Disease/rheumatoid-nodule-5.jpg
17,E:\MedicalData\kagglechallenge\Dermnet\train/Systemic Disease/rheumatoid-nodule-6.jpg
17,E:\MedicalData\kagglechallenge\Dermnet\train/Systemic Disease/rheumatoid-nodule-7.jpg
17,E:\MedicalData\kagglechallenge\Dermnet\train/Systemic Disease/rheumatoid-nodule-9.jpg
17,E:\MedicalData\kagglechallenge\Dermnet\train/Systemic Disease/sarcoid-12.jpg
17,E:\MedicalData\kagglechallenge\Dermnet\train/Systemic Disease/sarcoid-14.jpg
17,E:\MedicalData\kagglechallenge\Dermnet\train/Systemic Disease/sarcoid-15.jpg
17,E:\MedicalData\kagglechallenge\Dermnet\train/Systemic Disease/sarcoid-17.jpg
17,E:\MedicalData\kagglechallenge\Dermnet\train/Systemic Disease/sarcoid-18.jpg
17,E:\MedicalData\kagglechallenge\Dermnet\train/Systemic Disease/sarcoid-2.jpg
17,E:\MedicalData\kagglechallenge\Dermnet\train/Systemic Disease/sarcoid-20.jpg
17,E:\MedicalData\kagglechallenge\Dermnet\train/Systemic Disease/sarcoid-21.jpg
17,E:\MedicalData\kagglechallenge\Dermnet\train/Systemic Disease/sarcoid-22.jpg
17,E:\MedicalData\kagglechallenge\Dermnet\train/Systemic Disease/sarcoid-23.jpg
17,E:\MedicalData\kagglechallenge\Dermnet\train/Systemic Disease/sarcoid-24.jpg
17,E:\MedicalData\kagglechallenge\Dermnet\train/Systemic Disease/sarcoid-26.jpg
17,E:\MedicalData\kagglechallenge\Dermnet\train/Systemic Disease/sarcoid-29.jpg
17,E:\MedicalData\kagglechallenge\Dermnet\train/Systemic Disease/sarcoid-3.jpg
17,E:\MedicalData\kagglechallenge\Dermnet\train/Systemic Disease/sarcoid-30.jpg
17,E:\MedicalData\kagglechallenge\Dermnet\train/Systemic Disease/sarcoid-4.jpg
17,E:\MedicalData\kagglechallenge\Dermnet\train/Systemic Disease/sarcoid-7.jpg
17,E:\MedicalData\kagglechallenge\Dermnet\train/Systemic Disease/sarcoid-8.jpg
17,E:\MedicalData\kagglechallenge\Dermnet\train/Systemic Disease/sarcoid-9.jpg
17,E:\MedicalData\kagglechallenge\Dermnet\train/Systemic Disease/sebaceous-adenoma-2.jpg
17,E:\MedicalData\kagglechallenge\Dermnet\train/Systemic Disease/sebaceous-adenoma-4.jpg
17,E:\MedicalData\kagglechallenge\Dermnet\train/Systemic Disease/sebaceous-adenoma-8.jpg
17,E:\MedicalData\kagglechallenge\Dermnet\train/Systemic Disease/stria-1.jpg
17,E:\MedicalData\kagglechallenge\Dermnet\train/Systemic Disease/stria-3.jpg
17,E:\MedicalData\kagglechallenge\Dermnet\train/Systemic Disease/tricholemmoma-1.jpg
17,E:\MedicalData\kagglechallenge\Dermnet\train/Systemic Disease/tuberous-sclerosis-1.jpg
17,E:\MedicalData\kagglechallenge\Dermnet\train/Systemic Disease/tuberous-sclerosis-10.jpg
17,E:\MedicalData\kagglechallenge\Dermnet\train/Systemic Disease/tuberous-sclerosis-12.jpg
17,E:\MedicalData\kagglechallenge\Dermnet\train/Systemic Disease/tuberous-sclerosis-13.jpg
17,E:\MedicalData\kagglechallenge\Dermnet\train/Systemic Disease/tuberous-sclerosis-14.jpg
17,E:\MedicalData\kagglechallenge\Dermnet\train/Systemic Disease/tuberous-sclerosis-143.jpg
17,E:\MedicalData\kagglechallenge\Dermnet\train/Systemic Disease/tuberous-sclerosis-145.jpg
17,E:\MedicalData\kagglechallenge\Dermnet\train/Systemic Disease/tuberous-sclerosis-15.jpg
17,E:\MedicalData\kagglechallenge\Dermnet\train/Systemic Disease/tuberous-sclerosis-154.jpg
17,E:\MedicalData\kagglechallenge\Dermnet\train/Systemic Disease/tuberous-sclerosis-16.jpg
17,E:\MedicalData\kagglechallenge\Dermnet\train/Systemic Disease/tuberous-sclerosis-165.jpg
17,E:\MedicalData\kagglechallenge\Dermnet\train/Systemic Disease/tuberous-sclerosis-17.jpg
17,E:\MedicalData\kagglechallenge\Dermnet\train/Systemic Disease/tuberous-sclerosis-18.jpg
17,E:\MedicalData\kagglechallenge\Dermnet\train/Systemic Disease/tuberous-sclerosis-19.jpg
17,E:\MedicalData\kagglechallenge\Dermnet\train/Systemic Disease/tuberous-sclerosis-2.jpg
17,E:\MedicalData\kagglechallenge\Dermnet\train/Systemic Disease/tuberous-sclerosis-21.jpg
17,E:\MedicalData\kagglechallenge\Dermnet\train/Systemic Disease/tuberous-sclerosis-22.jpg
17,E:\MedicalData\kagglechallenge\Dermnet\train/Systemic Disease/tuberous-sclerosis-27.jpg
17,E:\MedicalData\kagglechallenge\Dermnet\train/Systemic Disease/tuberous-sclerosis-28.jpg
17,E:\MedicalData\kagglechallenge\Dermnet\train/Systemic Disease/tuberous-sclerosis-29.jpg
17,E:\MedicalData\kagglechallenge\Dermnet\train/Systemic Disease/tuberous-sclerosis-3.jpg
17,E:\MedicalData\kagglechallenge\Dermnet\train/Systemic Disease/tuberous-sclerosis-32.jpg
17,E:\MedicalData\kagglechallenge\Dermnet\train/Systemic Disease/tuberous-sclerosis-33.jpg
17,E:\MedicalData\kagglechallenge\Dermnet\train/Systemic Disease/tuberous-sclerosis-36.jpg
17,E:\MedicalData\kagglechallenge\Dermnet\train/Systemic Disease/tuberous-sclerosis-38.jpg
17,E:\MedicalData\kagglechallenge\Dermnet\train/Systemic Disease/tuberous-sclerosis-39.jpg
17,E:\MedicalData\kagglechallenge\Dermnet\train/Systemic Disease/tuberous-sclerosis-40.jpg
17,E:\MedicalData\kagglechallenge\Dermnet\train/Systemic Disease/tuberous-sclerosis-41.jpg
17,E:\MedicalData\kagglechallenge\Dermnet\train/Systemic Disease/tuberous-sclerosis-44.jpg
17,E:\MedicalData\kagglechallenge\Dermnet\train/Systemic Disease/tuberous-sclerosis-45.jpg
17,E:\MedicalData\kagglechallenge\Dermnet\train/Systemic Disease/tuberous-sclerosis-47.jpg
17,E:\MedicalData\kagglechallenge\Dermnet\train/Systemic Disease/tuberous-sclerosis-48.jpg
17,E:\MedicalData\kagglechallenge\Dermnet\train/Systemic Disease/tuberous-sclerosis-49.jpg
17,E:\MedicalData\kagglechallenge\Dermnet\train/Systemic Disease/tuberous-sclerosis-50.jpg
17,E:\MedicalData\kagglechallenge\Dermnet\train/Systemic Disease/tuberous-sclerosis-51.jpg
17,E:\MedicalData\kagglechallenge\Dermnet\train/Systemic Disease/tuberous-sclerosis-53.jpg
17,E:\MedicalData\kagglechallenge\Dermnet\train/Systemic Disease/tuberous-sclerosis-54.jpg
17,E:\MedicalData\kagglechallenge\Dermnet\train/Systemic Disease/tuberous-sclerosis-57.jpg
17,E:\MedicalData\kagglechallenge\Dermnet\train/Systemic Disease/tuberous-sclerosis-6.jpg
17,E:\MedicalData\kagglechallenge\Dermnet\train/Systemic Disease/tuberous-sclerosis-7.jpg
17,E:\MedicalData\kagglechallenge\Dermnet\train/Systemic Disease/tuberous-sclerosis-76.jpg
17,E:\MedicalData\kagglechallenge\Dermnet\train/Systemic Disease/tuberous-sclerosis-77.jpg
17,E:\MedicalData\kagglechallenge\Dermnet\train/Systemic Disease/tuberous-sclerosis-8.jpg
17,E:\MedicalData\kagglechallenge\Dermnet\train/Systemic Disease/weber-christian-1.jpg
17,E:\MedicalData\kagglechallenge\Dermnet\train/Systemic Disease/weber-christian-2.jpg
17,E:\MedicalData\kagglechallenge\Dermnet\train/Systemic Disease/xanthomas-10.jpg
17,E:\MedicalData\kagglechallenge\Dermnet\train/Systemic Disease/xanthomas-14.jpg
17,E:\MedicalData\kagglechallenge\Dermnet\train/Systemic Disease/xanthomas-15.jpg
17,E:\MedicalData\kagglechallenge\Dermnet\train/Systemic Disease/xanthomas-16.jpg
17,E:\MedicalData\kagglechallenge\Dermnet\train/Systemic Disease/xanthomas-18.jpg
17,E:\MedicalData\kagglechallenge\Dermnet\train/Systemic Disease/xanthomas-20.jpg
17,E:\MedicalData\kagglechallenge\Dermnet\train/Systemic Disease/xanthomas-22.jpg
17,E:\MedicalData\kagglechallenge\Dermnet\train/Systemic Disease/xanthomas-23.jpg
17,E:\MedicalData\kagglechallenge\Dermnet\train/Systemic Disease/xanthomas-24.jpg
17,E:\MedicalData\kagglechallenge\Dermnet\train/Systemic Disease/xanthomas-25.jpg
17,E:\MedicalData\kagglechallenge\Dermnet\train/Systemic Disease/xanthomas-26.jpg
17,E:\MedicalData\kagglechallenge\Dermnet\train/Systemic Disease/xanthomas-27.jpg
17,E:\MedicalData\kagglechallenge\Dermnet\train/Systemic Disease/xanthomas-29.jpg
17,E:\MedicalData\kagglechallenge\Dermnet\train/Systemic Disease/xanthomas-30.jpg
17,E:\MedicalData\kagglechallenge\Dermnet\train/Systemic Disease/xanthomas-31.jpg
17,E:\MedicalData\kagglechallenge\Dermnet\train/Systemic Disease/xanthomas-32.jpg
17,E:\MedicalData\kagglechallenge\Dermnet\train/Systemic Disease/xanthomas-33.jpg
17,E:\MedicalData\kagglechallenge\Dermnet\train/Systemic Disease/xanthomas-34.jpg
17,E:\MedicalData\kagglechallenge\Dermnet\train/Systemic Disease/xanthomas-35.jpg
17,E:\MedicalData\kagglechallenge\Dermnet\train/Systemic Disease/xanthomas-36.jpg
17,E:\MedicalData\kagglechallenge\Dermnet\train/Systemic Disease/xanthomas-37.jpg
17,E:\MedicalData\kagglechallenge\Dermnet\train/Systemic Disease/xanthomas-38.jpg
17,E:\MedicalData\kagglechallenge\Dermnet\train/Systemic Disease/xanthomas-4.jpg
17,E:\MedicalData\kagglechallenge\Dermnet\train/Systemic Disease/xanthomas-40.jpg
17,E:\MedicalData\kagglechallenge\Dermnet\train/Systemic Disease/xanthomas-41.jpg
17,E:\MedicalData\kagglechallenge\Dermnet\train/Systemic Disease/xanthomas-42.jpg
17,E:\MedicalData\kagglechallenge\Dermnet\train/Systemic Disease/xanthomas-44.jpg
17,E:\MedicalData\kagglechallenge\Dermnet\train/Systemic Disease/xanthomas-45.jpg
17,E:\MedicalData\kagglechallenge\Dermnet\train/Systemic Disease/xanthomas-46.jpg
17,E:\MedicalData\kagglechallenge\Dermnet\train/Systemic Disease/xanthomas-48.jpg
17,E:\MedicalData\kagglechallenge\Dermnet\train/Systemic Disease/xanthomas-5.jpg
17,E:\MedicalData\kagglechallenge\Dermnet\train/Systemic Disease/xanthomas-53.jpg
17,E:\MedicalData\kagglechallenge\Dermnet\train/Systemic Disease/xanthomas-54.jpg
17,E:\MedicalData\kagglechallenge\Dermnet\train/Systemic Disease/xanthomas-55.jpg
17,E:\MedicalData\kagglechallenge\Dermnet\train/Systemic Disease/xanthomas-58.jpg
17,E:\MedicalData\kagglechallenge\Dermnet\train/Systemic Disease/xanthomas-6.jpg
17,E:\MedicalData\kagglechallenge\Dermnet\train/Systemic Disease/xanthomas-62.jpg
17,E:\MedicalData\kagglechallenge\Dermnet\train/Systemic Disease/xanthomas-63.jpg
17,E:\MedicalData\kagglechallenge\Dermnet\train/Systemic Disease/xanthomas-64.jpg
17,E:\MedicalData\kagglechallenge\Dermnet\train/Systemic Disease/xanthomas-65.jpg
17,E:\MedicalData\kagglechallenge\Dermnet\train/Systemic Disease/xanthomas-67.jpg
17,E:\MedicalData\kagglechallenge\Dermnet\train/Systemic Disease/xanthomas-68.jpg
17,E:\MedicalData\kagglechallenge\Dermnet\train/Systemic Disease/xanthomas-7.jpg
17,E:\MedicalData\kagglechallenge\Dermnet\train/Systemic Disease/xanthomas-70.jpg
17,E:\MedicalData\kagglechallenge\Dermnet\train/Systemic Disease/xanthomas-73.jpg
17,E:\MedicalData\kagglechallenge\Dermnet\train/Systemic Disease/xanthomas-74.jpg
17,E:\MedicalData\kagglechallenge\Dermnet\train/Systemic Disease/xanthomas-76.jpg
17,E:\MedicalData\kagglechallenge\Dermnet\train/Systemic Disease/xanthomas-77.jpg
17,E:\MedicalData\kagglechallenge\Dermnet\train/Systemic Disease/xanthomas-8.jpg
17,E:\MedicalData\kagglechallenge\Dermnet\train/Systemic Disease/xanthomas-9.jpg
18,E:\MedicalData\kagglechallenge\Dermnet\train/Tinea Ringworm Candidiasis and other Fungal Infections/03AngularCheilitis.jpg
18,E:\MedicalData\kagglechallenge\Dermnet\train/Tinea Ringworm Candidiasis and other Fungal Infections/03ContactDerm050127.jpg
18,E:\MedicalData\kagglechallenge\Dermnet\train/Tinea Ringworm Candidiasis and other Fungal Infections/13Balanitis.jpg
18,E:\MedicalData\kagglechallenge\Dermnet\train/Tinea Ringworm Candidiasis and other Fungal Infections/13Balanitis1.jpg
18,E:\MedicalData\kagglechallenge\Dermnet\train/Tinea Ringworm Candidiasis and other Fungal Infections/13Candida040701.jpg
18,E:\MedicalData\kagglechallenge\Dermnet\train/Tinea Ringworm Candidiasis and other Fungal Infections/13CandidaAxillae071204.jpg
18,E:\MedicalData\kagglechallenge\Dermnet\train/Tinea Ringworm Candidiasis and other Fungal Infections/13CandidaBreast.jpg
18,E:\MedicalData\kagglechallenge\Dermnet\train/Tinea Ringworm Candidiasis and other Fungal Infections/13CandidaBreast030804.jpg
18,E:\MedicalData\kagglechallenge\Dermnet\train/Tinea Ringworm Candidiasis and other Fungal Infections/13candidaGranuloma9653-GP3.jpg
18,E:\MedicalData\kagglechallenge\Dermnet\train/Tinea Ringworm Candidiasis and other Fungal Infections/13candidaIntertrigo022006.jpg
18,E:\MedicalData\kagglechallenge\Dermnet\train/Tinea Ringworm Candidiasis and other Fungal Infections/13candidaTongue0123061.jpg
18,E:\MedicalData\kagglechallenge\Dermnet\train/Tinea Ringworm Candidiasis and other Fungal Infections/13CandidaVulva072103.jpg
18,E:\MedicalData\kagglechallenge\Dermnet\train/Tinea Ringworm Candidiasis and other Fungal Infections/13CandidaVulva072104.jpg
18,E:\MedicalData\kagglechallenge\Dermnet\train/Tinea Ringworm Candidiasis and other Fungal Infections/13Fissure042604.jpg
18,E:\MedicalData\kagglechallenge\Dermnet\train/Tinea Ringworm Candidiasis and other Fungal Infections/13Fissure0426041.jpg
18,E:\MedicalData\kagglechallenge\Dermnet\train/Tinea Ringworm Candidiasis and other Fungal Infections/13IntertirgoRxSteroids090101.jpg
18,E:\MedicalData\kagglechallenge\Dermnet\train/Tinea Ringworm Candidiasis and other Fungal Infections/13intertrigo121905.jpg
18,E:\MedicalData\kagglechallenge\Dermnet\train/Tinea Ringworm Candidiasis and other Fungal Infections/13intertrigo1219052.jpg
18,E:\MedicalData\kagglechallenge\Dermnet\train/Tinea Ringworm Candidiasis and other Fungal Infections/13intertrigoBreast0519.jpg
18,E:\MedicalData\kagglechallenge\Dermnet\train/Tinea Ringworm Candidiasis and other Fungal Infections/13IntertrigoBreast052504.jpg
18,E:\MedicalData\kagglechallenge\Dermnet\train/Tinea Ringworm Candidiasis and other Fungal Infections/13IntertrigoGluteal.jpg
18,E:\MedicalData\kagglechallenge\Dermnet\train/Tinea Ringworm Candidiasis and other Fungal Infections/13IntertrigoGroin.jpg
18,E:\MedicalData\kagglechallenge\Dermnet\train/Tinea Ringworm Candidiasis and other Fungal Infections/13intertrigoGroin082106.jpg
18,E:\MedicalData\kagglechallenge\Dermnet\train/Tinea Ringworm Candidiasis and other Fungal Infections/13intertrigoGroin0821061.jpg
18,E:\MedicalData\kagglechallenge\Dermnet\train/Tinea Ringworm Candidiasis and other Fungal Infections/13IntertrigoPenis3.jpg
18,E:\MedicalData\kagglechallenge\Dermnet\train/Tinea Ringworm Candidiasis and other Fungal Infections/13Perleche.jpg
18,E:\MedicalData\kagglechallenge\Dermnet\train/Tinea Ringworm Candidiasis and other Fungal Infections/13perleche0102061.jpg
18,E:\MedicalData\kagglechallenge\Dermnet\train/Tinea Ringworm Candidiasis and other Fungal Infections/13perleche0126.jpg
18,E:\MedicalData\kagglechallenge\Dermnet\train/Tinea Ringworm Candidiasis and other Fungal Infections/13TineaAcute.jpg
18,E:\MedicalData\kagglechallenge\Dermnet\train/Tinea Ringworm Candidiasis and other Fungal Infections/13TineaAnkle5.jpg
18,E:\MedicalData\kagglechallenge\Dermnet\train/Tinea Ringworm Candidiasis and other Fungal Infections/13tineaCApitis98-GP3.jpg
18,E:\MedicalData\kagglechallenge\Dermnet\train/Tinea Ringworm Candidiasis and other Fungal Infections/13tineaCorporis0609010.jpg
18,E:\MedicalData\kagglechallenge\Dermnet\train/Tinea Ringworm Candidiasis and other Fungal Infections/13tineaCorporis0609011.jpg
18,E:\MedicalData\kagglechallenge\Dermnet\train/Tinea Ringworm Candidiasis and other Fungal Infections/13tineaCorporis0808054.jpg
18,E:\MedicalData\kagglechallenge\Dermnet\train/Tinea Ringworm Candidiasis and other Fungal Infections/13tineaCorporis0808059.jpg
18,E:\MedicalData\kagglechallenge\Dermnet\train/Tinea Ringworm Candidiasis and other Fungal Infections/13tineaFeet052305.jpg
18,E:\MedicalData\kagglechallenge\Dermnet\train/Tinea Ringworm Candidiasis and other Fungal Infections/13TineaGroin143.jpg
18,E:\MedicalData\kagglechallenge\Dermnet\train/Tinea Ringworm Candidiasis and other Fungal Infections/13TineaGroin34.jpg
18,E:\MedicalData\kagglechallenge\Dermnet\train/Tinea Ringworm Candidiasis and other Fungal Infections/13TineaGroinBorder.jpg
18,E:\MedicalData\kagglechallenge\Dermnet\train/Tinea Ringworm Candidiasis and other Fungal Infections/13tineaPed121905.jpg
18,E:\MedicalData\kagglechallenge\Dermnet\train/Tinea Ringworm Candidiasis and other Fungal Infections/13TineaScalp010504.jpg
18,E:\MedicalData\kagglechallenge\Dermnet\train/Tinea Ringworm Candidiasis and other Fungal Infections/13TineaScalpMCanis060704.jpg
18,E:\MedicalData\kagglechallenge\Dermnet\train/Tinea Ringworm Candidiasis and other Fungal Infections/13tineaVersicolor041706.jpg
18,E:\MedicalData\kagglechallenge\Dermnet\train/Tinea Ringworm Candidiasis and other Fungal Infections/25IMG013.jpg
18,E:\MedicalData\kagglechallenge\Dermnet\train/Tinea Ringworm Candidiasis and other Fungal Infections/actinomycosis-2.jpg
18,E:\MedicalData\kagglechallenge\Dermnet\train/Tinea Ringworm Candidiasis and other Fungal Infections/candida-groin-10.jpg
18,E:\MedicalData\kagglechallenge\Dermnet\train/Tinea Ringworm Candidiasis and other Fungal Infections/candida-groin-14.jpg
18,E:\MedicalData\kagglechallenge\Dermnet\train/Tinea Ringworm Candidiasis and other Fungal Infections/candida-groin-15.jpg
18,E:\MedicalData\kagglechallenge\Dermnet\train/Tinea Ringworm Candidiasis and other Fungal Infections/candida-groin-16.jpg
18,E:\MedicalData\kagglechallenge\Dermnet\train/Tinea Ringworm Candidiasis and other Fungal Infections/candida-groin-3.jpg
18,E:\MedicalData\kagglechallenge\Dermnet\train/Tinea Ringworm Candidiasis and other Fungal Infections/candida-groin-5.jpg
18,E:\MedicalData\kagglechallenge\Dermnet\train/Tinea Ringworm Candidiasis and other Fungal Infections/candida-groin-6.jpg
18,E:\MedicalData\kagglechallenge\Dermnet\train/Tinea Ringworm Candidiasis and other Fungal Infections/candida-groin-7.jpg
18,E:\MedicalData\kagglechallenge\Dermnet\train/Tinea Ringworm Candidiasis and other Fungal Infections/candida-groin-8.jpg
18,E:\MedicalData\kagglechallenge\Dermnet\train/Tinea Ringworm Candidiasis and other Fungal Infections/candida-penis-10.jpg
18,E:\MedicalData\kagglechallenge\Dermnet\train/Tinea Ringworm Candidiasis and other Fungal Infections/candida-penis-11.jpg
18,E:\MedicalData\kagglechallenge\Dermnet\train/Tinea Ringworm Candidiasis and other Fungal Infections/candida-penis-12.jpg
18,E:\MedicalData\kagglechallenge\Dermnet\train/Tinea Ringworm Candidiasis and other Fungal Infections/candida-penis-14.jpg
18,E:\MedicalData\kagglechallenge\Dermnet\train/Tinea Ringworm Candidiasis and other Fungal Infections/candida-penis-17.jpg
18,E:\MedicalData\kagglechallenge\Dermnet\train/Tinea Ringworm Candidiasis and other Fungal Infections/candida-penis-19.jpg
18,E:\MedicalData\kagglechallenge\Dermnet\train/Tinea Ringworm Candidiasis and other Fungal Infections/candida-penis-2.jpg
18,E:\MedicalData\kagglechallenge\Dermnet\train/Tinea Ringworm Candidiasis and other Fungal Infections/candida-penis-21.jpg
18,E:\MedicalData\kagglechallenge\Dermnet\train/Tinea Ringworm Candidiasis and other Fungal Infections/candida-penis-22.jpg
18,E:\MedicalData\kagglechallenge\Dermnet\train/Tinea Ringworm Candidiasis and other Fungal Infections/candida-penis-23.jpg
18,E:\MedicalData\kagglechallenge\Dermnet\train/Tinea Ringworm Candidiasis and other Fungal Infections/candida-penis-24.jpg
18,E:\MedicalData\kagglechallenge\Dermnet\train/Tinea Ringworm Candidiasis and other Fungal Infections/candida-penis-25.jpg
18,E:\MedicalData\kagglechallenge\Dermnet\train/Tinea Ringworm Candidiasis and other Fungal Infections/candida-penis-28.jpg
18,E:\MedicalData\kagglechallenge\Dermnet\train/Tinea Ringworm Candidiasis and other Fungal Infections/candida-penis-29.jpg
18,E:\MedicalData\kagglechallenge\Dermnet\train/Tinea Ringworm Candidiasis and other Fungal Infections/candida-penis-3.jpg
18,E:\MedicalData\kagglechallenge\Dermnet\train/Tinea Ringworm Candidiasis and other Fungal Infections/candida-penis-30.jpg
18,E:\MedicalData\kagglechallenge\Dermnet\train/Tinea Ringworm Candidiasis and other Fungal Infections/candida-penis-32.jpg
18,E:\MedicalData\kagglechallenge\Dermnet\train/Tinea Ringworm Candidiasis and other Fungal Infections/candida-penis-34.jpg
18,E:\MedicalData\kagglechallenge\Dermnet\train/Tinea Ringworm Candidiasis and other Fungal Infections/candida-penis-36.jpg
18,E:\MedicalData\kagglechallenge\Dermnet\train/Tinea Ringworm Candidiasis and other Fungal Infections/candida-penis-37.jpg
18,E:\MedicalData\kagglechallenge\Dermnet\train/Tinea Ringworm Candidiasis and other Fungal Infections/candida-penis-38.jpg
18,E:\MedicalData\kagglechallenge\Dermnet\train/Tinea Ringworm Candidiasis and other Fungal Infections/candida-penis-39.jpg
18,E:\MedicalData\kagglechallenge\Dermnet\train/Tinea Ringworm Candidiasis and other Fungal Infections/candida-penis-4.jpg
18,E:\MedicalData\kagglechallenge\Dermnet\train/Tinea Ringworm Candidiasis and other Fungal Infections/candida-penis-40.jpg
18,E:\MedicalData\kagglechallenge\Dermnet\train/Tinea Ringworm Candidiasis and other Fungal Infections/candida-penis-41.jpg
18,E:\MedicalData\kagglechallenge\Dermnet\train/Tinea Ringworm Candidiasis and other Fungal Infections/candida-penis-42.jpg
18,E:\MedicalData\kagglechallenge\Dermnet\train/Tinea Ringworm Candidiasis and other Fungal Infections/candida-penis-43.jpg
18,E:\MedicalData\kagglechallenge\Dermnet\train/Tinea Ringworm Candidiasis and other Fungal Infections/candida-penis-44.jpg
18,E:\MedicalData\kagglechallenge\Dermnet\train/Tinea Ringworm Candidiasis and other Fungal Infections/candida-penis-47.jpg
18,E:\MedicalData\kagglechallenge\Dermnet\train/Tinea Ringworm Candidiasis and other Fungal Infections/candida-penis-48.jpg
18,E:\MedicalData\kagglechallenge\Dermnet\train/Tinea Ringworm Candidiasis and other Fungal Infections/candida-penis-49.jpg
18,E:\MedicalData\kagglechallenge\Dermnet\train/Tinea Ringworm Candidiasis and other Fungal Infections/candida-penis-5.jpg
18,E:\MedicalData\kagglechallenge\Dermnet\train/Tinea Ringworm Candidiasis and other Fungal Infections/candida-penis-50.jpg
18,E:\MedicalData\kagglechallenge\Dermnet\train/Tinea Ringworm Candidiasis and other Fungal Infections/candida-penis-51.jpg
18,E:\MedicalData\kagglechallenge\Dermnet\train/Tinea Ringworm Candidiasis and other Fungal Infections/candida-penis-54.jpg
18,E:\MedicalData\kagglechallenge\Dermnet\train/Tinea Ringworm Candidiasis and other Fungal Infections/candida-penis-55.jpg
18,E:\MedicalData\kagglechallenge\Dermnet\train/Tinea Ringworm Candidiasis and other Fungal Infections/candida-penis-56.jpg
18,E:\MedicalData\kagglechallenge\Dermnet\train/Tinea Ringworm Candidiasis and other Fungal Infections/candida-penis-7.jpg
18,E:\MedicalData\kagglechallenge\Dermnet\train/Tinea Ringworm Candidiasis and other Fungal Infections/Candida-penis-765.jpg
18,E:\MedicalData\kagglechallenge\Dermnet\train/Tinea Ringworm Candidiasis and other Fungal Infections/candidiasis-chronic-mucocutaneous-1.jpg
18,E:\MedicalData\kagglechallenge\Dermnet\train/Tinea Ringworm Candidiasis and other Fungal Infections/candidiasis-chronic-mucocutaneous-2.jpg
18,E:\MedicalData\kagglechallenge\Dermnet\train/Tinea Ringworm Candidiasis and other Fungal Infections/candidiasis-diaper-1.jpg
18,E:\MedicalData\kagglechallenge\Dermnet\train/Tinea Ringworm Candidiasis and other Fungal Infections/candidiasis-diaper-12.jpg
18,E:\MedicalData\kagglechallenge\Dermnet\train/Tinea Ringworm Candidiasis and other Fungal Infections/candidiasis-diaper-13.jpg
18,E:\MedicalData\kagglechallenge\Dermnet\train/Tinea Ringworm Candidiasis and other Fungal Infections/candidiasis-diaper-14.jpg
18,E:\MedicalData\kagglechallenge\Dermnet\train/Tinea Ringworm Candidiasis and other Fungal Infections/candidiasis-diaper-16.jpg
18,E:\MedicalData\kagglechallenge\Dermnet\train/Tinea Ringworm Candidiasis and other Fungal Infections/candidiasis-diaper-17.jpg
18,E:\MedicalData\kagglechallenge\Dermnet\train/Tinea Ringworm Candidiasis and other Fungal Infections/candidiasis-diaper-18.jpg
18,E:\MedicalData\kagglechallenge\Dermnet\train/Tinea Ringworm Candidiasis and other Fungal Infections/candidiasis-diaper-19.jpg
18,E:\MedicalData\kagglechallenge\Dermnet\train/Tinea Ringworm Candidiasis and other Fungal Infections/candidiasis-diaper-2.jpg
18,E:\MedicalData\kagglechallenge\Dermnet\train/Tinea Ringworm Candidiasis and other Fungal Infections/candidiasis-diaper-20.jpg
18,E:\MedicalData\kagglechallenge\Dermnet\train/Tinea Ringworm Candidiasis and other Fungal Infections/candidiasis-diaper-21.jpg
18,E:\MedicalData\kagglechallenge\Dermnet\train/Tinea Ringworm Candidiasis and other Fungal Infections/candidiasis-diaper-23.jpg
18,E:\MedicalData\kagglechallenge\Dermnet\train/Tinea Ringworm Candidiasis and other Fungal Infections/candidiasis-diaper-25.jpg
18,E:\MedicalData\kagglechallenge\Dermnet\train/Tinea Ringworm Candidiasis and other Fungal Infections/candidiasis-diaper-26.jpg
18,E:\MedicalData\kagglechallenge\Dermnet\train/Tinea Ringworm Candidiasis and other Fungal Infections/candidiasis-diaper-27.jpg
18,E:\MedicalData\kagglechallenge\Dermnet\train/Tinea Ringworm Candidiasis and other Fungal Infections/candidiasis-diaper-28.jpg
18,E:\MedicalData\kagglechallenge\Dermnet\train/Tinea Ringworm Candidiasis and other Fungal Infections/candidiasis-diaper-29.jpg
18,E:\MedicalData\kagglechallenge\Dermnet\train/Tinea Ringworm Candidiasis and other Fungal Infections/candidiasis-diaper-3.jpg
18,E:\MedicalData\kagglechallenge\Dermnet\train/Tinea Ringworm Candidiasis and other Fungal Infections/candidiasis-diaper-30.jpg
18,E:\MedicalData\kagglechallenge\Dermnet\train/Tinea Ringworm Candidiasis and other Fungal Infections/candidiasis-diaper-31.jpg
18,E:\MedicalData\kagglechallenge\Dermnet\train/Tinea Ringworm Candidiasis and other Fungal Infections/candidiasis-diaper-6.jpg
18,E:\MedicalData\kagglechallenge\Dermnet\train/Tinea Ringworm Candidiasis and other Fungal Infections/candidiasis-diaper-8.jpg
18,E:\MedicalData\kagglechallenge\Dermnet\train/Tinea Ringworm Candidiasis and other Fungal Infections/candidiasis-diaper-9.jpg
18,E:\MedicalData\kagglechallenge\Dermnet\train/Tinea Ringworm Candidiasis and other Fungal Infections/candidiasis-large-skin-folds-1.jpg
18,E:\MedicalData\kagglechallenge\Dermnet\train/Tinea Ringworm Candidiasis and other Fungal Infections/candidiasis-large-skin-folds-10.jpg
18,E:\MedicalData\kagglechallenge\Dermnet\train/Tinea Ringworm Candidiasis and other Fungal Infections/candidiasis-large-skin-folds-104.jpg
18,E:\MedicalData\kagglechallenge\Dermnet\train/Tinea Ringworm Candidiasis and other Fungal Infections/candidiasis-large-skin-folds-105.jpg
18,E:\MedicalData\kagglechallenge\Dermnet\train/Tinea Ringworm Candidiasis and other Fungal Infections/candidiasis-large-skin-folds-108.jpg
18,E:\MedicalData\kagglechallenge\Dermnet\train/Tinea Ringworm Candidiasis and other Fungal Infections/candidiasis-large-skin-folds-109.jpg
18,E:\MedicalData\kagglechallenge\Dermnet\train/Tinea Ringworm Candidiasis and other Fungal Infections/candidiasis-large-skin-folds-11.jpg
18,E:\MedicalData\kagglechallenge\Dermnet\train/Tinea Ringworm Candidiasis and other Fungal Infections/candidiasis-large-skin-folds-111.jpg
18,E:\MedicalData\kagglechallenge\Dermnet\train/Tinea Ringworm Candidiasis and other Fungal Infections/candidiasis-large-skin-folds-112.jpg
18,E:\MedicalData\kagglechallenge\Dermnet\train/Tinea Ringworm Candidiasis and other Fungal Infections/candidiasis-large-skin-folds-113.jpg
18,E:\MedicalData\kagglechallenge\Dermnet\train/Tinea Ringworm Candidiasis and other Fungal Infections/candidiasis-large-skin-folds-114.jpg
18,E:\MedicalData\kagglechallenge\Dermnet\train/Tinea Ringworm Candidiasis and other Fungal Infections/candidiasis-large-skin-folds-117.jpg
18,E:\MedicalData\kagglechallenge\Dermnet\train/Tinea Ringworm Candidiasis and other Fungal Infections/candidiasis-large-skin-folds-119.jpg
18,E:\MedicalData\kagglechallenge\Dermnet\train/Tinea Ringworm Candidiasis and other Fungal Infections/candidiasis-large-skin-folds-12.jpg
18,E:\MedicalData\kagglechallenge\Dermnet\train/Tinea Ringworm Candidiasis and other Fungal Infections/candidiasis-large-skin-folds-122.jpg
18,E:\MedicalData\kagglechallenge\Dermnet\train/Tinea Ringworm Candidiasis and other Fungal Infections/candidiasis-large-skin-folds-124.jpg
18,E:\MedicalData\kagglechallenge\Dermnet\train/Tinea Ringworm Candidiasis and other Fungal Infections/candidiasis-large-skin-folds-125.jpg
18,E:\MedicalData\kagglechallenge\Dermnet\train/Tinea Ringworm Candidiasis and other Fungal Infections/candidiasis-large-skin-folds-127.jpg
18,E:\MedicalData\kagglechallenge\Dermnet\train/Tinea Ringworm Candidiasis and other Fungal Infections/candidiasis-large-skin-folds-128.jpg
18,E:\MedicalData\kagglechallenge\Dermnet\train/Tinea Ringworm Candidiasis and other Fungal Infections/candidiasis-large-skin-folds-129.jpg
18,E:\MedicalData\kagglechallenge\Dermnet\train/Tinea Ringworm Candidiasis and other Fungal Infections/candidiasis-large-skin-folds-13.jpg
18,E:\MedicalData\kagglechallenge\Dermnet\train/Tinea Ringworm Candidiasis and other Fungal Infections/candidiasis-large-skin-folds-130.jpg
18,E:\MedicalData\kagglechallenge\Dermnet\train/Tinea Ringworm Candidiasis and other Fungal Infections/candidiasis-large-skin-folds-131.jpg
18,E:\MedicalData\kagglechallenge\Dermnet\train/Tinea Ringworm Candidiasis and other Fungal Infections/candidiasis-large-skin-folds-132.jpg
18,E:\MedicalData\kagglechallenge\Dermnet\train/Tinea Ringworm Candidiasis and other Fungal Infections/candidiasis-large-skin-folds-134.jpg
18,E:\MedicalData\kagglechallenge\Dermnet\train/Tinea Ringworm Candidiasis and other Fungal Infections/candidiasis-large-skin-folds-135.jpg
18,E:\MedicalData\kagglechallenge\Dermnet\train/Tinea Ringworm Candidiasis and other Fungal Infections/candidiasis-large-skin-folds-136.jpg
18,E:\MedicalData\kagglechallenge\Dermnet\train/Tinea Ringworm Candidiasis and other Fungal Infections/candidiasis-large-skin-folds-137.jpg
18,E:\MedicalData\kagglechallenge\Dermnet\train/Tinea Ringworm Candidiasis and other Fungal Infections/candidiasis-large-skin-folds-138.jpg
18,E:\MedicalData\kagglechallenge\Dermnet\train/Tinea Ringworm Candidiasis and other Fungal Infections/candidiasis-large-skin-folds-139.jpg
18,E:\MedicalData\kagglechallenge\Dermnet\train/Tinea Ringworm Candidiasis and other Fungal Infections/candidiasis-large-skin-folds-14.jpg
18,E:\MedicalData\kagglechallenge\Dermnet\train/Tinea Ringworm Candidiasis and other Fungal Infections/candidiasis-large-skin-folds-140.jpg
18,E:\MedicalData\kagglechallenge\Dermnet\train/Tinea Ringworm Candidiasis and other Fungal Infections/candidiasis-large-skin-folds-141.jpg
18,E:\MedicalData\kagglechallenge\Dermnet\train/Tinea Ringworm Candidiasis and other Fungal Infections/candidiasis-large-skin-folds-142.jpg
18,E:\MedicalData\kagglechallenge\Dermnet\train/Tinea Ringworm Candidiasis and other Fungal Infections/candidiasis-large-skin-folds-143.jpg
18,E:\MedicalData\kagglechallenge\Dermnet\train/Tinea Ringworm Candidiasis and other Fungal Infections/candidiasis-large-skin-folds-144.jpg
18,E:\MedicalData\kagglechallenge\Dermnet\train/Tinea Ringworm Candidiasis and other Fungal Infections/candidiasis-large-skin-folds-145.jpg
18,E:\MedicalData\kagglechallenge\Dermnet\train/Tinea Ringworm Candidiasis and other Fungal Infections/candidiasis-large-skin-folds-148.jpg
18,E:\MedicalData\kagglechallenge\Dermnet\train/Tinea Ringworm Candidiasis and other Fungal Infections/candidiasis-large-skin-folds-149.jpg
18,E:\MedicalData\kagglechallenge\Dermnet\train/Tinea Ringworm Candidiasis and other Fungal Infections/candidiasis-large-skin-folds-150.jpg
18,E:\MedicalData\kagglechallenge\Dermnet\train/Tinea Ringworm Candidiasis and other Fungal Infections/candidiasis-large-skin-folds-151.jpg
18,E:\MedicalData\kagglechallenge\Dermnet\train/Tinea Ringworm Candidiasis and other Fungal Infections/candidiasis-large-skin-folds-153.jpg
18,E:\MedicalData\kagglechallenge\Dermnet\train/Tinea Ringworm Candidiasis and other Fungal Infections/candidiasis-large-skin-folds-154.jpg
18,E:\MedicalData\kagglechallenge\Dermnet\train/Tinea Ringworm Candidiasis and other Fungal Infections/candidiasis-large-skin-folds-155.jpg
18,E:\MedicalData\kagglechallenge\Dermnet\train/Tinea Ringworm Candidiasis and other Fungal Infections/candidiasis-large-skin-folds-156.jpg
18,E:\MedicalData\kagglechallenge\Dermnet\train/Tinea Ringworm Candidiasis and other Fungal Infections/candidiasis-large-skin-folds-157.jpg
18,E:\MedicalData\kagglechallenge\Dermnet\train/Tinea Ringworm Candidiasis and other Fungal Infections/candidiasis-large-skin-folds-159.jpg
18,E:\MedicalData\kagglechallenge\Dermnet\train/Tinea Ringworm Candidiasis and other Fungal Infections/candidiasis-large-skin-folds-161.jpg
18,E:\MedicalData\kagglechallenge\Dermnet\train/Tinea Ringworm Candidiasis and other Fungal Infections/candidiasis-large-skin-folds-162.jpg
18,E:\MedicalData\kagglechallenge\Dermnet\train/Tinea Ringworm Candidiasis and other Fungal Infections/candidiasis-large-skin-folds-163.jpg
18,E:\MedicalData\kagglechallenge\Dermnet\train/Tinea Ringworm Candidiasis and other Fungal Infections/candidiasis-large-skin-folds-164.jpg
18,E:\MedicalData\kagglechallenge\Dermnet\train/Tinea Ringworm Candidiasis and other Fungal Infections/candidiasis-large-skin-folds-166.jpg
18,E:\MedicalData\kagglechallenge\Dermnet\train/Tinea Ringworm Candidiasis and other Fungal Infections/candidiasis-large-skin-folds-168.jpg
18,E:\MedicalData\kagglechallenge\Dermnet\train/Tinea Ringworm Candidiasis and other Fungal Infections/candidiasis-large-skin-folds-169.jpg
18,E:\MedicalData\kagglechallenge\Dermnet\train/Tinea Ringworm Candidiasis and other Fungal Infections/candidiasis-large-skin-folds-17.jpg
18,E:\MedicalData\kagglechallenge\Dermnet\train/Tinea Ringworm Candidiasis and other Fungal Infections/candidiasis-large-skin-folds-170.jpg
18,E:\MedicalData\kagglechallenge\Dermnet\train/Tinea Ringworm Candidiasis and other Fungal Infections/candidiasis-large-skin-folds-171.jpg
18,E:\MedicalData\kagglechallenge\Dermnet\train/Tinea Ringworm Candidiasis and other Fungal Infections/candidiasis-large-skin-folds-173.jpg
18,E:\MedicalData\kagglechallenge\Dermnet\train/Tinea Ringworm Candidiasis and other Fungal Infections/candidiasis-large-skin-folds-174.jpg
18,E:\MedicalData\kagglechallenge\Dermnet\train/Tinea Ringworm Candidiasis and other Fungal Infections/candidiasis-large-skin-folds-176.jpg
18,E:\MedicalData\kagglechallenge\Dermnet\train/Tinea Ringworm Candidiasis and other Fungal Infections/candidiasis-large-skin-folds-177.jpg
18,E:\MedicalData\kagglechallenge\Dermnet\train/Tinea Ringworm Candidiasis and other Fungal Infections/candidiasis-large-skin-folds-179.jpg
18,E:\MedicalData\kagglechallenge\Dermnet\train/Tinea Ringworm Candidiasis and other Fungal Infections/candidiasis-large-skin-folds-18.jpg
18,E:\MedicalData\kagglechallenge\Dermnet\train/Tinea Ringworm Candidiasis and other Fungal Infections/candidiasis-large-skin-folds-180.jpg
18,E:\MedicalData\kagglechallenge\Dermnet\train/Tinea Ringworm Candidiasis and other Fungal Infections/candidiasis-large-skin-folds-183.jpg
18,E:\MedicalData\kagglechallenge\Dermnet\train/Tinea Ringworm Candidiasis and other Fungal Infections/candidiasis-large-skin-folds-184.jpg
18,E:\MedicalData\kagglechallenge\Dermnet\train/Tinea Ringworm Candidiasis and other Fungal Infections/candidiasis-large-skin-folds-185.jpg
18,E:\MedicalData\kagglechallenge\Dermnet\train/Tinea Ringworm Candidiasis and other Fungal Infections/candidiasis-large-skin-folds-2.jpg
18,E:\MedicalData\kagglechallenge\Dermnet\train/Tinea Ringworm Candidiasis and other Fungal Infections/candidiasis-large-skin-folds-86.jpg
18,E:\MedicalData\kagglechallenge\Dermnet\train/Tinea Ringworm Candidiasis and other Fungal Infections/candidiasis-large-skin-folds-87.jpg
18,E:\MedicalData\kagglechallenge\Dermnet\train/Tinea Ringworm Candidiasis and other Fungal Infections/candidiasis-large-skin-folds-9.jpg
18,E:\MedicalData\kagglechallenge\Dermnet\train/Tinea Ringworm Candidiasis and other Fungal Infections/candidiasis-large-skin-folds-90.jpg
18,E:\MedicalData\kagglechallenge\Dermnet\train/Tinea Ringworm Candidiasis and other Fungal Infections/candidiasis-large-skin-folds-91.jpg
18,E:\MedicalData\kagglechallenge\Dermnet\train/Tinea Ringworm Candidiasis and other Fungal Infections/candidiasis-large-skin-folds-92.jpg
18,E:\MedicalData\kagglechallenge\Dermnet\train/Tinea Ringworm Candidiasis and other Fungal Infections/candidiasis-large-skin-folds-93.jpg
18,E:\MedicalData\kagglechallenge\Dermnet\train/Tinea Ringworm Candidiasis and other Fungal Infections/candidiasis-large-skin-folds-97.jpg
18,E:\MedicalData\kagglechallenge\Dermnet\train/Tinea Ringworm Candidiasis and other Fungal Infections/candidiasis-large-skin-folds-98.jpg
18,E:\MedicalData\kagglechallenge\Dermnet\train/Tinea Ringworm Candidiasis and other Fungal Infections/candidiasis-large-skin-folds-99.jpg
18,E:\MedicalData\kagglechallenge\Dermnet\train/Tinea Ringworm Candidiasis and other Fungal Infections/candidiasis-mouth-1.jpg
18,E:\MedicalData\kagglechallenge\Dermnet\train/Tinea Ringworm Candidiasis and other Fungal Infections/candidiasis-mouth-10.jpg
18,E:\MedicalData\kagglechallenge\Dermnet\train/Tinea Ringworm Candidiasis and other Fungal Infections/candidiasis-mouth-12.jpg
18,E:\MedicalData\kagglechallenge\Dermnet\train/Tinea Ringworm Candidiasis and other Fungal Infections/candidiasis-mouth-14.jpg
18,E:\MedicalData\kagglechallenge\Dermnet\train/Tinea Ringworm Candidiasis and other Fungal Infections/candidiasis-mouth-15.jpg
18,E:\MedicalData\kagglechallenge\Dermnet\train/Tinea Ringworm Candidiasis and other Fungal Infections/candidiasis-mouth-16.jpg
18,E:\MedicalData\kagglechallenge\Dermnet\train/Tinea Ringworm Candidiasis and other Fungal Infections/candidiasis-mouth-3.jpg
18,E:\MedicalData\kagglechallenge\Dermnet\train/Tinea Ringworm Candidiasis and other Fungal Infections/candidiasis-mouth-4.jpg
18,E:\MedicalData\kagglechallenge\Dermnet\train/Tinea Ringworm Candidiasis and other Fungal Infections/candidiasis-mouth-6.jpg
18,E:\MedicalData\kagglechallenge\Dermnet\train/Tinea Ringworm Candidiasis and other Fungal Infections/candidiasis-mouth-7.jpg
18,E:\MedicalData\kagglechallenge\Dermnet\train/Tinea Ringworm Candidiasis and other Fungal Infections/candidiasis-mouth-8.jpg
18,E:\MedicalData\kagglechallenge\Dermnet\train/Tinea Ringworm Candidiasis and other Fungal Infections/candidiasis-mouth-9.jpg
18,E:\MedicalData\kagglechallenge\Dermnet\train/Tinea Ringworm Candidiasis and other Fungal Infections/candidiasis-vaginal-1.jpg
18,E:\MedicalData\kagglechallenge\Dermnet\train/Tinea Ringworm Candidiasis and other Fungal Infections/candidiasis-vaginal-10.jpg
18,E:\MedicalData\kagglechallenge\Dermnet\train/Tinea Ringworm Candidiasis and other Fungal Infections/candidiasis-vaginal-3.jpg
18,E:\MedicalData\kagglechallenge\Dermnet\train/Tinea Ringworm Candidiasis and other Fungal Infections/candidiasis-vaginal-4.jpg
18,E:\MedicalData\kagglechallenge\Dermnet\train/Tinea Ringworm Candidiasis and other Fungal Infections/candidiasis-vaginal-5.jpg
18,E:\MedicalData\kagglechallenge\Dermnet\train/Tinea Ringworm Candidiasis and other Fungal Infections/candidiasis-vaginal-6.jpg
18,E:\MedicalData\kagglechallenge\Dermnet\train/Tinea Ringworm Candidiasis and other Fungal Infections/candidiasis-vaginal-8.jpg
18,E:\MedicalData\kagglechallenge\Dermnet\train/Tinea Ringworm Candidiasis and other Fungal Infections/coccidiomycosis-1.jpg
18,E:\MedicalData\kagglechallenge\Dermnet\train/Tinea Ringworm Candidiasis and other Fungal Infections/coccidiomycosis-2.jpg
18,E:\MedicalData\kagglechallenge\Dermnet\train/Tinea Ringworm Candidiasis and other Fungal Infections/coccidiomycosis-3.jpg
18,E:\MedicalData\kagglechallenge\Dermnet\train/Tinea Ringworm Candidiasis and other Fungal Infections/coccidiomycosis-5.jpg
18,E:\MedicalData\kagglechallenge\Dermnet\train/Tinea Ringworm Candidiasis and other Fungal Infections/confluent-reticulate-papillomatosis-1.jpg
18,E:\MedicalData\kagglechallenge\Dermnet\train/Tinea Ringworm Candidiasis and other Fungal Infections/confluent-reticulate-papillomatosis-3.jpg
18,E:\MedicalData\kagglechallenge\Dermnet\train/Tinea Ringworm Candidiasis and other Fungal Infections/confluent-reticulate-papillomatosis-6.jpg
18,E:\MedicalData\kagglechallenge\Dermnet\train/Tinea Ringworm Candidiasis and other Fungal Infections/confluent-reticulate-papillomatosis-7.jpg
18,E:\MedicalData\kagglechallenge\Dermnet\train/Tinea Ringworm Candidiasis and other Fungal Infections/erosio-interdigitalis-blastomycetica-1.jpg
18,E:\MedicalData\kagglechallenge\Dermnet\train/Tinea Ringworm Candidiasis and other Fungal Infections/erosio-interdigitalis-blastomycetica-10.jpg
18,E:\MedicalData\kagglechallenge\Dermnet\train/Tinea Ringworm Candidiasis and other Fungal Infections/erosio-interdigitalis-blastomycetica-12.jpg
18,E:\MedicalData\kagglechallenge\Dermnet\train/Tinea Ringworm Candidiasis and other Fungal Infections/erosio-interdigitalis-blastomycetica-14.jpg
18,E:\MedicalData\kagglechallenge\Dermnet\train/Tinea Ringworm Candidiasis and other Fungal Infections/erosio-interdigitalis-blastomycetica-15.jpg
18,E:\MedicalData\kagglechallenge\Dermnet\train/Tinea Ringworm Candidiasis and other Fungal Infections/erosio-interdigitalis-blastomycetica-16.jpg
18,E:\MedicalData\kagglechallenge\Dermnet\train/Tinea Ringworm Candidiasis and other Fungal Infections/erosio-interdigitalis-blastomycetica-17.jpg
18,E:\MedicalData\kagglechallenge\Dermnet\train/Tinea Ringworm Candidiasis and other Fungal Infections/erosio-interdigitalis-blastomycetica-18.jpg
18,E:\MedicalData\kagglechallenge\Dermnet\train/Tinea Ringworm Candidiasis and other Fungal Infections/erosio-interdigitalis-blastomycetica-2.jpg
18,E:\MedicalData\kagglechallenge\Dermnet\train/Tinea Ringworm Candidiasis and other Fungal Infections/erosio-interdigitalis-blastomycetica-21.jpg
18,E:\MedicalData\kagglechallenge\Dermnet\train/Tinea Ringworm Candidiasis and other Fungal Infections/erosio-interdigitalis-blastomycetica-23.jpg
18,E:\MedicalData\kagglechallenge\Dermnet\train/Tinea Ringworm Candidiasis and other Fungal Infections/erosio-interdigitalis-blastomycetica-25.jpg
18,E:\MedicalData\kagglechallenge\Dermnet\train/Tinea Ringworm Candidiasis and other Fungal Infections/erosio-interdigitalis-blastomycetica-26.jpg
18,E:\MedicalData\kagglechallenge\Dermnet\train/Tinea Ringworm Candidiasis and other Fungal Infections/erosio-interdigitalis-blastomycetica-27.jpg
18,E:\MedicalData\kagglechallenge\Dermnet\train/Tinea Ringworm Candidiasis and other Fungal Infections/erosio-interdigitalis-blastomycetica-28.jpg
18,E:\MedicalData\kagglechallenge\Dermnet\train/Tinea Ringworm Candidiasis and other Fungal Infections/erosio-interdigitalis-blastomycetica-3.jpg
18,E:\MedicalData\kagglechallenge\Dermnet\train/Tinea Ringworm Candidiasis and other Fungal Infections/erosio-interdigitalis-blastomycetica-30.jpg
18,E:\MedicalData\kagglechallenge\Dermnet\train/Tinea Ringworm Candidiasis and other Fungal Infections/erosio-interdigitalis-blastomycetica-32.jpg
18,E:\MedicalData\kagglechallenge\Dermnet\train/Tinea Ringworm Candidiasis and other Fungal Infections/erosio-interdigitalis-blastomycetica-35.jpg
18,E:\MedicalData\kagglechallenge\Dermnet\train/Tinea Ringworm Candidiasis and other Fungal Infections/erosio-interdigitalis-blastomycetica-37.jpg
18,E:\MedicalData\kagglechallenge\Dermnet\train/Tinea Ringworm Candidiasis and other Fungal Infections/erosio-interdigitalis-blastomycetica-4.jpg
18,E:\MedicalData\kagglechallenge\Dermnet\train/Tinea Ringworm Candidiasis and other Fungal Infections/erosio-interdigitalis-blastomycetica-6.jpg
18,E:\MedicalData\kagglechallenge\Dermnet\train/Tinea Ringworm Candidiasis and other Fungal Infections/erosio-interdigitalis-blastomycetica-7.jpg
18,E:\MedicalData\kagglechallenge\Dermnet\train/Tinea Ringworm Candidiasis and other Fungal Infections/erosio-interdigitalis-blastomycetica-9.jpg
18,E:\MedicalData\kagglechallenge\Dermnet\train/Tinea Ringworm Candidiasis and other Fungal Infections/erythrasma-1.jpg
18,E:\MedicalData\kagglechallenge\Dermnet\train/Tinea Ringworm Candidiasis and other Fungal Infections/erythrasma-10.jpg
18,E:\MedicalData\kagglechallenge\Dermnet\train/Tinea Ringworm Candidiasis and other Fungal Infections/erythrasma-11.jpg
18,E:\MedicalData\kagglechallenge\Dermnet\train/Tinea Ringworm Candidiasis and other Fungal Infections/erythrasma-12.jpg
18,E:\MedicalData\kagglechallenge\Dermnet\train/Tinea Ringworm Candidiasis and other Fungal Infections/erythrasma-14.jpg
18,E:\MedicalData\kagglechallenge\Dermnet\train/Tinea Ringworm Candidiasis and other Fungal Infections/erythrasma-17.jpg
18,E:\MedicalData\kagglechallenge\Dermnet\train/Tinea Ringworm Candidiasis and other Fungal Infections/erythrasma-18.jpg
18,E:\MedicalData\kagglechallenge\Dermnet\train/Tinea Ringworm Candidiasis and other Fungal Infections/erythrasma-19.jpg
18,E:\MedicalData\kagglechallenge\Dermnet\train/Tinea Ringworm Candidiasis and other Fungal Infections/erythrasma-2.jpg
18,E:\MedicalData\kagglechallenge\Dermnet\train/Tinea Ringworm Candidiasis and other Fungal Infections/erythrasma-3.jpg
18,E:\MedicalData\kagglechallenge\Dermnet\train/Tinea Ringworm Candidiasis and other Fungal Infections/erythrasma-4.jpg
18,E:\MedicalData\kagglechallenge\Dermnet\train/Tinea Ringworm Candidiasis and other Fungal Infections/erythrasma-5.jpg
18,E:\MedicalData\kagglechallenge\Dermnet\train/Tinea Ringworm Candidiasis and other Fungal Infections/erythrasma-6.jpg
18,E:\MedicalData\kagglechallenge\Dermnet\train/Tinea Ringworm Candidiasis and other Fungal Infections/erythrasma-7.jpg
18,E:\MedicalData\kagglechallenge\Dermnet\train/Tinea Ringworm Candidiasis and other Fungal Infections/erythrasma-9.jpg
18,E:\MedicalData\kagglechallenge\Dermnet\train/Tinea Ringworm Candidiasis and other Fungal Infections/id-reaction-1.jpg
18,E:\MedicalData\kagglechallenge\Dermnet\train/Tinea Ringworm Candidiasis and other Fungal Infections/id-reaction-10.jpg
18,E:\MedicalData\kagglechallenge\Dermnet\train/Tinea Ringworm Candidiasis and other Fungal Infections/id-reaction-2.jpg
18,E:\MedicalData\kagglechallenge\Dermnet\train/Tinea Ringworm Candidiasis and other Fungal Infections/id-reaction-3.jpg
18,E:\MedicalData\kagglechallenge\Dermnet\train/Tinea Ringworm Candidiasis and other Fungal Infections/id-reaction-4.jpg
18,E:\MedicalData\kagglechallenge\Dermnet\train/Tinea Ringworm Candidiasis and other Fungal Infections/id-reaction-7.jpg
18,E:\MedicalData\kagglechallenge\Dermnet\train/Tinea Ringworm Candidiasis and other Fungal Infections/id-reaction-8.jpg
18,E:\MedicalData\kagglechallenge\Dermnet\train/Tinea Ringworm Candidiasis and other Fungal Infections/intertrigo-10.jpg
18,E:\MedicalData\kagglechallenge\Dermnet\train/Tinea Ringworm Candidiasis and other Fungal Infections/intertrigo-11.jpg
18,E:\MedicalData\kagglechallenge\Dermnet\train/Tinea Ringworm Candidiasis and other Fungal Infections/intertrigo-12.jpg
18,E:\MedicalData\kagglechallenge\Dermnet\train/Tinea Ringworm Candidiasis and other Fungal Infections/intertrigo-13.jpg
18,E:\MedicalData\kagglechallenge\Dermnet\train/Tinea Ringworm Candidiasis and other Fungal Infections/intertrigo-14.jpg
18,E:\MedicalData\kagglechallenge\Dermnet\train/Tinea Ringworm Candidiasis and other Fungal Infections/intertrigo-15.jpg
18,E:\MedicalData\kagglechallenge\Dermnet\train/Tinea Ringworm Candidiasis and other Fungal Infections/intertrigo-16.jpg
18,E:\MedicalData\kagglechallenge\Dermnet\train/Tinea Ringworm Candidiasis and other Fungal Infections/intertrigo-18.jpg
18,E:\MedicalData\kagglechallenge\Dermnet\train/Tinea Ringworm Candidiasis and other Fungal Infections/intertrigo-19.jpg
18,E:\MedicalData\kagglechallenge\Dermnet\train/Tinea Ringworm Candidiasis and other Fungal Infections/intertrigo-2.jpg
18,E:\MedicalData\kagglechallenge\Dermnet\train/Tinea Ringworm Candidiasis and other Fungal Infections/intertrigo-21.jpg
18,E:\MedicalData\kagglechallenge\Dermnet\train/Tinea Ringworm Candidiasis and other Fungal Infections/intertrigo-23.jpg
18,E:\MedicalData\kagglechallenge\Dermnet\train/Tinea Ringworm Candidiasis and other Fungal Infections/intertrigo-24.jpg
18,E:\MedicalData\kagglechallenge\Dermnet\train/Tinea Ringworm Candidiasis and other Fungal Infections/intertrigo-25.jpg
18,E:\MedicalData\kagglechallenge\Dermnet\train/Tinea Ringworm Candidiasis and other Fungal Infections/intertrigo-26.jpg
18,E:\MedicalData\kagglechallenge\Dermnet\train/Tinea Ringworm Candidiasis and other Fungal Infections/intertrigo-27.jpg
18,E:\MedicalData\kagglechallenge\Dermnet\train/Tinea Ringworm Candidiasis and other Fungal Infections/intertrigo-28.jpg
18,E:\MedicalData\kagglechallenge\Dermnet\train/Tinea Ringworm Candidiasis and other Fungal Infections/intertrigo-3.jpg
18,E:\MedicalData\kagglechallenge\Dermnet\train/Tinea Ringworm Candidiasis and other Fungal Infections/intertrigo-31.jpg
18,E:\MedicalData\kagglechallenge\Dermnet\train/Tinea Ringworm Candidiasis and other Fungal Infections/intertrigo-32.jpg
18,E:\MedicalData\kagglechallenge\Dermnet\train/Tinea Ringworm Candidiasis and other Fungal Infections/intertrigo-34.jpg
18,E:\MedicalData\kagglechallenge\Dermnet\train/Tinea Ringworm Candidiasis and other Fungal Infections/intertrigo-35.jpg
18,E:\MedicalData\kagglechallenge\Dermnet\train/Tinea Ringworm Candidiasis and other Fungal Infections/intertrigo-37.jpg
18,E:\MedicalData\kagglechallenge\Dermnet\train/Tinea Ringworm Candidiasis and other Fungal Infections/intertrigo-38.jpg
18,E:\MedicalData\kagglechallenge\Dermnet\train/Tinea Ringworm Candidiasis and other Fungal Infections/intertrigo-39.jpg
18,E:\MedicalData\kagglechallenge\Dermnet\train/Tinea Ringworm Candidiasis and other Fungal Infections/intertrigo-40.jpg
18,E:\MedicalData\kagglechallenge\Dermnet\train/Tinea Ringworm Candidiasis and other Fungal Infections/intertrigo-41.jpg
18,E:\MedicalData\kagglechallenge\Dermnet\train/Tinea Ringworm Candidiasis and other Fungal Infections/intertrigo-42.jpg
18,E:\MedicalData\kagglechallenge\Dermnet\train/Tinea Ringworm Candidiasis and other Fungal Infections/intertrigo-43.jpg
18,E:\MedicalData\kagglechallenge\Dermnet\train/Tinea Ringworm Candidiasis and other Fungal Infections/intertrigo-44.jpg
18,E:\MedicalData\kagglechallenge\Dermnet\train/Tinea Ringworm Candidiasis and other Fungal Infections/intertrigo-45.jpg
18,E:\MedicalData\kagglechallenge\Dermnet\train/Tinea Ringworm Candidiasis and other Fungal Infections/intertrigo-46.jpg
18,E:\MedicalData\kagglechallenge\Dermnet\train/Tinea Ringworm Candidiasis and other Fungal Infections/intertrigo-5.jpg
18,E:\MedicalData\kagglechallenge\Dermnet\train/Tinea Ringworm Candidiasis and other Fungal Infections/intertrigo-50.jpg
18,E:\MedicalData\kagglechallenge\Dermnet\train/Tinea Ringworm Candidiasis and other Fungal Infections/intertrigo-51.jpg
18,E:\MedicalData\kagglechallenge\Dermnet\train/Tinea Ringworm Candidiasis and other Fungal Infections/intertrigo-53.jpg
18,E:\MedicalData\kagglechallenge\Dermnet\train/Tinea Ringworm Candidiasis and other Fungal Infections/intertrigo-55.jpg
18,E:\MedicalData\kagglechallenge\Dermnet\train/Tinea Ringworm Candidiasis and other Fungal Infections/intertrigo-56.jpg
18,E:\MedicalData\kagglechallenge\Dermnet\train/Tinea Ringworm Candidiasis and other Fungal Infections/intertrigo-58.jpg
18,E:\MedicalData\kagglechallenge\Dermnet\train/Tinea Ringworm Candidiasis and other Fungal Infections/intertrigo-59.jpg
18,E:\MedicalData\kagglechallenge\Dermnet\train/Tinea Ringworm Candidiasis and other Fungal Infections/intertrigo-6.jpg
18,E:\MedicalData\kagglechallenge\Dermnet\train/Tinea Ringworm Candidiasis and other Fungal Infections/intertrigo-61.jpg
18,E:\MedicalData\kagglechallenge\Dermnet\train/Tinea Ringworm Candidiasis and other Fungal Infections/intertrigo-62.jpg
18,E:\MedicalData\kagglechallenge\Dermnet\train/Tinea Ringworm Candidiasis and other Fungal Infections/intertrigo-63.jpg
18,E:\MedicalData\kagglechallenge\Dermnet\train/Tinea Ringworm Candidiasis and other Fungal Infections/intertrigo-65.jpg
18,E:\MedicalData\kagglechallenge\Dermnet\train/Tinea Ringworm Candidiasis and other Fungal Infections/intertrigo-66.jpg
18,E:\MedicalData\kagglechallenge\Dermnet\train/Tinea Ringworm Candidiasis and other Fungal Infections/intertrigo-68.jpg
18,E:\MedicalData\kagglechallenge\Dermnet\train/Tinea Ringworm Candidiasis and other Fungal Infections/intertrigo-69.jpg
18,E:\MedicalData\kagglechallenge\Dermnet\train/Tinea Ringworm Candidiasis and other Fungal Infections/intertrigo-7.jpg
18,E:\MedicalData\kagglechallenge\Dermnet\train/Tinea Ringworm Candidiasis and other Fungal Infections/intertrigo-70.jpg
18,E:\MedicalData\kagglechallenge\Dermnet\train/Tinea Ringworm Candidiasis and other Fungal Infections/intertrigo-71.jpg
18,E:\MedicalData\kagglechallenge\Dermnet\train/Tinea Ringworm Candidiasis and other Fungal Infections/intertrigo-72.jpg
18,E:\MedicalData\kagglechallenge\Dermnet\train/Tinea Ringworm Candidiasis and other Fungal Infections/intertrigo-73.jpg
18,E:\MedicalData\kagglechallenge\Dermnet\train/Tinea Ringworm Candidiasis and other Fungal Infections/intertrigo-74.jpg
18,E:\MedicalData\kagglechallenge\Dermnet\train/Tinea Ringworm Candidiasis and other Fungal Infections/intertrigo-75.jpg
18,E:\MedicalData\kagglechallenge\Dermnet\train/Tinea Ringworm Candidiasis and other Fungal Infections/intertrigo-77.jpg
18,E:\MedicalData\kagglechallenge\Dermnet\train/Tinea Ringworm Candidiasis and other Fungal Infections/intertrigo-78.jpg
18,E:\MedicalData\kagglechallenge\Dermnet\train/Tinea Ringworm Candidiasis and other Fungal Infections/intertrigo-8.jpg
18,E:\MedicalData\kagglechallenge\Dermnet\train/Tinea Ringworm Candidiasis and other Fungal Infections/intertrigo-81.jpg
18,E:\MedicalData\kagglechallenge\Dermnet\train/Tinea Ringworm Candidiasis and other Fungal Infections/intertrigo-82.jpg
18,E:\MedicalData\kagglechallenge\Dermnet\train/Tinea Ringworm Candidiasis and other Fungal Infections/intertrigo-84.jpg
18,E:\MedicalData\kagglechallenge\Dermnet\train/Tinea Ringworm Candidiasis and other Fungal Infections/intertrigo-85.jpg
18,E:\MedicalData\kagglechallenge\Dermnet\train/Tinea Ringworm Candidiasis and other Fungal Infections/intertrigo-86.jpg
18,E:\MedicalData\kagglechallenge\Dermnet\train/Tinea Ringworm Candidiasis and other Fungal Infections/intertrigo-87.jpg
18,E:\MedicalData\kagglechallenge\Dermnet\train/Tinea Ringworm Candidiasis and other Fungal Infections/intertrigo-9.jpg
18,E:\MedicalData\kagglechallenge\Dermnet\train/Tinea Ringworm Candidiasis and other Fungal Infections/kerion-1.jpg
18,E:\MedicalData\kagglechallenge\Dermnet\train/Tinea Ringworm Candidiasis and other Fungal Infections/kerion-10.jpg
18,E:\MedicalData\kagglechallenge\Dermnet\train/Tinea Ringworm Candidiasis and other Fungal Infections/kerion-11.jpg
18,E:\MedicalData\kagglechallenge\Dermnet\train/Tinea Ringworm Candidiasis and other Fungal Infections/kerion-13.jpg
18,E:\MedicalData\kagglechallenge\Dermnet\train/Tinea Ringworm Candidiasis and other Fungal Infections/kerion-14.jpg
18,E:\MedicalData\kagglechallenge\Dermnet\train/Tinea Ringworm Candidiasis and other Fungal Infections/kerion-15.jpg
18,E:\MedicalData\kagglechallenge\Dermnet\train/Tinea Ringworm Candidiasis and other Fungal Infections/kerion-16.jpg
18,E:\MedicalData\kagglechallenge\Dermnet\train/Tinea Ringworm Candidiasis and other Fungal Infections/kerion-18.jpg
18,E:\MedicalData\kagglechallenge\Dermnet\train/Tinea Ringworm Candidiasis and other Fungal Infections/kerion-19.jpg
18,E:\MedicalData\kagglechallenge\Dermnet\train/Tinea Ringworm Candidiasis and other Fungal Infections/kerion-2.jpg
18,E:\MedicalData\kagglechallenge\Dermnet\train/Tinea Ringworm Candidiasis and other Fungal Infections/kerion-3.jpg
18,E:\MedicalData\kagglechallenge\Dermnet\train/Tinea Ringworm Candidiasis and other Fungal Infections/kerion-4.jpg
18,E:\MedicalData\kagglechallenge\Dermnet\train/Tinea Ringworm Candidiasis and other Fungal Infections/kerion-7.jpg
18,E:\MedicalData\kagglechallenge\Dermnet\train/Tinea Ringworm Candidiasis and other Fungal Infections/majocchi-granuloma-10.jpg
18,E:\MedicalData\kagglechallenge\Dermnet\train/Tinea Ringworm Candidiasis and other Fungal Infections/majocchi-granuloma-11.jpg
18,E:\MedicalData\kagglechallenge\Dermnet\train/Tinea Ringworm Candidiasis and other Fungal Infections/majocchi-granuloma-16.jpg
18,E:\MedicalData\kagglechallenge\Dermnet\train/Tinea Ringworm Candidiasis and other Fungal Infections/majocchi-granuloma-17.jpg
18,E:\MedicalData\kagglechallenge\Dermnet\train/Tinea Ringworm Candidiasis and other Fungal Infections/majocchi-granuloma-4.jpg
18,E:\MedicalData\kagglechallenge\Dermnet\train/Tinea Ringworm Candidiasis and other Fungal Infections/majocchi-granuloma-5.jpg
18,E:\MedicalData\kagglechallenge\Dermnet\train/Tinea Ringworm Candidiasis and other Fungal Infections/majocchi-granuloma-6.jpg
18,E:\MedicalData\kagglechallenge\Dermnet\train/Tinea Ringworm Candidiasis and other Fungal Infections/majocchi-granuloma-7.jpg
18,E:\MedicalData\kagglechallenge\Dermnet\train/Tinea Ringworm Candidiasis and other Fungal Infections/majocchi-granuloma-8.jpg
18,E:\MedicalData\kagglechallenge\Dermnet\train/Tinea Ringworm Candidiasis and other Fungal Infections/MonialisisIMG002-GP3.jpg
18,E:\MedicalData\kagglechallenge\Dermnet\train/Tinea Ringworm Candidiasis and other Fungal Infections/MonialisisIMG004-GP3.jpg
18,E:\MedicalData\kagglechallenge\Dermnet\train/Tinea Ringworm Candidiasis and other Fungal Infections/mycetoma-1.jpg
18,E:\MedicalData\kagglechallenge\Dermnet\train/Tinea Ringworm Candidiasis and other Fungal Infections/mycetoma-4.jpg
18,E:\MedicalData\kagglechallenge\Dermnet\train/Tinea Ringworm Candidiasis and other Fungal Infections/north-american-blastomycosis-3.jpg
18,E:\MedicalData\kagglechallenge\Dermnet\train/Tinea Ringworm Candidiasis and other Fungal Infections/perleche-10.jpg
18,E:\MedicalData\kagglechallenge\Dermnet\train/Tinea Ringworm Candidiasis and other Fungal Infections/perleche-11.jpg
18,E:\MedicalData\kagglechallenge\Dermnet\train/Tinea Ringworm Candidiasis and other Fungal Infections/perleche-14.jpg
18,E:\MedicalData\kagglechallenge\Dermnet\train/Tinea Ringworm Candidiasis and other Fungal Infections/perleche-15.jpg
18,E:\MedicalData\kagglechallenge\Dermnet\train/Tinea Ringworm Candidiasis and other Fungal Infections/perleche-16.jpg
18,E:\MedicalData\kagglechallenge\Dermnet\train/Tinea Ringworm Candidiasis and other Fungal Infections/perleche-17.jpg
18,E:\MedicalData\kagglechallenge\Dermnet\train/Tinea Ringworm Candidiasis and other Fungal Infections/perleche-18.jpg
18,E:\MedicalData\kagglechallenge\Dermnet\train/Tinea Ringworm Candidiasis and other Fungal Infections/perleche-19.jpg
18,E:\MedicalData\kagglechallenge\Dermnet\train/Tinea Ringworm Candidiasis and other Fungal Infections/perleche-20.jpg
18,E:\MedicalData\kagglechallenge\Dermnet\train/Tinea Ringworm Candidiasis and other Fungal Infections/perleche-21.jpg
18,E:\MedicalData\kagglechallenge\Dermnet\train/Tinea Ringworm Candidiasis and other Fungal Infections/perleche-23.jpg
18,E:\MedicalData\kagglechallenge\Dermnet\train/Tinea Ringworm Candidiasis and other Fungal Infections/perleche-24.jpg
18,E:\MedicalData\kagglechallenge\Dermnet\train/Tinea Ringworm Candidiasis and other Fungal Infections/perleche-26.jpg
18,E:\MedicalData\kagglechallenge\Dermnet\train/Tinea Ringworm Candidiasis and other Fungal Infections/perleche-29.jpg
18,E:\MedicalData\kagglechallenge\Dermnet\train/Tinea Ringworm Candidiasis and other Fungal Infections/perleche-3.jpg
18,E:\MedicalData\kagglechallenge\Dermnet\train/Tinea Ringworm Candidiasis and other Fungal Infections/perleche-30.jpg
18,E:\MedicalData\kagglechallenge\Dermnet\train/Tinea Ringworm Candidiasis and other Fungal Infections/perleche-31.jpg
18,E:\MedicalData\kagglechallenge\Dermnet\train/Tinea Ringworm Candidiasis and other Fungal Infections/perleche-32.jpg
18,E:\MedicalData\kagglechallenge\Dermnet\train/Tinea Ringworm Candidiasis and other Fungal Infections/perleche-33.jpg
18,E:\MedicalData\kagglechallenge\Dermnet\train/Tinea Ringworm Candidiasis and other Fungal Infections/perleche-35.jpg
18,E:\MedicalData\kagglechallenge\Dermnet\train/Tinea Ringworm Candidiasis and other Fungal Infections/perleche-38.jpg
18,E:\MedicalData\kagglechallenge\Dermnet\train/Tinea Ringworm Candidiasis and other Fungal Infections/perleche-39.jpg
18,E:\MedicalData\kagglechallenge\Dermnet\train/Tinea Ringworm Candidiasis and other Fungal Infections/perleche-40.jpg
18,E:\MedicalData\kagglechallenge\Dermnet\train/Tinea Ringworm Candidiasis and other Fungal Infections/perleche-43.jpg
18,E:\MedicalData\kagglechallenge\Dermnet\train/Tinea Ringworm Candidiasis and other Fungal Infections/perleche-47.jpg
18,E:\MedicalData\kagglechallenge\Dermnet\train/Tinea Ringworm Candidiasis and other Fungal Infections/perleche-48.jpg
18,E:\MedicalData\kagglechallenge\Dermnet\train/Tinea Ringworm Candidiasis and other Fungal Infections/perleche-49.jpg
18,E:\MedicalData\kagglechallenge\Dermnet\train/Tinea Ringworm Candidiasis and other Fungal Infections/perleche-50.jpg
18,E:\MedicalData\kagglechallenge\Dermnet\train/Tinea Ringworm Candidiasis and other Fungal Infections/perleche-52.jpg
18,E:\MedicalData\kagglechallenge\Dermnet\train/Tinea Ringworm Candidiasis and other Fungal Infections/perleche-53.jpg
18,E:\MedicalData\kagglechallenge\Dermnet\train/Tinea Ringworm Candidiasis and other Fungal Infections/perleche-54.jpg
18,E:\MedicalData\kagglechallenge\Dermnet\train/Tinea Ringworm Candidiasis and other Fungal Infections/perleche-56.jpg
18,E:\MedicalData\kagglechallenge\Dermnet\train/Tinea Ringworm Candidiasis and other Fungal Infections/perleche-57.jpg
18,E:\MedicalData\kagglechallenge\Dermnet\train/Tinea Ringworm Candidiasis and other Fungal Infections/perleche-58.jpg
18,E:\MedicalData\kagglechallenge\Dermnet\train/Tinea Ringworm Candidiasis and other Fungal Infections/perleche-6.jpg
18,E:\MedicalData\kagglechallenge\Dermnet\train/Tinea Ringworm Candidiasis and other Fungal Infections/perleche-60.jpg
18,E:\MedicalData\kagglechallenge\Dermnet\train/Tinea Ringworm Candidiasis and other Fungal Infections/perleche-63.jpg
18,E:\MedicalData\kagglechallenge\Dermnet\train/Tinea Ringworm Candidiasis and other Fungal Infections/perleche-786.jpg
18,E:\MedicalData\kagglechallenge\Dermnet\train/Tinea Ringworm Candidiasis and other Fungal Infections/perleche-789.jpg
18,E:\MedicalData\kagglechallenge\Dermnet\train/Tinea Ringworm Candidiasis and other Fungal Infections/perleche-8.jpg
18,E:\MedicalData\kagglechallenge\Dermnet\train/Tinea Ringworm Candidiasis and other Fungal Infections/perleche-9.jpg
18,E:\MedicalData\kagglechallenge\Dermnet\train/Tinea Ringworm Candidiasis and other Fungal Infections/pitted-keratolysis-1.jpg
18,E:\MedicalData\kagglechallenge\Dermnet\train/Tinea Ringworm Candidiasis and other Fungal Infections/pitted-keratolysis-5.jpg
18,E:\MedicalData\kagglechallenge\Dermnet\train/Tinea Ringworm Candidiasis and other Fungal Infections/pitted-keratolysis-7.jpg
18,E:\MedicalData\kagglechallenge\Dermnet\train/Tinea Ringworm Candidiasis and other Fungal Infections/pityrosporum-folliculitis-5.jpg
18,E:\MedicalData\kagglechallenge\Dermnet\train/Tinea Ringworm Candidiasis and other Fungal Infections/pityrosporum-folliculitis-7.jpg
18,E:\MedicalData\kagglechallenge\Dermnet\train/Tinea Ringworm Candidiasis and other Fungal Infections/pityrosporum-folliculitis-8.jpg
18,E:\MedicalData\kagglechallenge\Dermnet\train/Tinea Ringworm Candidiasis and other Fungal Infections/pityrosporum-folliculitis-9.jpg
18,E:\MedicalData\kagglechallenge\Dermnet\train/Tinea Ringworm Candidiasis and other Fungal Infections/tinea-beard-1.jpg
18,E:\MedicalData\kagglechallenge\Dermnet\train/Tinea Ringworm Candidiasis and other Fungal Infections/tinea-beard-10.jpg
18,E:\MedicalData\kagglechallenge\Dermnet\train/Tinea Ringworm Candidiasis and other Fungal Infections/tinea-beard-11.jpg
18,E:\MedicalData\kagglechallenge\Dermnet\train/Tinea Ringworm Candidiasis and other Fungal Infections/tinea-beard-12.jpg
18,E:\MedicalData\kagglechallenge\Dermnet\train/Tinea Ringworm Candidiasis and other Fungal Infections/tinea-beard-15.jpg
18,E:\MedicalData\kagglechallenge\Dermnet\train/Tinea Ringworm Candidiasis and other Fungal Infections/tinea-beard-16.jpg
18,E:\MedicalData\kagglechallenge\Dermnet\train/Tinea Ringworm Candidiasis and other Fungal Infections/tinea-beard-17.jpg
18,E:\MedicalData\kagglechallenge\Dermnet\train/Tinea Ringworm Candidiasis and other Fungal Infections/tinea-beard-18.jpg
18,E:\MedicalData\kagglechallenge\Dermnet\train/Tinea Ringworm Candidiasis and other Fungal Infections/tinea-beard-19.jpg
18,E:\MedicalData\kagglechallenge\Dermnet\train/Tinea Ringworm Candidiasis and other Fungal Infections/tinea-beard-4.jpg
18,E:\MedicalData\kagglechallenge\Dermnet\train/Tinea Ringworm Candidiasis and other Fungal Infections/tinea-beard-5.jpg
18,E:\MedicalData\kagglechallenge\Dermnet\train/Tinea Ringworm Candidiasis and other Fungal Infections/tinea-beard-7.jpg
18,E:\MedicalData\kagglechallenge\Dermnet\train/Tinea Ringworm Candidiasis and other Fungal Infections/tinea-beard-8.jpg
18,E:\MedicalData\kagglechallenge\Dermnet\train/Tinea Ringworm Candidiasis and other Fungal Infections/tinea-body-1.jpg
18,E:\MedicalData\kagglechallenge\Dermnet\train/Tinea Ringworm Candidiasis and other Fungal Infections/tinea-body-10.jpg
18,E:\MedicalData\kagglechallenge\Dermnet\train/Tinea Ringworm Candidiasis and other Fungal Infections/tinea-body-101.jpg
18,E:\MedicalData\kagglechallenge\Dermnet\train/Tinea Ringworm Candidiasis and other Fungal Infections/tinea-body-103.jpg
18,E:\MedicalData\kagglechallenge\Dermnet\train/Tinea Ringworm Candidiasis and other Fungal Infections/tinea-body-104.jpg
18,E:\MedicalData\kagglechallenge\Dermnet\train/Tinea Ringworm Candidiasis and other Fungal Infections/tinea-body-105.jpg
18,E:\MedicalData\kagglechallenge\Dermnet\train/Tinea Ringworm Candidiasis and other Fungal Infections/tinea-body-106.jpg
18,E:\MedicalData\kagglechallenge\Dermnet\train/Tinea Ringworm Candidiasis and other Fungal Infections/tinea-body-107.jpg
18,E:\MedicalData\kagglechallenge\Dermnet\train/Tinea Ringworm Candidiasis and other Fungal Infections/tinea-body-108.jpg
18,E:\MedicalData\kagglechallenge\Dermnet\train/Tinea Ringworm Candidiasis and other Fungal Infections/tinea-body-11.jpg
18,E:\MedicalData\kagglechallenge\Dermnet\train/Tinea Ringworm Candidiasis and other Fungal Infections/tinea-body-111.jpg
18,E:\MedicalData\kagglechallenge\Dermnet\train/Tinea Ringworm Candidiasis and other Fungal Infections/tinea-body-112.jpg
18,E:\MedicalData\kagglechallenge\Dermnet\train/Tinea Ringworm Candidiasis and other Fungal Infections/tinea-body-113.jpg
18,E:\MedicalData\kagglechallenge\Dermnet\train/Tinea Ringworm Candidiasis and other Fungal Infections/tinea-body-114.jpg
18,E:\MedicalData\kagglechallenge\Dermnet\train/Tinea Ringworm Candidiasis and other Fungal Infections/tinea-body-116.jpg
18,E:\MedicalData\kagglechallenge\Dermnet\train/Tinea Ringworm Candidiasis and other Fungal Infections/tinea-body-117.jpg
18,E:\MedicalData\kagglechallenge\Dermnet\train/Tinea Ringworm Candidiasis and other Fungal Infections/tinea-body-119.jpg
18,E:\MedicalData\kagglechallenge\Dermnet\train/Tinea Ringworm Candidiasis and other Fungal Infections/tinea-body-121.jpg
18,E:\MedicalData\kagglechallenge\Dermnet\train/Tinea Ringworm Candidiasis and other Fungal Infections/tinea-body-125.jpg
18,E:\MedicalData\kagglechallenge\Dermnet\train/Tinea Ringworm Candidiasis and other Fungal Infections/tinea-body-128.jpg
18,E:\MedicalData\kagglechallenge\Dermnet\train/Tinea Ringworm Candidiasis and other Fungal Infections/tinea-body-129.jpg
18,E:\MedicalData\kagglechallenge\Dermnet\train/Tinea Ringworm Candidiasis and other Fungal Infections/tinea-body-13.jpg
18,E:\MedicalData\kagglechallenge\Dermnet\train/Tinea Ringworm Candidiasis and other Fungal Infections/tinea-body-133.jpg
18,E:\MedicalData\kagglechallenge\Dermnet\train/Tinea Ringworm Candidiasis and other Fungal Infections/tinea-body-135.jpg
18,E:\MedicalData\kagglechallenge\Dermnet\train/Tinea Ringworm Candidiasis and other Fungal Infections/tinea-body-136.jpg
18,E:\MedicalData\kagglechallenge\Dermnet\train/Tinea Ringworm Candidiasis and other Fungal Infections/tinea-body-139.jpg
18,E:\MedicalData\kagglechallenge\Dermnet\train/Tinea Ringworm Candidiasis and other Fungal Infections/tinea-body-14.jpg
18,E:\MedicalData\kagglechallenge\Dermnet\train/Tinea Ringworm Candidiasis and other Fungal Infections/tinea-body-141.jpg
18,E:\MedicalData\kagglechallenge\Dermnet\train/Tinea Ringworm Candidiasis and other Fungal Infections/tinea-body-143.jpg
18,E:\MedicalData\kagglechallenge\Dermnet\train/Tinea Ringworm Candidiasis and other Fungal Infections/tinea-body-145.jpg
18,E:\MedicalData\kagglechallenge\Dermnet\train/Tinea Ringworm Candidiasis and other Fungal Infections/tinea-body-146.jpg
18,E:\MedicalData\kagglechallenge\Dermnet\train/Tinea Ringworm Candidiasis and other Fungal Infections/tinea-body-148.jpg
18,E:\MedicalData\kagglechallenge\Dermnet\train/Tinea Ringworm Candidiasis and other Fungal Infections/tinea-body-15.jpg
18,E:\MedicalData\kagglechallenge\Dermnet\train/Tinea Ringworm Candidiasis and other Fungal Infections/tinea-body-151.jpg
18,E:\MedicalData\kagglechallenge\Dermnet\train/Tinea Ringworm Candidiasis and other Fungal Infections/tinea-body-153.jpg
18,E:\MedicalData\kagglechallenge\Dermnet\train/Tinea Ringworm Candidiasis and other Fungal Infections/tinea-body-154.jpg
18,E:\MedicalData\kagglechallenge\Dermnet\train/Tinea Ringworm Candidiasis and other Fungal Infections/tinea-body-155.jpg
18,E:\MedicalData\kagglechallenge\Dermnet\train/Tinea Ringworm Candidiasis and other Fungal Infections/tinea-body-157.jpg
18,E:\MedicalData\kagglechallenge\Dermnet\train/Tinea Ringworm Candidiasis and other Fungal Infections/tinea-body-158.jpg
18,E:\MedicalData\kagglechallenge\Dermnet\train/Tinea Ringworm Candidiasis and other Fungal Infections/tinea-body-159.jpg
18,E:\MedicalData\kagglechallenge\Dermnet\train/Tinea Ringworm Candidiasis and other Fungal Infections/tinea-body-16.jpg
18,E:\MedicalData\kagglechallenge\Dermnet\train/Tinea Ringworm Candidiasis and other Fungal Infections/tinea-body-162.jpg
18,E:\MedicalData\kagglechallenge\Dermnet\train/Tinea Ringworm Candidiasis and other Fungal Infections/tinea-body-163.jpg
18,E:\MedicalData\kagglechallenge\Dermnet\train/Tinea Ringworm Candidiasis and other Fungal Infections/tinea-body-165.jpg
18,E:\MedicalData\kagglechallenge\Dermnet\train/Tinea Ringworm Candidiasis and other Fungal Infections/tinea-body-166.jpg
18,E:\MedicalData\kagglechallenge\Dermnet\train/Tinea Ringworm Candidiasis and other Fungal Infections/tinea-body-167.jpg
18,E:\MedicalData\kagglechallenge\Dermnet\train/Tinea Ringworm Candidiasis and other Fungal Infections/tinea-body-169.jpg
18,E:\MedicalData\kagglechallenge\Dermnet\train/Tinea Ringworm Candidiasis and other Fungal Infections/tinea-body-17.jpg
18,E:\MedicalData\kagglechallenge\Dermnet\train/Tinea Ringworm Candidiasis and other Fungal Infections/tinea-body-171.jpg
18,E:\MedicalData\kagglechallenge\Dermnet\train/Tinea Ringworm Candidiasis and other Fungal Infections/tinea-body-172.jpg
18,E:\MedicalData\kagglechallenge\Dermnet\train/Tinea Ringworm Candidiasis and other Fungal Infections/tinea-body-173.jpg
18,E:\MedicalData\kagglechallenge\Dermnet\train/Tinea Ringworm Candidiasis and other Fungal Infections/tinea-body-174.jpg
18,E:\MedicalData\kagglechallenge\Dermnet\train/Tinea Ringworm Candidiasis and other Fungal Infections/tinea-body-175.jpg
18,E:\MedicalData\kagglechallenge\Dermnet\train/Tinea Ringworm Candidiasis and other Fungal Infections/tinea-body-176.jpg
18,E:\MedicalData\kagglechallenge\Dermnet\train/Tinea Ringworm Candidiasis and other Fungal Infections/tinea-body-177.jpg
18,E:\MedicalData\kagglechallenge\Dermnet\train/Tinea Ringworm Candidiasis and other Fungal Infections/tinea-body-178.jpg
18,E:\MedicalData\kagglechallenge\Dermnet\train/Tinea Ringworm Candidiasis and other Fungal Infections/tinea-body-179.jpg
18,E:\MedicalData\kagglechallenge\Dermnet\train/Tinea Ringworm Candidiasis and other Fungal Infections/tinea-body-18.jpg
18,E:\MedicalData\kagglechallenge\Dermnet\train/Tinea Ringworm Candidiasis and other Fungal Infections/tinea-body-181.jpg
18,E:\MedicalData\kagglechallenge\Dermnet\train/Tinea Ringworm Candidiasis and other Fungal Infections/tinea-body-182.jpg
18,E:\MedicalData\kagglechallenge\Dermnet\train/Tinea Ringworm Candidiasis and other Fungal Infections/tinea-body-183.jpg
18,E:\MedicalData\kagglechallenge\Dermnet\train/Tinea Ringworm Candidiasis and other Fungal Infections/tinea-body-184.jpg
18,E:\MedicalData\kagglechallenge\Dermnet\train/Tinea Ringworm Candidiasis and other Fungal Infections/tinea-body-185.jpg
18,E:\MedicalData\kagglechallenge\Dermnet\train/Tinea Ringworm Candidiasis and other Fungal Infections/tinea-body-186.jpg
18,E:\MedicalData\kagglechallenge\Dermnet\train/Tinea Ringworm Candidiasis and other Fungal Infections/tinea-body-187.jpg
18,E:\MedicalData\kagglechallenge\Dermnet\train/Tinea Ringworm Candidiasis and other Fungal Infections/tinea-body-188.jpg
18,E:\MedicalData\kagglechallenge\Dermnet\train/Tinea Ringworm Candidiasis and other Fungal Infections/tinea-body-189.jpg
18,E:\MedicalData\kagglechallenge\Dermnet\train/Tinea Ringworm Candidiasis and other Fungal Infections/tinea-body-19.jpg
18,E:\MedicalData\kagglechallenge\Dermnet\train/Tinea Ringworm Candidiasis and other Fungal Infections/tinea-body-194.jpg
18,E:\MedicalData\kagglechallenge\Dermnet\train/Tinea Ringworm Candidiasis and other Fungal Infections/tinea-body-195.jpg
18,E:\MedicalData\kagglechallenge\Dermnet\train/Tinea Ringworm Candidiasis and other Fungal Infections/tinea-body-197.jpg
18,E:\MedicalData\kagglechallenge\Dermnet\train/Tinea Ringworm Candidiasis and other Fungal Infections/tinea-body-2.jpg
18,E:\MedicalData\kagglechallenge\Dermnet\train/Tinea Ringworm Candidiasis and other Fungal Infections/tinea-body-20.jpg
18,E:\MedicalData\kagglechallenge\Dermnet\train/Tinea Ringworm Candidiasis and other Fungal Infections/tinea-body-200.jpg
18,E:\MedicalData\kagglechallenge\Dermnet\train/Tinea Ringworm Candidiasis and other Fungal Infections/tinea-body-83.jpg
18,E:\MedicalData\kagglechallenge\Dermnet\train/Tinea Ringworm Candidiasis and other Fungal Infections/tinea-body-86.jpg
18,E:\MedicalData\kagglechallenge\Dermnet\train/Tinea Ringworm Candidiasis and other Fungal Infections/tinea-body-89.jpg
18,E:\MedicalData\kagglechallenge\Dermnet\train/Tinea Ringworm Candidiasis and other Fungal Infections/tinea-body-91.jpg
18,E:\MedicalData\kagglechallenge\Dermnet\train/Tinea Ringworm Candidiasis and other Fungal Infections/tinea-body-94.jpg
18,E:\MedicalData\kagglechallenge\Dermnet\train/Tinea Ringworm Candidiasis and other Fungal Infections/tinea-body-95.jpg
18,E:\MedicalData\kagglechallenge\Dermnet\train/Tinea Ringworm Candidiasis and other Fungal Infections/tinea-body-96.jpg
18,E:\MedicalData\kagglechallenge\Dermnet\train/Tinea Ringworm Candidiasis and other Fungal Infections/tinea-body-98.jpg
18,E:\MedicalData\kagglechallenge\Dermnet\train/Tinea Ringworm Candidiasis and other Fungal Infections/tinea-body-99.jpg
18,E:\MedicalData\kagglechallenge\Dermnet\train/Tinea Ringworm Candidiasis and other Fungal Infections/tinea-border-1.jpg
18,E:\MedicalData\kagglechallenge\Dermnet\train/Tinea Ringworm Candidiasis and other Fungal Infections/tinea-border-2.jpg
18,E:\MedicalData\kagglechallenge\Dermnet\train/Tinea Ringworm Candidiasis and other Fungal Infections/tinea-border-6.jpg
18,E:\MedicalData\kagglechallenge\Dermnet\train/Tinea Ringworm Candidiasis and other Fungal Infections/tinea-face-11.jpg
18,E:\MedicalData\kagglechallenge\Dermnet\train/Tinea Ringworm Candidiasis and other Fungal Infections/tinea-face-12.jpg
18,E:\MedicalData\kagglechallenge\Dermnet\train/Tinea Ringworm Candidiasis and other Fungal Infections/tinea-face-13.jpg
18,E:\MedicalData\kagglechallenge\Dermnet\train/Tinea Ringworm Candidiasis and other Fungal Infections/tinea-face-14.jpg
18,E:\MedicalData\kagglechallenge\Dermnet\train/Tinea Ringworm Candidiasis and other Fungal Infections/tinea-face-15.jpg
18,E:\MedicalData\kagglechallenge\Dermnet\train/Tinea Ringworm Candidiasis and other Fungal Infections/tinea-face-16.jpg
18,E:\MedicalData\kagglechallenge\Dermnet\train/Tinea Ringworm Candidiasis and other Fungal Infections/tinea-face-17.jpg
18,E:\MedicalData\kagglechallenge\Dermnet\train/Tinea Ringworm Candidiasis and other Fungal Infections/tinea-face-18.jpg
18,E:\MedicalData\kagglechallenge\Dermnet\train/Tinea Ringworm Candidiasis and other Fungal Infections/tinea-face-19.jpg
18,E:\MedicalData\kagglechallenge\Dermnet\train/Tinea Ringworm Candidiasis and other Fungal Infections/tinea-face-20.jpg
18,E:\MedicalData\kagglechallenge\Dermnet\train/Tinea Ringworm Candidiasis and other Fungal Infections/tinea-face-21.jpg
18,E:\MedicalData\kagglechallenge\Dermnet\train/Tinea Ringworm Candidiasis and other Fungal Infections/tinea-face-22.jpg
18,E:\MedicalData\kagglechallenge\Dermnet\train/Tinea Ringworm Candidiasis and other Fungal Infections/tinea-face-24.jpg
18,E:\MedicalData\kagglechallenge\Dermnet\train/Tinea Ringworm Candidiasis and other Fungal Infections/tinea-face-25.jpg
18,E:\MedicalData\kagglechallenge\Dermnet\train/Tinea Ringworm Candidiasis and other Fungal Infections/tinea-face-27.jpg
18,E:\MedicalData\kagglechallenge\Dermnet\train/Tinea Ringworm Candidiasis and other Fungal Infections/tinea-face-28.jpg
18,E:\MedicalData\kagglechallenge\Dermnet\train/Tinea Ringworm Candidiasis and other Fungal Infections/tinea-face-29.jpg
18,E:\MedicalData\kagglechallenge\Dermnet\train/Tinea Ringworm Candidiasis and other Fungal Infections/tinea-face-3.jpg
18,E:\MedicalData\kagglechallenge\Dermnet\train/Tinea Ringworm Candidiasis and other Fungal Infections/tinea-face-30.jpg
18,E:\MedicalData\kagglechallenge\Dermnet\train/Tinea Ringworm Candidiasis and other Fungal Infections/tinea-face-32.jpg
18,E:\MedicalData\kagglechallenge\Dermnet\train/Tinea Ringworm Candidiasis and other Fungal Infections/tinea-face-34.jpg
18,E:\MedicalData\kagglechallenge\Dermnet\train/Tinea Ringworm Candidiasis and other Fungal Infections/tinea-face-38.jpg
18,E:\MedicalData\kagglechallenge\Dermnet\train/Tinea Ringworm Candidiasis and other Fungal Infections/tinea-face-39.jpg
18,E:\MedicalData\kagglechallenge\Dermnet\train/Tinea Ringworm Candidiasis and other Fungal Infections/tinea-face-40.jpg
18,E:\MedicalData\kagglechallenge\Dermnet\train/Tinea Ringworm Candidiasis and other Fungal Infections/tinea-face-41.jpg
18,E:\MedicalData\kagglechallenge\Dermnet\train/Tinea Ringworm Candidiasis and other Fungal Infections/tinea-face-42.jpg
18,E:\MedicalData\kagglechallenge\Dermnet\train/Tinea Ringworm Candidiasis and other Fungal Infections/tinea-face-43.jpg
18,E:\MedicalData\kagglechallenge\Dermnet\train/Tinea Ringworm Candidiasis and other Fungal Infections/tinea-face-44.jpg
18,E:\MedicalData\kagglechallenge\Dermnet\train/Tinea Ringworm Candidiasis and other Fungal Infections/tinea-face-45.jpg
18,E:\MedicalData\kagglechallenge\Dermnet\train/Tinea Ringworm Candidiasis and other Fungal Infections/tinea-face-49.jpg
18,E:\MedicalData\kagglechallenge\Dermnet\train/Tinea Ringworm Candidiasis and other Fungal Infections/tinea-face-51.jpg
18,E:\MedicalData\kagglechallenge\Dermnet\train/Tinea Ringworm Candidiasis and other Fungal Infections/tinea-face-56.jpg
18,E:\MedicalData\kagglechallenge\Dermnet\train/Tinea Ringworm Candidiasis and other Fungal Infections/tinea-face-58.jpg
18,E:\MedicalData\kagglechallenge\Dermnet\train/Tinea Ringworm Candidiasis and other Fungal Infections/tinea-face-59.jpg
18,E:\MedicalData\kagglechallenge\Dermnet\train/Tinea Ringworm Candidiasis and other Fungal Infections/tinea-face-6.jpg
18,E:\MedicalData\kagglechallenge\Dermnet\train/Tinea Ringworm Candidiasis and other Fungal Infections/tinea-face-60.jpg
18,E:\MedicalData\kagglechallenge\Dermnet\train/Tinea Ringworm Candidiasis and other Fungal Infections/tinea-face-61.jpg
18,E:\MedicalData\kagglechallenge\Dermnet\train/Tinea Ringworm Candidiasis and other Fungal Infections/tinea-face-62.jpg
18,E:\MedicalData\kagglechallenge\Dermnet\train/Tinea Ringworm Candidiasis and other Fungal Infections/tinea-face-63.jpg
18,E:\MedicalData\kagglechallenge\Dermnet\train/Tinea Ringworm Candidiasis and other Fungal Infections/tinea-face-66.jpg
18,E:\MedicalData\kagglechallenge\Dermnet\train/Tinea Ringworm Candidiasis and other Fungal Infections/tinea-face-67.jpg
18,E:\MedicalData\kagglechallenge\Dermnet\train/Tinea Ringworm Candidiasis and other Fungal Infections/tinea-face-68.jpg
18,E:\MedicalData\kagglechallenge\Dermnet\train/Tinea Ringworm Candidiasis and other Fungal Infections/tinea-face-69.jpg
18,E:\MedicalData\kagglechallenge\Dermnet\train/Tinea Ringworm Candidiasis and other Fungal Infections/tinea-face-8.jpg
18,E:\MedicalData\kagglechallenge\Dermnet\train/Tinea Ringworm Candidiasis and other Fungal Infections/tinea-face-9.jpg
18,E:\MedicalData\kagglechallenge\Dermnet\train/Tinea Ringworm Candidiasis and other Fungal Infections/tinea-foot-dorsum-1.jpg
18,E:\MedicalData\kagglechallenge\Dermnet\train/Tinea Ringworm Candidiasis and other Fungal Infections/tinea-foot-dorsum-11.jpg
18,E:\MedicalData\kagglechallenge\Dermnet\train/Tinea Ringworm Candidiasis and other Fungal Infections/tinea-foot-dorsum-12.jpg
18,E:\MedicalData\kagglechallenge\Dermnet\train/Tinea Ringworm Candidiasis and other Fungal Infections/tinea-foot-dorsum-13.jpg
18,E:\MedicalData\kagglechallenge\Dermnet\train/Tinea Ringworm Candidiasis and other Fungal Infections/tinea-foot-dorsum-14.jpg
18,E:\MedicalData\kagglechallenge\Dermnet\train/Tinea Ringworm Candidiasis and other Fungal Infections/tinea-foot-dorsum-17.jpg
18,E:\MedicalData\kagglechallenge\Dermnet\train/Tinea Ringworm Candidiasis and other Fungal Infections/tinea-foot-dorsum-18.jpg
18,E:\MedicalData\kagglechallenge\Dermnet\train/Tinea Ringworm Candidiasis and other Fungal Infections/tinea-foot-dorsum-19.jpg
18,E:\MedicalData\kagglechallenge\Dermnet\train/Tinea Ringworm Candidiasis and other Fungal Infections/tinea-foot-dorsum-2.jpg
18,E:\MedicalData\kagglechallenge\Dermnet\train/Tinea Ringworm Candidiasis and other Fungal Infections/tinea-foot-dorsum-20.jpg
18,E:\MedicalData\kagglechallenge\Dermnet\train/Tinea Ringworm Candidiasis and other Fungal Infections/tinea-foot-dorsum-21.jpg
18,E:\MedicalData\kagglechallenge\Dermnet\train/Tinea Ringworm Candidiasis and other Fungal Infections/tinea-foot-dorsum-22.jpg
18,E:\MedicalData\kagglechallenge\Dermnet\train/Tinea Ringworm Candidiasis and other Fungal Infections/tinea-foot-dorsum-23.jpg
18,E:\MedicalData\kagglechallenge\Dermnet\train/Tinea Ringworm Candidiasis and other Fungal Infections/tinea-foot-dorsum-24.jpg
18,E:\MedicalData\kagglechallenge\Dermnet\train/Tinea Ringworm Candidiasis and other Fungal Infections/tinea-foot-dorsum-26.jpg
18,E:\MedicalData\kagglechallenge\Dermnet\train/Tinea Ringworm Candidiasis and other Fungal Infections/tinea-foot-dorsum-27.jpg
18,E:\MedicalData\kagglechallenge\Dermnet\train/Tinea Ringworm Candidiasis and other Fungal Infections/tinea-foot-dorsum-29.jpg
18,E:\MedicalData\kagglechallenge\Dermnet\train/Tinea Ringworm Candidiasis and other Fungal Infections/tinea-foot-dorsum-3.jpg
18,E:\MedicalData\kagglechallenge\Dermnet\train/Tinea Ringworm Candidiasis and other Fungal Infections/tinea-foot-dorsum-33.jpg
18,E:\MedicalData\kagglechallenge\Dermnet\train/Tinea Ringworm Candidiasis and other Fungal Infections/tinea-foot-dorsum-34.jpg
18,E:\MedicalData\kagglechallenge\Dermnet\train/Tinea Ringworm Candidiasis and other Fungal Infections/tinea-foot-dorsum-35.jpg
18,E:\MedicalData\kagglechallenge\Dermnet\train/Tinea Ringworm Candidiasis and other Fungal Infections/tinea-foot-dorsum-36.jpg
18,E:\MedicalData\kagglechallenge\Dermnet\train/Tinea Ringworm Candidiasis and other Fungal Infections/tinea-foot-dorsum-37.jpg
18,E:\MedicalData\kagglechallenge\Dermnet\train/Tinea Ringworm Candidiasis and other Fungal Infections/tinea-foot-dorsum-38.jpg
18,E:\MedicalData\kagglechallenge\Dermnet\train/Tinea Ringworm Candidiasis and other Fungal Infections/tinea-foot-dorsum-39.jpg
18,E:\MedicalData\kagglechallenge\Dermnet\train/Tinea Ringworm Candidiasis and other Fungal Infections/tinea-foot-dorsum-4.jpg
18,E:\MedicalData\kagglechallenge\Dermnet\train/Tinea Ringworm Candidiasis and other Fungal Infections/tinea-foot-dorsum-40.jpg
18,E:\MedicalData\kagglechallenge\Dermnet\train/Tinea Ringworm Candidiasis and other Fungal Infections/tinea-foot-dorsum-41.jpg
18,E:\MedicalData\kagglechallenge\Dermnet\train/Tinea Ringworm Candidiasis and other Fungal Infections/tinea-foot-dorsum-43.jpg
18,E:\MedicalData\kagglechallenge\Dermnet\train/Tinea Ringworm Candidiasis and other Fungal Infections/tinea-foot-dorsum-44.jpg
18,E:\MedicalData\kagglechallenge\Dermnet\train/Tinea Ringworm Candidiasis and other Fungal Infections/tinea-foot-dorsum-48.jpg
18,E:\MedicalData\kagglechallenge\Dermnet\train/Tinea Ringworm Candidiasis and other Fungal Infections/tinea-foot-dorsum-49.jpg
18,E:\MedicalData\kagglechallenge\Dermnet\train/Tinea Ringworm Candidiasis and other Fungal Infections/tinea-foot-dorsum-5.jpg
18,E:\MedicalData\kagglechallenge\Dermnet\train/Tinea Ringworm Candidiasis and other Fungal Infections/tinea-foot-dorsum-50.jpg
18,E:\MedicalData\kagglechallenge\Dermnet\train/Tinea Ringworm Candidiasis and other Fungal Infections/tinea-foot-dorsum-51.jpg
18,E:\MedicalData\kagglechallenge\Dermnet\train/Tinea Ringworm Candidiasis and other Fungal Infections/tinea-foot-dorsum-52.jpg
18,E:\MedicalData\kagglechallenge\Dermnet\train/Tinea Ringworm Candidiasis and other Fungal Infections/tinea-foot-dorsum-53.jpg
18,E:\MedicalData\kagglechallenge\Dermnet\train/Tinea Ringworm Candidiasis and other Fungal Infections/tinea-foot-dorsum-54.jpg
18,E:\MedicalData\kagglechallenge\Dermnet\train/Tinea Ringworm Candidiasis and other Fungal Infections/tinea-foot-dorsum-55.jpg
18,E:\MedicalData\kagglechallenge\Dermnet\train/Tinea Ringworm Candidiasis and other Fungal Infections/tinea-foot-dorsum-56.jpg
18,E:\MedicalData\kagglechallenge\Dermnet\train/Tinea Ringworm Candidiasis and other Fungal Infections/tinea-foot-dorsum-58.jpg
18,E:\MedicalData\kagglechallenge\Dermnet\train/Tinea Ringworm Candidiasis and other Fungal Infections/tinea-foot-dorsum-6.jpg
18,E:\MedicalData\kagglechallenge\Dermnet\train/Tinea Ringworm Candidiasis and other Fungal Infections/tinea-foot-dorsum-61.jpg
18,E:\MedicalData\kagglechallenge\Dermnet\train/Tinea Ringworm Candidiasis and other Fungal Infections/tinea-foot-dorsum-7.jpg
18,E:\MedicalData\kagglechallenge\Dermnet\train/Tinea Ringworm Candidiasis and other Fungal Infections/tinea-foot-dorsum-9.jpg
18,E:\MedicalData\kagglechallenge\Dermnet\train/Tinea Ringworm Candidiasis and other Fungal Infections/tinea-foot-plantar-1.jpg
18,E:\MedicalData\kagglechallenge\Dermnet\train/Tinea Ringworm Candidiasis and other Fungal Infections/tinea-foot-plantar-10.jpg
18,E:\MedicalData\kagglechallenge\Dermnet\train/Tinea Ringworm Candidiasis and other Fungal Infections/tinea-foot-plantar-12.jpg
18,E:\MedicalData\kagglechallenge\Dermnet\train/Tinea Ringworm Candidiasis and other Fungal Infections/tinea-foot-plantar-15.jpg
18,E:\MedicalData\kagglechallenge\Dermnet\train/Tinea Ringworm Candidiasis and other Fungal Infections/tinea-foot-plantar-16.jpg
18,E:\MedicalData\kagglechallenge\Dermnet\train/Tinea Ringworm Candidiasis and other Fungal Infections/tinea-foot-plantar-18.jpg
18,E:\MedicalData\kagglechallenge\Dermnet\train/Tinea Ringworm Candidiasis and other Fungal Infections/tinea-foot-plantar-19.jpg
18,E:\MedicalData\kagglechallenge\Dermnet\train/Tinea Ringworm Candidiasis and other Fungal Infections/tinea-foot-plantar-2.jpg
18,E:\MedicalData\kagglechallenge\Dermnet\train/Tinea Ringworm Candidiasis and other Fungal Infections/tinea-foot-plantar-21.jpg
18,E:\MedicalData\kagglechallenge\Dermnet\train/Tinea Ringworm Candidiasis and other Fungal Infections/tinea-foot-plantar-23.jpg
18,E:\MedicalData\kagglechallenge\Dermnet\train/Tinea Ringworm Candidiasis and other Fungal Infections/tinea-foot-plantar-24.jpg
18,E:\MedicalData\kagglechallenge\Dermnet\train/Tinea Ringworm Candidiasis and other Fungal Infections/tinea-foot-plantar-25.jpg
18,E:\MedicalData\kagglechallenge\Dermnet\train/Tinea Ringworm Candidiasis and other Fungal Infections/tinea-foot-plantar-26.jpg
18,E:\MedicalData\kagglechallenge\Dermnet\train/Tinea Ringworm Candidiasis and other Fungal Infections/tinea-foot-plantar-27.jpg
18,E:\MedicalData\kagglechallenge\Dermnet\train/Tinea Ringworm Candidiasis and other Fungal Infections/tinea-foot-plantar-29.jpg
18,E:\MedicalData\kagglechallenge\Dermnet\train/Tinea Ringworm Candidiasis and other Fungal Infections/tinea-foot-plantar-3.jpg
18,E:\MedicalData\kagglechallenge\Dermnet\train/Tinea Ringworm Candidiasis and other Fungal Infections/tinea-foot-plantar-31.jpg
18,E:\MedicalData\kagglechallenge\Dermnet\train/Tinea Ringworm Candidiasis and other Fungal Infections/tinea-foot-plantar-32.jpg
18,E:\MedicalData\kagglechallenge\Dermnet\train/Tinea Ringworm Candidiasis and other Fungal Infections/tinea-foot-plantar-33.jpg
18,E:\MedicalData\kagglechallenge\Dermnet\train/Tinea Ringworm Candidiasis and other Fungal Infections/tinea-foot-plantar-34.jpg
18,E:\MedicalData\kagglechallenge\Dermnet\train/Tinea Ringworm Candidiasis and other Fungal Infections/tinea-foot-plantar-35.jpg
18,E:\MedicalData\kagglechallenge\Dermnet\train/Tinea Ringworm Candidiasis and other Fungal Infections/tinea-foot-plantar-37.jpg
18,E:\MedicalData\kagglechallenge\Dermnet\train/Tinea Ringworm Candidiasis and other Fungal Infections/tinea-foot-plantar-4.jpg
18,E:\MedicalData\kagglechallenge\Dermnet\train/Tinea Ringworm Candidiasis and other Fungal Infections/tinea-foot-plantar-40.jpg
18,E:\MedicalData\kagglechallenge\Dermnet\train/Tinea Ringworm Candidiasis and other Fungal Infections/tinea-foot-plantar-42.jpg
18,E:\MedicalData\kagglechallenge\Dermnet\train/Tinea Ringworm Candidiasis and other Fungal Infections/tinea-foot-plantar-43.jpg
18,E:\MedicalData\kagglechallenge\Dermnet\train/Tinea Ringworm Candidiasis and other Fungal Infections/tinea-foot-plantar-44.jpg
18,E:\MedicalData\kagglechallenge\Dermnet\train/Tinea Ringworm Candidiasis and other Fungal Infections/tinea-foot-plantar-45.jpg
18,E:\MedicalData\kagglechallenge\Dermnet\train/Tinea Ringworm Candidiasis and other Fungal Infections/tinea-foot-plantar-46.jpg
18,E:\MedicalData\kagglechallenge\Dermnet\train/Tinea Ringworm Candidiasis and other Fungal Infections/tinea-foot-plantar-47.jpg
18,E:\MedicalData\kagglechallenge\Dermnet\train/Tinea Ringworm Candidiasis and other Fungal Infections/tinea-foot-plantar-5.jpg
18,E:\MedicalData\kagglechallenge\Dermnet\train/Tinea Ringworm Candidiasis and other Fungal Infections/tinea-foot-plantar-50.jpg
18,E:\MedicalData\kagglechallenge\Dermnet\train/Tinea Ringworm Candidiasis and other Fungal Infections/tinea-foot-plantar-52.jpg
18,E:\MedicalData\kagglechallenge\Dermnet\train/Tinea Ringworm Candidiasis and other Fungal Infections/tinea-foot-plantar-53.jpg
18,E:\MedicalData\kagglechallenge\Dermnet\train/Tinea Ringworm Candidiasis and other Fungal Infections/tinea-foot-plantar-54.jpg
18,E:\MedicalData\kagglechallenge\Dermnet\train/Tinea Ringworm Candidiasis and other Fungal Infections/tinea-foot-plantar-55.jpg
18,E:\MedicalData\kagglechallenge\Dermnet\train/Tinea Ringworm Candidiasis and other Fungal Infections/tinea-foot-plantar-57.jpg
18,E:\MedicalData\kagglechallenge\Dermnet\train/Tinea Ringworm Candidiasis and other Fungal Infections/tinea-foot-plantar-6.jpg
18,E:\MedicalData\kagglechallenge\Dermnet\train/Tinea Ringworm Candidiasis and other Fungal Infections/tinea-foot-plantar-8.jpg
18,E:\MedicalData\kagglechallenge\Dermnet\train/Tinea Ringworm Candidiasis and other Fungal Infections/tinea-foot-plantar-9.jpg
18,E:\MedicalData\kagglechallenge\Dermnet\train/Tinea Ringworm Candidiasis and other Fungal Infections/tinea-foot-webs-10.jpg
18,E:\MedicalData\kagglechallenge\Dermnet\train/Tinea Ringworm Candidiasis and other Fungal Infections/tinea-foot-webs-11.jpg
18,E:\MedicalData\kagglechallenge\Dermnet\train/Tinea Ringworm Candidiasis and other Fungal Infections/tinea-foot-webs-12.jpg
18,E:\MedicalData\kagglechallenge\Dermnet\train/Tinea Ringworm Candidiasis and other Fungal Infections/tinea-foot-webs-14.jpg
18,E:\MedicalData\kagglechallenge\Dermnet\train/Tinea Ringworm Candidiasis and other Fungal Infections/tinea-foot-webs-15.jpg
18,E:\MedicalData\kagglechallenge\Dermnet\train/Tinea Ringworm Candidiasis and other Fungal Infections/tinea-foot-webs-16.jpg
18,E:\MedicalData\kagglechallenge\Dermnet\train/Tinea Ringworm Candidiasis and other Fungal Infections/tinea-foot-webs-18.jpg
18,E:\MedicalData\kagglechallenge\Dermnet\train/Tinea Ringworm Candidiasis and other Fungal Infections/tinea-foot-webs-19.jpg
18,E:\MedicalData\kagglechallenge\Dermnet\train/Tinea Ringworm Candidiasis and other Fungal Infections/tinea-foot-webs-2.jpg
18,E:\MedicalData\kagglechallenge\Dermnet\train/Tinea Ringworm Candidiasis and other Fungal Infections/tinea-foot-webs-21.jpg
18,E:\MedicalData\kagglechallenge\Dermnet\train/Tinea Ringworm Candidiasis and other Fungal Infections/tinea-foot-webs-22.jpg
18,E:\MedicalData\kagglechallenge\Dermnet\train/Tinea Ringworm Candidiasis and other Fungal Infections/tinea-foot-webs-23.jpg
18,E:\MedicalData\kagglechallenge\Dermnet\train/Tinea Ringworm Candidiasis and other Fungal Infections/tinea-foot-webs-24.jpg
18,E:\MedicalData\kagglechallenge\Dermnet\train/Tinea Ringworm Candidiasis and other Fungal Infections/tinea-foot-webs-25.jpg
18,E:\MedicalData\kagglechallenge\Dermnet\train/Tinea Ringworm Candidiasis and other Fungal Infections/tinea-foot-webs-26.jpg
18,E:\MedicalData\kagglechallenge\Dermnet\train/Tinea Ringworm Candidiasis and other Fungal Infections/tinea-foot-webs-27.jpg
18,E:\MedicalData\kagglechallenge\Dermnet\train/Tinea Ringworm Candidiasis and other Fungal Infections/tinea-foot-webs-28.jpg
18,E:\MedicalData\kagglechallenge\Dermnet\train/Tinea Ringworm Candidiasis and other Fungal Infections/tinea-foot-webs-29.jpg
18,E:\MedicalData\kagglechallenge\Dermnet\train/Tinea Ringworm Candidiasis and other Fungal Infections/tinea-foot-webs-3.jpg
18,E:\MedicalData\kagglechallenge\Dermnet\train/Tinea Ringworm Candidiasis and other Fungal Infections/tinea-foot-webs-32.jpg
18,E:\MedicalData\kagglechallenge\Dermnet\train/Tinea Ringworm Candidiasis and other Fungal Infections/tinea-foot-webs-34.jpg
18,E:\MedicalData\kagglechallenge\Dermnet\train/Tinea Ringworm Candidiasis and other Fungal Infections/tinea-foot-webs-35.jpg
18,E:\MedicalData\kagglechallenge\Dermnet\train/Tinea Ringworm Candidiasis and other Fungal Infections/tinea-foot-webs-38.jpg
18,E:\MedicalData\kagglechallenge\Dermnet\train/Tinea Ringworm Candidiasis and other Fungal Infections/tinea-foot-webs-39.jpg
18,E:\MedicalData\kagglechallenge\Dermnet\train/Tinea Ringworm Candidiasis and other Fungal Infections/tinea-foot-webs-4.jpg
18,E:\MedicalData\kagglechallenge\Dermnet\train/Tinea Ringworm Candidiasis and other Fungal Infections/tinea-foot-webs-40.jpg
18,E:\MedicalData\kagglechallenge\Dermnet\train/Tinea Ringworm Candidiasis and other Fungal Infections/tinea-foot-webs-41.jpg
18,E:\MedicalData\kagglechallenge\Dermnet\train/Tinea Ringworm Candidiasis and other Fungal Infections/tinea-foot-webs-42.jpg
18,E:\MedicalData\kagglechallenge\Dermnet\train/Tinea Ringworm Candidiasis and other Fungal Infections/tinea-foot-webs-43.jpg
18,E:\MedicalData\kagglechallenge\Dermnet\train/Tinea Ringworm Candidiasis and other Fungal Infections/tinea-foot-webs-44.jpg
18,E:\MedicalData\kagglechallenge\Dermnet\train/Tinea Ringworm Candidiasis and other Fungal Infections/tinea-foot-webs-46.jpg
18,E:\MedicalData\kagglechallenge\Dermnet\train/Tinea Ringworm Candidiasis and other Fungal Infections/tinea-foot-webs-47.jpg
18,E:\MedicalData\kagglechallenge\Dermnet\train/Tinea Ringworm Candidiasis and other Fungal Infections/tinea-foot-webs-50.jpg
18,E:\MedicalData\kagglechallenge\Dermnet\train/Tinea Ringworm Candidiasis and other Fungal Infections/tinea-foot-webs-52.jpg
18,E:\MedicalData\kagglechallenge\Dermnet\train/Tinea Ringworm Candidiasis and other Fungal Infections/tinea-foot-webs-53.jpg
18,E:\MedicalData\kagglechallenge\Dermnet\train/Tinea Ringworm Candidiasis and other Fungal Infections/tinea-foot-webs-54.jpg
18,E:\MedicalData\kagglechallenge\Dermnet\train/Tinea Ringworm Candidiasis and other Fungal Infections/tinea-foot-webs-56.jpg
18,E:\MedicalData\kagglechallenge\Dermnet\train/Tinea Ringworm Candidiasis and other Fungal Infections/tinea-foot-webs-57.jpg
18,E:\MedicalData\kagglechallenge\Dermnet\train/Tinea Ringworm Candidiasis and other Fungal Infections/tinea-foot-webs-58.jpg
18,E:\MedicalData\kagglechallenge\Dermnet\train/Tinea Ringworm Candidiasis and other Fungal Infections/tinea-foot-webs-6.jpg
18,E:\MedicalData\kagglechallenge\Dermnet\train/Tinea Ringworm Candidiasis and other Fungal Infections/tinea-foot-webs-60.jpg
18,E:\MedicalData\kagglechallenge\Dermnet\train/Tinea Ringworm Candidiasis and other Fungal Infections/tinea-foot-webs-61.jpg
18,E:\MedicalData\kagglechallenge\Dermnet\train/Tinea Ringworm Candidiasis and other Fungal Infections/tinea-foot-webs-62.jpg
18,E:\MedicalData\kagglechallenge\Dermnet\train/Tinea Ringworm Candidiasis and other Fungal Infections/tinea-foot-webs-63.jpg
18,E:\MedicalData\kagglechallenge\Dermnet\train/Tinea Ringworm Candidiasis and other Fungal Infections/tinea-foot-webs-66.jpg
18,E:\MedicalData\kagglechallenge\Dermnet\train/Tinea Ringworm Candidiasis and other Fungal Infections/tinea-foot-webs-67.jpg
18,E:\MedicalData\kagglechallenge\Dermnet\train/Tinea Ringworm Candidiasis and other Fungal Infections/tinea-foot-webs-68.jpg
18,E:\MedicalData\kagglechallenge\Dermnet\train/Tinea Ringworm Candidiasis and other Fungal Infections/tinea-foot-webs-69.jpg
18,E:\MedicalData\kagglechallenge\Dermnet\train/Tinea Ringworm Candidiasis and other Fungal Infections/tinea-foot-webs-7.jpg
18,E:\MedicalData\kagglechallenge\Dermnet\train/Tinea Ringworm Candidiasis and other Fungal Infections/tinea-foot-webs-70.jpg
18,E:\MedicalData\kagglechallenge\Dermnet\train/Tinea Ringworm Candidiasis and other Fungal Infections/tinea-foot-webs-73.jpg
18,E:\MedicalData\kagglechallenge\Dermnet\train/Tinea Ringworm Candidiasis and other Fungal Infections/tinea-foot-webs-74.jpg
18,E:\MedicalData\kagglechallenge\Dermnet\train/Tinea Ringworm Candidiasis and other Fungal Infections/tinea-foot-webs-76.jpg
18,E:\MedicalData\kagglechallenge\Dermnet\train/Tinea Ringworm Candidiasis and other Fungal Infections/tinea-foot-webs-78.jpg
18,E:\MedicalData\kagglechallenge\Dermnet\train/Tinea Ringworm Candidiasis and other Fungal Infections/tinea-foot-webs-79.jpg
18,E:\MedicalData\kagglechallenge\Dermnet\train/Tinea Ringworm Candidiasis and other Fungal Infections/tinea-foot-webs-8.jpg
18,E:\MedicalData\kagglechallenge\Dermnet\train/Tinea Ringworm Candidiasis and other Fungal Infections/tinea-foot-webs-81.jpg
18,E:\MedicalData\kagglechallenge\Dermnet\train/Tinea Ringworm Candidiasis and other Fungal Infections/tinea-foot-webs-9.jpg
18,E:\MedicalData\kagglechallenge\Dermnet\train/Tinea Ringworm Candidiasis and other Fungal Infections/tinea-groin-10.jpg
18,E:\MedicalData\kagglechallenge\Dermnet\train/Tinea Ringworm Candidiasis and other Fungal Infections/tinea-groin-100.jpg
18,E:\MedicalData\kagglechallenge\Dermnet\train/Tinea Ringworm Candidiasis and other Fungal Infections/tinea-groin-102.jpg
18,E:\MedicalData\kagglechallenge\Dermnet\train/Tinea Ringworm Candidiasis and other Fungal Infections/tinea-groin-103.jpg
18,E:\MedicalData\kagglechallenge\Dermnet\train/Tinea Ringworm Candidiasis and other Fungal Infections/tinea-groin-105.jpg
18,E:\MedicalData\kagglechallenge\Dermnet\train/Tinea Ringworm Candidiasis and other Fungal Infections/tinea-groin-106.jpg
18,E:\MedicalData\kagglechallenge\Dermnet\train/Tinea Ringworm Candidiasis and other Fungal Infections/tinea-groin-107.jpg
18,E:\MedicalData\kagglechallenge\Dermnet\train/Tinea Ringworm Candidiasis and other Fungal Infections/tinea-groin-108.jpg
18,E:\MedicalData\kagglechallenge\Dermnet\train/Tinea Ringworm Candidiasis and other Fungal Infections/tinea-groin-109.jpg
18,E:\MedicalData\kagglechallenge\Dermnet\train/Tinea Ringworm Candidiasis and other Fungal Infections/tinea-groin-110.jpg
18,E:\MedicalData\kagglechallenge\Dermnet\train/Tinea Ringworm Candidiasis and other Fungal Infections/tinea-groin-111.jpg
18,E:\MedicalData\kagglechallenge\Dermnet\train/Tinea Ringworm Candidiasis and other Fungal Infections/tinea-groin-113.jpg
18,E:\MedicalData\kagglechallenge\Dermnet\train/Tinea Ringworm Candidiasis and other Fungal Infections/tinea-groin-114.jpg
18,E:\MedicalData\kagglechallenge\Dermnet\train/Tinea Ringworm Candidiasis and other Fungal Infections/tinea-groin-115.jpg
18,E:\MedicalData\kagglechallenge\Dermnet\train/Tinea Ringworm Candidiasis and other Fungal Infections/tinea-groin-116.jpg
18,E:\MedicalData\kagglechallenge\Dermnet\train/Tinea Ringworm Candidiasis and other Fungal Infections/tinea-groin-118.jpg
18,E:\MedicalData\kagglechallenge\Dermnet\train/Tinea Ringworm Candidiasis and other Fungal Infections/tinea-groin-119.jpg
18,E:\MedicalData\kagglechallenge\Dermnet\train/Tinea Ringworm Candidiasis and other Fungal Infections/tinea-groin-12.jpg
18,E:\MedicalData\kagglechallenge\Dermnet\train/Tinea Ringworm Candidiasis and other Fungal Infections/tinea-groin-120.jpg
18,E:\MedicalData\kagglechallenge\Dermnet\train/Tinea Ringworm Candidiasis and other Fungal Infections/tinea-groin-121.jpg
18,E:\MedicalData\kagglechallenge\Dermnet\train/Tinea Ringworm Candidiasis and other Fungal Infections/tinea-groin-123.jpg
18,E:\MedicalData\kagglechallenge\Dermnet\train/Tinea Ringworm Candidiasis and other Fungal Infections/tinea-groin-124.jpg
18,E:\MedicalData\kagglechallenge\Dermnet\train/Tinea Ringworm Candidiasis and other Fungal Infections/tinea-groin-125.jpg
18,E:\MedicalData\kagglechallenge\Dermnet\train/Tinea Ringworm Candidiasis and other Fungal Infections/tinea-groin-127.jpg
18,E:\MedicalData\kagglechallenge\Dermnet\train/Tinea Ringworm Candidiasis and other Fungal Infections/tinea-groin-129.jpg
18,E:\MedicalData\kagglechallenge\Dermnet\train/Tinea Ringworm Candidiasis and other Fungal Infections/tinea-groin-131.jpg
18,E:\MedicalData\kagglechallenge\Dermnet\train/Tinea Ringworm Candidiasis and other Fungal Infections/tinea-groin-132.jpg
18,E:\MedicalData\kagglechallenge\Dermnet\train/Tinea Ringworm Candidiasis and other Fungal Infections/tinea-groin-133.jpg
18,E:\MedicalData\kagglechallenge\Dermnet\train/Tinea Ringworm Candidiasis and other Fungal Infections/tinea-groin-134.jpg
18,E:\MedicalData\kagglechallenge\Dermnet\train/Tinea Ringworm Candidiasis and other Fungal Infections/tinea-groin-19.jpg
18,E:\MedicalData\kagglechallenge\Dermnet\train/Tinea Ringworm Candidiasis and other Fungal Infections/tinea-groin-2.jpg
18,E:\MedicalData\kagglechallenge\Dermnet\train/Tinea Ringworm Candidiasis and other Fungal Infections/tinea-groin-20.jpg
18,E:\MedicalData\kagglechallenge\Dermnet\train/Tinea Ringworm Candidiasis and other Fungal Infections/tinea-groin-21.jpg
18,E:\MedicalData\kagglechallenge\Dermnet\train/Tinea Ringworm Candidiasis and other Fungal Infections/tinea-groin-22.jpg
18,E:\MedicalData\kagglechallenge\Dermnet\train/Tinea Ringworm Candidiasis and other Fungal Infections/tinea-groin-28.jpg
18,E:\MedicalData\kagglechallenge\Dermnet\train/Tinea Ringworm Candidiasis and other Fungal Infections/tinea-groin-29.jpg
18,E:\MedicalData\kagglechallenge\Dermnet\train/Tinea Ringworm Candidiasis and other Fungal Infections/tinea-groin-31.jpg
18,E:\MedicalData\kagglechallenge\Dermnet\train/Tinea Ringworm Candidiasis and other Fungal Infections/tinea-groin-32.jpg
18,E:\MedicalData\kagglechallenge\Dermnet\train/Tinea Ringworm Candidiasis and other Fungal Infections/tinea-groin-33.jpg
18,E:\MedicalData\kagglechallenge\Dermnet\train/Tinea Ringworm Candidiasis and other Fungal Infections/tinea-groin-34.jpg
18,E:\MedicalData\kagglechallenge\Dermnet\train/Tinea Ringworm Candidiasis and other Fungal Infections/tinea-groin-36.jpg
18,E:\MedicalData\kagglechallenge\Dermnet\train/Tinea Ringworm Candidiasis and other Fungal Infections/tinea-groin-38.jpg
18,E:\MedicalData\kagglechallenge\Dermnet\train/Tinea Ringworm Candidiasis and other Fungal Infections/tinea-groin-4.jpg
18,E:\MedicalData\kagglechallenge\Dermnet\train/Tinea Ringworm Candidiasis and other Fungal Infections/tinea-groin-41.jpg
18,E:\MedicalData\kagglechallenge\Dermnet\train/Tinea Ringworm Candidiasis and other Fungal Infections/tinea-groin-42.jpg
18,E:\MedicalData\kagglechallenge\Dermnet\train/Tinea Ringworm Candidiasis and other Fungal Infections/tinea-groin-44.jpg
18,E:\MedicalData\kagglechallenge\Dermnet\train/Tinea Ringworm Candidiasis and other Fungal Infections/tinea-groin-46.jpg
18,E:\MedicalData\kagglechallenge\Dermnet\train/Tinea Ringworm Candidiasis and other Fungal Infections/tinea-groin-47.jpg
18,E:\MedicalData\kagglechallenge\Dermnet\train/Tinea Ringworm Candidiasis and other Fungal Infections/tinea-groin-49.jpg
18,E:\MedicalData\kagglechallenge\Dermnet\train/Tinea Ringworm Candidiasis and other Fungal Infections/tinea-groin-5.jpg
18,E:\MedicalData\kagglechallenge\Dermnet\train/Tinea Ringworm Candidiasis and other Fungal Infections/tinea-groin-50.jpg
18,E:\MedicalData\kagglechallenge\Dermnet\train/Tinea Ringworm Candidiasis and other Fungal Infections/tinea-groin-52.jpg
18,E:\MedicalData\kagglechallenge\Dermnet\train/Tinea Ringworm Candidiasis and other Fungal Infections/tinea-groin-55.jpg
18,E:\MedicalData\kagglechallenge\Dermnet\train/Tinea Ringworm Candidiasis and other Fungal Infections/tinea-groin-56.jpg
18,E:\MedicalData\kagglechallenge\Dermnet\train/Tinea Ringworm Candidiasis and other Fungal Infections/tinea-groin-57.jpg
18,E:\MedicalData\kagglechallenge\Dermnet\train/Tinea Ringworm Candidiasis and other Fungal Infections/tinea-groin-6.jpg
18,E:\MedicalData\kagglechallenge\Dermnet\train/Tinea Ringworm Candidiasis and other Fungal Infections/tinea-groin-62.jpg
18,E:\MedicalData\kagglechallenge\Dermnet\train/Tinea Ringworm Candidiasis and other Fungal Infections/tinea-groin-63.jpg
18,E:\MedicalData\kagglechallenge\Dermnet\train/Tinea Ringworm Candidiasis and other Fungal Infections/tinea-groin-64.jpg
18,E:\MedicalData\kagglechallenge\Dermnet\train/Tinea Ringworm Candidiasis and other Fungal Infections/tinea-groin-65.jpg
18,E:\MedicalData\kagglechallenge\Dermnet\train/Tinea Ringworm Candidiasis and other Fungal Infections/tinea-groin-66.jpg
18,E:\MedicalData\kagglechallenge\Dermnet\train/Tinea Ringworm Candidiasis and other Fungal Infections/tinea-groin-69.jpg
18,E:\MedicalData\kagglechallenge\Dermnet\train/Tinea Ringworm Candidiasis and other Fungal Infections/tinea-groin-71.jpg
18,E:\MedicalData\kagglechallenge\Dermnet\train/Tinea Ringworm Candidiasis and other Fungal Infections/tinea-groin-75.jpg
18,E:\MedicalData\kagglechallenge\Dermnet\train/Tinea Ringworm Candidiasis and other Fungal Infections/tinea-groin-78.jpg
18,E:\MedicalData\kagglechallenge\Dermnet\train/Tinea Ringworm Candidiasis and other Fungal Infections/tinea-groin-79.jpg
18,E:\MedicalData\kagglechallenge\Dermnet\train/Tinea Ringworm Candidiasis and other Fungal Infections/tinea-groin-8.jpg
18,E:\MedicalData\kagglechallenge\Dermnet\train/Tinea Ringworm Candidiasis and other Fungal Infections/tinea-groin-82.jpg
18,E:\MedicalData\kagglechallenge\Dermnet\train/Tinea Ringworm Candidiasis and other Fungal Infections/tinea-groin-83.jpg
18,E:\MedicalData\kagglechallenge\Dermnet\train/Tinea Ringworm Candidiasis and other Fungal Infections/tinea-groin-84.jpg
18,E:\MedicalData\kagglechallenge\Dermnet\train/Tinea Ringworm Candidiasis and other Fungal Infections/tinea-groin-85.jpg
18,E:\MedicalData\kagglechallenge\Dermnet\train/Tinea Ringworm Candidiasis and other Fungal Infections/tinea-groin-86.jpg
18,E:\MedicalData\kagglechallenge\Dermnet\train/Tinea Ringworm Candidiasis and other Fungal Infections/tinea-groin-88.jpg
18,E:\MedicalData\kagglechallenge\Dermnet\train/Tinea Ringworm Candidiasis and other Fungal Infections/tinea-groin-89.jpg
18,E:\MedicalData\kagglechallenge\Dermnet\train/Tinea Ringworm Candidiasis and other Fungal Infections/tinea-groin-90.jpg
18,E:\MedicalData\kagglechallenge\Dermnet\train/Tinea Ringworm Candidiasis and other Fungal Infections/tinea-groin-91.jpg
18,E:\MedicalData\kagglechallenge\Dermnet\train/Tinea Ringworm Candidiasis and other Fungal Infections/tinea-groin-94.jpg
18,E:\MedicalData\kagglechallenge\Dermnet\train/Tinea Ringworm Candidiasis and other Fungal Infections/tinea-groin-96.jpg
18,E:\MedicalData\kagglechallenge\Dermnet\train/Tinea Ringworm Candidiasis and other Fungal Infections/tinea-groin-98.jpg
18,E:\MedicalData\kagglechallenge\Dermnet\train/Tinea Ringworm Candidiasis and other Fungal Infections/tinea-groin-99.jpg
18,E:\MedicalData\kagglechallenge\Dermnet\train/Tinea Ringworm Candidiasis and other Fungal Infections/tinea-hand-dorsum-1.jpg
18,E:\MedicalData\kagglechallenge\Dermnet\train/Tinea Ringworm Candidiasis and other Fungal Infections/tinea-hand-dorsum-11.jpg
18,E:\MedicalData\kagglechallenge\Dermnet\train/Tinea Ringworm Candidiasis and other Fungal Infections/tinea-hand-dorsum-12.jpg
18,E:\MedicalData\kagglechallenge\Dermnet\train/Tinea Ringworm Candidiasis and other Fungal Infections/tinea-hand-dorsum-13.jpg
18,E:\MedicalData\kagglechallenge\Dermnet\train/Tinea Ringworm Candidiasis and other Fungal Infections/tinea-hand-dorsum-15.jpg
18,E:\MedicalData\kagglechallenge\Dermnet\train/Tinea Ringworm Candidiasis and other Fungal Infections/tinea-hand-dorsum-16.jpg
18,E:\MedicalData\kagglechallenge\Dermnet\train/Tinea Ringworm Candidiasis and other Fungal Infections/tinea-hand-dorsum-18.jpg
18,E:\MedicalData\kagglechallenge\Dermnet\train/Tinea Ringworm Candidiasis and other Fungal Infections/tinea-hand-dorsum-19.jpg
18,E:\MedicalData\kagglechallenge\Dermnet\train/Tinea Ringworm Candidiasis and other Fungal Infections/tinea-hand-dorsum-2.jpg
18,E:\MedicalData\kagglechallenge\Dermnet\train/Tinea Ringworm Candidiasis and other Fungal Infections/tinea-hand-dorsum-20.jpg
18,E:\MedicalData\kagglechallenge\Dermnet\train/Tinea Ringworm Candidiasis and other Fungal Infections/tinea-hand-dorsum-22.jpg
18,E:\MedicalData\kagglechallenge\Dermnet\train/Tinea Ringworm Candidiasis and other Fungal Infections/tinea-hand-dorsum-23.jpg
18,E:\MedicalData\kagglechallenge\Dermnet\train/Tinea Ringworm Candidiasis and other Fungal Infections/tinea-hand-dorsum-24.jpg
18,E:\MedicalData\kagglechallenge\Dermnet\train/Tinea Ringworm Candidiasis and other Fungal Infections/tinea-hand-dorsum-26.jpg
18,E:\MedicalData\kagglechallenge\Dermnet\train/Tinea Ringworm Candidiasis and other Fungal Infections/tinea-hand-dorsum-3.jpg
18,E:\MedicalData\kagglechallenge\Dermnet\train/Tinea Ringworm Candidiasis and other Fungal Infections/tinea-hand-dorsum-30.jpg
18,E:\MedicalData\kagglechallenge\Dermnet\train/Tinea Ringworm Candidiasis and other Fungal Infections/tinea-hand-dorsum-31.jpg
18,E:\MedicalData\kagglechallenge\Dermnet\train/Tinea Ringworm Candidiasis and other Fungal Infections/tinea-hand-dorsum-32.jpg
18,E:\MedicalData\kagglechallenge\Dermnet\train/Tinea Ringworm Candidiasis and other Fungal Infections/tinea-hand-dorsum-35.jpg
18,E:\MedicalData\kagglechallenge\Dermnet\train/Tinea Ringworm Candidiasis and other Fungal Infections/tinea-hand-dorsum-37.jpg
18,E:\MedicalData\kagglechallenge\Dermnet\train/Tinea Ringworm Candidiasis and other Fungal Infections/tinea-hand-dorsum-39.jpg
18,E:\MedicalData\kagglechallenge\Dermnet\train/Tinea Ringworm Candidiasis and other Fungal Infections/tinea-hand-dorsum-4.jpg
18,E:\MedicalData\kagglechallenge\Dermnet\train/Tinea Ringworm Candidiasis and other Fungal Infections/tinea-hand-dorsum-40.jpg
18,E:\MedicalData\kagglechallenge\Dermnet\train/Tinea Ringworm Candidiasis and other Fungal Infections/tinea-hand-dorsum-41.jpg
18,E:\MedicalData\kagglechallenge\Dermnet\train/Tinea Ringworm Candidiasis and other Fungal Infections/tinea-hand-dorsum-42.jpg
18,E:\MedicalData\kagglechallenge\Dermnet\train/Tinea Ringworm Candidiasis and other Fungal Infections/tinea-hand-dorsum-43.jpg
18,E:\MedicalData\kagglechallenge\Dermnet\train/Tinea Ringworm Candidiasis and other Fungal Infections/tinea-hand-dorsum-44.jpg
18,E:\MedicalData\kagglechallenge\Dermnet\train/Tinea Ringworm Candidiasis and other Fungal Infections/tinea-hand-dorsum-45.jpg
18,E:\MedicalData\kagglechallenge\Dermnet\train/Tinea Ringworm Candidiasis and other Fungal Infections/tinea-hand-dorsum-46.jpg
18,E:\MedicalData\kagglechallenge\Dermnet\train/Tinea Ringworm Candidiasis and other Fungal Infections/tinea-hand-dorsum-49.jpg
18,E:\MedicalData\kagglechallenge\Dermnet\train/Tinea Ringworm Candidiasis and other Fungal Infections/tinea-hand-dorsum-5.jpg
18,E:\MedicalData\kagglechallenge\Dermnet\train/Tinea Ringworm Candidiasis and other Fungal Infections/tinea-hand-dorsum-50.jpg
18,E:\MedicalData\kagglechallenge\Dermnet\train/Tinea Ringworm Candidiasis and other Fungal Infections/tinea-hand-dorsum-51.jpg
18,E:\MedicalData\kagglechallenge\Dermnet\train/Tinea Ringworm Candidiasis and other Fungal Infections/tinea-hand-dorsum-52.jpg
18,E:\MedicalData\kagglechallenge\Dermnet\train/Tinea Ringworm Candidiasis and other Fungal Infections/tinea-hand-dorsum-53.jpg
18,E:\MedicalData\kagglechallenge\Dermnet\train/Tinea Ringworm Candidiasis and other Fungal Infections/tinea-hand-dorsum-55.jpg
18,E:\MedicalData\kagglechallenge\Dermnet\train/Tinea Ringworm Candidiasis and other Fungal Infections/tinea-hand-dorsum-56.jpg
18,E:\MedicalData\kagglechallenge\Dermnet\train/Tinea Ringworm Candidiasis and other Fungal Infections/tinea-hand-dorsum-57.jpg
18,E:\MedicalData\kagglechallenge\Dermnet\train/Tinea Ringworm Candidiasis and other Fungal Infections/tinea-hand-dorsum-59.jpg
18,E:\MedicalData\kagglechallenge\Dermnet\train/Tinea Ringworm Candidiasis and other Fungal Infections/tinea-hand-dorsum-61.jpg
18,E:\MedicalData\kagglechallenge\Dermnet\train/Tinea Ringworm Candidiasis and other Fungal Infections/tinea-hand-dorsum-63.jpg
18,E:\MedicalData\kagglechallenge\Dermnet\train/Tinea Ringworm Candidiasis and other Fungal Infections/tinea-hand-dorsum-64.jpg
18,E:\MedicalData\kagglechallenge\Dermnet\train/Tinea Ringworm Candidiasis and other Fungal Infections/tinea-hand-dorsum-65.jpg
18,E:\MedicalData\kagglechallenge\Dermnet\train/Tinea Ringworm Candidiasis and other Fungal Infections/tinea-hand-dorsum-66.jpg
18,E:\MedicalData\kagglechallenge\Dermnet\train/Tinea Ringworm Candidiasis and other Fungal Infections/tinea-hand-dorsum-67.jpg
18,E:\MedicalData\kagglechallenge\Dermnet\train/Tinea Ringworm Candidiasis and other Fungal Infections/tinea-hand-dorsum-7.jpg
18,E:\MedicalData\kagglechallenge\Dermnet\train/Tinea Ringworm Candidiasis and other Fungal Infections/tinea-hand-dorsum-8.jpg
18,E:\MedicalData\kagglechallenge\Dermnet\train/Tinea Ringworm Candidiasis and other Fungal Infections/tinea-incognito-1.jpg
18,E:\MedicalData\kagglechallenge\Dermnet\train/Tinea Ringworm Candidiasis and other Fungal Infections/tinea-incognito-10.jpg
18,E:\MedicalData\kagglechallenge\Dermnet\train/Tinea Ringworm Candidiasis and other Fungal Infections/tinea-incognito-13.jpg
18,E:\MedicalData\kagglechallenge\Dermnet\train/Tinea Ringworm Candidiasis and other Fungal Infections/tinea-incognito-14.jpg
18,E:\MedicalData\kagglechallenge\Dermnet\train/Tinea Ringworm Candidiasis and other Fungal Infections/tinea-incognito-15.jpg
18,E:\MedicalData\kagglechallenge\Dermnet\train/Tinea Ringworm Candidiasis and other Fungal Infections/tinea-incognito-16.jpg
18,E:\MedicalData\kagglechallenge\Dermnet\train/Tinea Ringworm Candidiasis and other Fungal Infections/tinea-incognito-18.jpg
18,E:\MedicalData\kagglechallenge\Dermnet\train/Tinea Ringworm Candidiasis and other Fungal Infections/tinea-incognito-19.jpg
18,E:\MedicalData\kagglechallenge\Dermnet\train/Tinea Ringworm Candidiasis and other Fungal Infections/tinea-incognito-20.jpg
18,E:\MedicalData\kagglechallenge\Dermnet\train/Tinea Ringworm Candidiasis and other Fungal Infections/tinea-incognito-21.jpg
18,E:\MedicalData\kagglechallenge\Dermnet\train/Tinea Ringworm Candidiasis and other Fungal Infections/tinea-incognito-23.jpg
18,E:\MedicalData\kagglechallenge\Dermnet\train/Tinea Ringworm Candidiasis and other Fungal Infections/tinea-incognito-24.jpg
18,E:\MedicalData\kagglechallenge\Dermnet\train/Tinea Ringworm Candidiasis and other Fungal Infections/tinea-incognito-25.jpg
18,E:\MedicalData\kagglechallenge\Dermnet\train/Tinea Ringworm Candidiasis and other Fungal Infections/tinea-incognito-28.jpg
18,E:\MedicalData\kagglechallenge\Dermnet\train/Tinea Ringworm Candidiasis and other Fungal Infections/tinea-incognito-29.jpg
18,E:\MedicalData\kagglechallenge\Dermnet\train/Tinea Ringworm Candidiasis and other Fungal Infections/tinea-incognito-3.jpg
18,E:\MedicalData\kagglechallenge\Dermnet\train/Tinea Ringworm Candidiasis and other Fungal Infections/tinea-incognito-30.jpg
18,E:\MedicalData\kagglechallenge\Dermnet\train/Tinea Ringworm Candidiasis and other Fungal Infections/tinea-incognito-31.jpg
18,E:\MedicalData\kagglechallenge\Dermnet\train/Tinea Ringworm Candidiasis and other Fungal Infections/tinea-incognito-33.jpg
18,E:\MedicalData\kagglechallenge\Dermnet\train/Tinea Ringworm Candidiasis and other Fungal Infections/tinea-incognito-34.jpg
18,E:\MedicalData\kagglechallenge\Dermnet\train/Tinea Ringworm Candidiasis and other Fungal Infections/tinea-incognito-35.jpg
18,E:\MedicalData\kagglechallenge\Dermnet\train/Tinea Ringworm Candidiasis and other Fungal Infections/tinea-incognito-36.jpg
18,E:\MedicalData\kagglechallenge\Dermnet\train/Tinea Ringworm Candidiasis and other Fungal Infections/tinea-incognito-37.jpg
18,E:\MedicalData\kagglechallenge\Dermnet\train/Tinea Ringworm Candidiasis and other Fungal Infections/tinea-incognito-39.jpg
18,E:\MedicalData\kagglechallenge\Dermnet\train/Tinea Ringworm Candidiasis and other Fungal Infections/tinea-incognito-40.jpg
18,E:\MedicalData\kagglechallenge\Dermnet\train/Tinea Ringworm Candidiasis and other Fungal Infections/tinea-incognito-42.jpg
18,E:\MedicalData\kagglechallenge\Dermnet\train/Tinea Ringworm Candidiasis and other Fungal Infections/tinea-incognito-43.jpg
18,E:\MedicalData\kagglechallenge\Dermnet\train/Tinea Ringworm Candidiasis and other Fungal Infections/tinea-incognito-44.jpg
18,E:\MedicalData\kagglechallenge\Dermnet\train/Tinea Ringworm Candidiasis and other Fungal Infections/tinea-incognito-46.jpg
18,E:\MedicalData\kagglechallenge\Dermnet\train/Tinea Ringworm Candidiasis and other Fungal Infections/tinea-incognito-48.jpg
18,E:\MedicalData\kagglechallenge\Dermnet\train/Tinea Ringworm Candidiasis and other Fungal Infections/tinea-incognito-50.jpg
18,E:\MedicalData\kagglechallenge\Dermnet\train/Tinea Ringworm Candidiasis and other Fungal Infections/tinea-incognito-51.jpg
18,E:\MedicalData\kagglechallenge\Dermnet\train/Tinea Ringworm Candidiasis and other Fungal Infections/tinea-incognito-53.jpg
18,E:\MedicalData\kagglechallenge\Dermnet\train/Tinea Ringworm Candidiasis and other Fungal Infections/tinea-incognito-55.jpg
18,E:\MedicalData\kagglechallenge\Dermnet\train/Tinea Ringworm Candidiasis and other Fungal Infections/tinea-incognito-56.jpg
18,E:\MedicalData\kagglechallenge\Dermnet\train/Tinea Ringworm Candidiasis and other Fungal Infections/tinea-incognito-58.jpg
18,E:\MedicalData\kagglechallenge\Dermnet\train/Tinea Ringworm Candidiasis and other Fungal Infections/tinea-incognito-6.jpg
18,E:\MedicalData\kagglechallenge\Dermnet\train/Tinea Ringworm Candidiasis and other Fungal Infections/tinea-incognito-60.jpg
18,E:\MedicalData\kagglechallenge\Dermnet\train/Tinea Ringworm Candidiasis and other Fungal Infections/tinea-incognito-61.jpg
18,E:\MedicalData\kagglechallenge\Dermnet\train/Tinea Ringworm Candidiasis and other Fungal Infections/tinea-incognito-62.jpg
18,E:\MedicalData\kagglechallenge\Dermnet\train/Tinea Ringworm Candidiasis and other Fungal Infections/tinea-incognito-63.jpg
18,E:\MedicalData\kagglechallenge\Dermnet\train/Tinea Ringworm Candidiasis and other Fungal Infections/tinea-incognito-64.jpg
18,E:\MedicalData\kagglechallenge\Dermnet\train/Tinea Ringworm Candidiasis and other Fungal Infections/tinea-incognito-7.jpg
18,E:\MedicalData\kagglechallenge\Dermnet\train/Tinea Ringworm Candidiasis and other Fungal Infections/tinea-incognito-9.jpg
18,E:\MedicalData\kagglechallenge\Dermnet\train/Tinea Ringworm Candidiasis and other Fungal Infections/tinea-laboratory-1.jpg
18,E:\MedicalData\kagglechallenge\Dermnet\train/Tinea Ringworm Candidiasis and other Fungal Infections/tinea-laboratory-10.jpg
18,E:\MedicalData\kagglechallenge\Dermnet\train/Tinea Ringworm Candidiasis and other Fungal Infections/tinea-laboratory-11.jpg
18,E:\MedicalData\kagglechallenge\Dermnet\train/Tinea Ringworm Candidiasis and other Fungal Infections/tinea-laboratory-12.jpg
18,E:\MedicalData\kagglechallenge\Dermnet\train/Tinea Ringworm Candidiasis and other Fungal Infections/tinea-laboratory-13.jpg
18,E:\MedicalData\kagglechallenge\Dermnet\train/Tinea Ringworm Candidiasis and other Fungal Infections/tinea-laboratory-15.jpg
18,E:\MedicalData\kagglechallenge\Dermnet\train/Tinea Ringworm Candidiasis and other Fungal Infections/tinea-laboratory-16.jpg
18,E:\MedicalData\kagglechallenge\Dermnet\train/Tinea Ringworm Candidiasis and other Fungal Infections/tinea-laboratory-18.jpg
18,E:\MedicalData\kagglechallenge\Dermnet\train/Tinea Ringworm Candidiasis and other Fungal Infections/tinea-laboratory-19.jpg
18,E:\MedicalData\kagglechallenge\Dermnet\train/Tinea Ringworm Candidiasis and other Fungal Infections/tinea-laboratory-2.jpg
18,E:\MedicalData\kagglechallenge\Dermnet\train/Tinea Ringworm Candidiasis and other Fungal Infections/tinea-laboratory-20.jpg
18,E:\MedicalData\kagglechallenge\Dermnet\train/Tinea Ringworm Candidiasis and other Fungal Infections/tinea-laboratory-22.jpg
18,E:\MedicalData\kagglechallenge\Dermnet\train/Tinea Ringworm Candidiasis and other Fungal Infections/tinea-laboratory-23.jpg
18,E:\MedicalData\kagglechallenge\Dermnet\train/Tinea Ringworm Candidiasis and other Fungal Infections/tinea-laboratory-26.jpg
18,E:\MedicalData\kagglechallenge\Dermnet\train/Tinea Ringworm Candidiasis and other Fungal Infections/tinea-laboratory-27.jpg
18,E:\MedicalData\kagglechallenge\Dermnet\train/Tinea Ringworm Candidiasis and other Fungal Infections/tinea-laboratory-28.jpg
18,E:\MedicalData\kagglechallenge\Dermnet\train/Tinea Ringworm Candidiasis and other Fungal Infections/tinea-laboratory-29.jpg
18,E:\MedicalData\kagglechallenge\Dermnet\train/Tinea Ringworm Candidiasis and other Fungal Infections/tinea-laboratory-3.jpg
18,E:\MedicalData\kagglechallenge\Dermnet\train/Tinea Ringworm Candidiasis and other Fungal Infections/tinea-laboratory-30.jpg
18,E:\MedicalData\kagglechallenge\Dermnet\train/Tinea Ringworm Candidiasis and other Fungal Infections/tinea-laboratory-31.jpg
18,E:\MedicalData\kagglechallenge\Dermnet\train/Tinea Ringworm Candidiasis and other Fungal Infections/tinea-laboratory-32.jpg
18,E:\MedicalData\kagglechallenge\Dermnet\train/Tinea Ringworm Candidiasis and other Fungal Infections/tinea-laboratory-34.jpg
18,E:\MedicalData\kagglechallenge\Dermnet\train/Tinea Ringworm Candidiasis and other Fungal Infections/tinea-laboratory-36.jpg
18,E:\MedicalData\kagglechallenge\Dermnet\train/Tinea Ringworm Candidiasis and other Fungal Infections/tinea-laboratory-37.jpg
18,E:\MedicalData\kagglechallenge\Dermnet\train/Tinea Ringworm Candidiasis and other Fungal Infections/tinea-laboratory-38.jpg
18,E:\MedicalData\kagglechallenge\Dermnet\train/Tinea Ringworm Candidiasis and other Fungal Infections/tinea-laboratory-39.jpg
18,E:\MedicalData\kagglechallenge\Dermnet\train/Tinea Ringworm Candidiasis and other Fungal Infections/tinea-laboratory-4.jpg
18,E:\MedicalData\kagglechallenge\Dermnet\train/Tinea Ringworm Candidiasis and other Fungal Infections/tinea-laboratory-40.jpg
18,E:\MedicalData\kagglechallenge\Dermnet\train/Tinea Ringworm Candidiasis and other Fungal Infections/tinea-laboratory-41.jpg
18,E:\MedicalData\kagglechallenge\Dermnet\train/Tinea Ringworm Candidiasis and other Fungal Infections/tinea-laboratory-42.jpg
18,E:\MedicalData\kagglechallenge\Dermnet\train/Tinea Ringworm Candidiasis and other Fungal Infections/tinea-laboratory-43.jpg
18,E:\MedicalData\kagglechallenge\Dermnet\train/Tinea Ringworm Candidiasis and other Fungal Infections/tinea-laboratory-44.jpg
18,E:\MedicalData\kagglechallenge\Dermnet\train/Tinea Ringworm Candidiasis and other Fungal Infections/tinea-laboratory-45.jpg
18,E:\MedicalData\kagglechallenge\Dermnet\train/Tinea Ringworm Candidiasis and other Fungal Infections/tinea-laboratory-47.jpg
18,E:\MedicalData\kagglechallenge\Dermnet\train/Tinea Ringworm Candidiasis and other Fungal Infections/tinea-laboratory-49.jpg
18,E:\MedicalData\kagglechallenge\Dermnet\train/Tinea Ringworm Candidiasis and other Fungal Infections/tinea-laboratory-5.jpg
18,E:\MedicalData\kagglechallenge\Dermnet\train/Tinea Ringworm Candidiasis and other Fungal Infections/tinea-laboratory-50.jpg
18,E:\MedicalData\kagglechallenge\Dermnet\train/Tinea Ringworm Candidiasis and other Fungal Infections/tinea-laboratory-54.jpg
18,E:\MedicalData\kagglechallenge\Dermnet\train/Tinea Ringworm Candidiasis and other Fungal Infections/tinea-laboratory-57.jpg
18,E:\MedicalData\kagglechallenge\Dermnet\train/Tinea Ringworm Candidiasis and other Fungal Infections/tinea-laboratory-59.jpg
18,E:\MedicalData\kagglechallenge\Dermnet\train/Tinea Ringworm Candidiasis and other Fungal Infections/tinea-laboratory-6.jpg
18,E:\MedicalData\kagglechallenge\Dermnet\train/Tinea Ringworm Candidiasis and other Fungal Infections/tinea-laboratory-60.jpg
18,E:\MedicalData\kagglechallenge\Dermnet\train/Tinea Ringworm Candidiasis and other Fungal Infections/tinea-laboratory-61.jpg
18,E:\MedicalData\kagglechallenge\Dermnet\train/Tinea Ringworm Candidiasis and other Fungal Infections/tinea-laboratory-62.jpg
18,E:\MedicalData\kagglechallenge\Dermnet\train/Tinea Ringworm Candidiasis and other Fungal Infections/tinea-laboratory-63.jpg
18,E:\MedicalData\kagglechallenge\Dermnet\train/Tinea Ringworm Candidiasis and other Fungal Infections/tinea-laboratory-64.jpg
18,E:\MedicalData\kagglechallenge\Dermnet\train/Tinea Ringworm Candidiasis and other Fungal Infections/tinea-laboratory-65.jpg
18,E:\MedicalData\kagglechallenge\Dermnet\train/Tinea Ringworm Candidiasis and other Fungal Infections/tinea-laboratory-66.jpg
18,E:\MedicalData\kagglechallenge\Dermnet\train/Tinea Ringworm Candidiasis and other Fungal Infections/tinea-laboratory-67.jpg
18,E:\MedicalData\kagglechallenge\Dermnet\train/Tinea Ringworm Candidiasis and other Fungal Infections/tinea-laboratory-68.jpg
18,E:\MedicalData\kagglechallenge\Dermnet\train/Tinea Ringworm Candidiasis and other Fungal Infections/tinea-laboratory-69.jpg
18,E:\MedicalData\kagglechallenge\Dermnet\train/Tinea Ringworm Candidiasis and other Fungal Infections/tinea-laboratory-7.jpg
18,E:\MedicalData\kagglechallenge\Dermnet\train/Tinea Ringworm Candidiasis and other Fungal Infections/tinea-laboratory-70.jpg
18,E:\MedicalData\kagglechallenge\Dermnet\train/Tinea Ringworm Candidiasis and other Fungal Infections/tinea-laboratory-71.jpg
18,E:\MedicalData\kagglechallenge\Dermnet\train/Tinea Ringworm Candidiasis and other Fungal Infections/tinea-laboratory-72.jpg
18,E:\MedicalData\kagglechallenge\Dermnet\train/Tinea Ringworm Candidiasis and other Fungal Infections/tinea-laboratory-73.jpg
18,E:\MedicalData\kagglechallenge\Dermnet\train/Tinea Ringworm Candidiasis and other Fungal Infections/tinea-laboratory-74.jpg
18,E:\MedicalData\kagglechallenge\Dermnet\train/Tinea Ringworm Candidiasis and other Fungal Infections/tinea-laboratory-75.jpg
18,E:\MedicalData\kagglechallenge\Dermnet\train/Tinea Ringworm Candidiasis and other Fungal Infections/tinea-laboratory-76.jpg
18,E:\MedicalData\kagglechallenge\Dermnet\train/Tinea Ringworm Candidiasis and other Fungal Infections/tinea-laboratory-8.jpg
18,E:\MedicalData\kagglechallenge\Dermnet\train/Tinea Ringworm Candidiasis and other Fungal Infections/tinea-laboratory-9.jpg
18,E:\MedicalData\kagglechallenge\Dermnet\train/Tinea Ringworm Candidiasis and other Fungal Infections/tinea-nigra-1.jpg
18,E:\MedicalData\kagglechallenge\Dermnet\train/Tinea Ringworm Candidiasis and other Fungal Infections/tinea-nigra-2.jpg
18,E:\MedicalData\kagglechallenge\Dermnet\train/Tinea Ringworm Candidiasis and other Fungal Infections/tinea-nigra-3.jpg
18,E:\MedicalData\kagglechallenge\Dermnet\train/Tinea Ringworm Candidiasis and other Fungal Infections/tinea-nigra-4.jpg
18,E:\MedicalData\kagglechallenge\Dermnet\train/Tinea Ringworm Candidiasis and other Fungal Infections/tinea-palm-11.jpg
18,E:\MedicalData\kagglechallenge\Dermnet\train/Tinea Ringworm Candidiasis and other Fungal Infections/tinea-palm-12.jpg
18,E:\MedicalData\kagglechallenge\Dermnet\train/Tinea Ringworm Candidiasis and other Fungal Infections/tinea-palm-13.jpg
18,E:\MedicalData\kagglechallenge\Dermnet\train/Tinea Ringworm Candidiasis and other Fungal Infections/tinea-palm-14.jpg
18,E:\MedicalData\kagglechallenge\Dermnet\train/Tinea Ringworm Candidiasis and other Fungal Infections/tinea-palm-15.jpg
18,E:\MedicalData\kagglechallenge\Dermnet\train/Tinea Ringworm Candidiasis and other Fungal Infections/tinea-palm-16.jpg
18,E:\MedicalData\kagglechallenge\Dermnet\train/Tinea Ringworm Candidiasis and other Fungal Infections/tinea-palm-17.jpg
18,E:\MedicalData\kagglechallenge\Dermnet\train/Tinea Ringworm Candidiasis and other Fungal Infections/tinea-palm-18.jpg
18,E:\MedicalData\kagglechallenge\Dermnet\train/Tinea Ringworm Candidiasis and other Fungal Infections/tinea-palm-19.jpg
18,E:\MedicalData\kagglechallenge\Dermnet\train/Tinea Ringworm Candidiasis and other Fungal Infections/tinea-palm-20.jpg
18,E:\MedicalData\kagglechallenge\Dermnet\train/Tinea Ringworm Candidiasis and other Fungal Infections/tinea-palm-21.jpg
18,E:\MedicalData\kagglechallenge\Dermnet\train/Tinea Ringworm Candidiasis and other Fungal Infections/tinea-palm-22.jpg
18,E:\MedicalData\kagglechallenge\Dermnet\train/Tinea Ringworm Candidiasis and other Fungal Infections/tinea-palm-23.jpg
18,E:\MedicalData\kagglechallenge\Dermnet\train/Tinea Ringworm Candidiasis and other Fungal Infections/tinea-palm-24.jpg
18,E:\MedicalData\kagglechallenge\Dermnet\train/Tinea Ringworm Candidiasis and other Fungal Infections/tinea-palm-27.jpg
18,E:\MedicalData\kagglechallenge\Dermnet\train/Tinea Ringworm Candidiasis and other Fungal Infections/tinea-palm-28.jpg
18,E:\MedicalData\kagglechallenge\Dermnet\train/Tinea Ringworm Candidiasis and other Fungal Infections/tinea-palm-29.jpg
18,E:\MedicalData\kagglechallenge\Dermnet\train/Tinea Ringworm Candidiasis and other Fungal Infections/tinea-palm-3.jpg
18,E:\MedicalData\kagglechallenge\Dermnet\train/Tinea Ringworm Candidiasis and other Fungal Infections/tinea-palm-30.jpg
18,E:\MedicalData\kagglechallenge\Dermnet\train/Tinea Ringworm Candidiasis and other Fungal Infections/tinea-palm-32.jpg
18,E:\MedicalData\kagglechallenge\Dermnet\train/Tinea Ringworm Candidiasis and other Fungal Infections/tinea-palm-33.jpg
18,E:\MedicalData\kagglechallenge\Dermnet\train/Tinea Ringworm Candidiasis and other Fungal Infections/tinea-palm-34.jpg
18,E:\MedicalData\kagglechallenge\Dermnet\train/Tinea Ringworm Candidiasis and other Fungal Infections/tinea-palm-35.jpg
18,E:\MedicalData\kagglechallenge\Dermnet\train/Tinea Ringworm Candidiasis and other Fungal Infections/tinea-palm-36.jpg
18,E:\MedicalData\kagglechallenge\Dermnet\train/Tinea Ringworm Candidiasis and other Fungal Infections/tinea-palm-37.jpg
18,E:\MedicalData\kagglechallenge\Dermnet\train/Tinea Ringworm Candidiasis and other Fungal Infections/tinea-palm-38.jpg
18,E:\MedicalData\kagglechallenge\Dermnet\train/Tinea Ringworm Candidiasis and other Fungal Infections/tinea-palm-39.jpg
18,E:\MedicalData\kagglechallenge\Dermnet\train/Tinea Ringworm Candidiasis and other Fungal Infections/tinea-palm-4.jpg
18,E:\MedicalData\kagglechallenge\Dermnet\train/Tinea Ringworm Candidiasis and other Fungal Infections/tinea-palm-40.jpg
18,E:\MedicalData\kagglechallenge\Dermnet\train/Tinea Ringworm Candidiasis and other Fungal Infections/tinea-palm-41.jpg
18,E:\MedicalData\kagglechallenge\Dermnet\train/Tinea Ringworm Candidiasis and other Fungal Infections/tinea-palm-42.jpg
18,E:\MedicalData\kagglechallenge\Dermnet\train/Tinea Ringworm Candidiasis and other Fungal Infections/tinea-palm-43.jpg
18,E:\MedicalData\kagglechallenge\Dermnet\train/Tinea Ringworm Candidiasis and other Fungal Infections/tinea-palm-44.jpg
18,E:\MedicalData\kagglechallenge\Dermnet\train/Tinea Ringworm Candidiasis and other Fungal Infections/tinea-palm-45.jpg
18,E:\MedicalData\kagglechallenge\Dermnet\train/Tinea Ringworm Candidiasis and other Fungal Infections/tinea-palm-48.jpg
18,E:\MedicalData\kagglechallenge\Dermnet\train/Tinea Ringworm Candidiasis and other Fungal Infections/tinea-palm-49.jpg
18,E:\MedicalData\kagglechallenge\Dermnet\train/Tinea Ringworm Candidiasis and other Fungal Infections/tinea-palm-50.jpg
18,E:\MedicalData\kagglechallenge\Dermnet\train/Tinea Ringworm Candidiasis and other Fungal Infections/tinea-palm-6.jpg
18,E:\MedicalData\kagglechallenge\Dermnet\train/Tinea Ringworm Candidiasis and other Fungal Infections/tinea-palm-8.jpg
18,E:\MedicalData\kagglechallenge\Dermnet\train/Tinea Ringworm Candidiasis and other Fungal Infections/tinea-palm-9.jpg
18,E:\MedicalData\kagglechallenge\Dermnet\train/Tinea Ringworm Candidiasis and other Fungal Infections/tinea-primary-lesion-1.jpg
18,E:\MedicalData\kagglechallenge\Dermnet\train/Tinea Ringworm Candidiasis and other Fungal Infections/tinea-primary-lesion-10.jpg
18,E:\MedicalData\kagglechallenge\Dermnet\train/Tinea Ringworm Candidiasis and other Fungal Infections/tinea-primary-lesion-11.jpg
18,E:\MedicalData\kagglechallenge\Dermnet\train/Tinea Ringworm Candidiasis and other Fungal Infections/tinea-primary-lesion-12.jpg
18,E:\MedicalData\kagglechallenge\Dermnet\train/Tinea Ringworm Candidiasis and other Fungal Infections/tinea-primary-lesion-13.jpg
18,E:\MedicalData\kagglechallenge\Dermnet\train/Tinea Ringworm Candidiasis and other Fungal Infections/tinea-primary-lesion-14.jpg
18,E:\MedicalData\kagglechallenge\Dermnet\train/Tinea Ringworm Candidiasis and other Fungal Infections/tinea-primary-lesion-16.jpg
18,E:\MedicalData\kagglechallenge\Dermnet\train/Tinea Ringworm Candidiasis and other Fungal Infections/tinea-primary-lesion-17.jpg
18,E:\MedicalData\kagglechallenge\Dermnet\train/Tinea Ringworm Candidiasis and other Fungal Infections/tinea-primary-lesion-18.jpg
18,E:\MedicalData\kagglechallenge\Dermnet\train/Tinea Ringworm Candidiasis and other Fungal Infections/tinea-primary-lesion-19.jpg
18,E:\MedicalData\kagglechallenge\Dermnet\train/Tinea Ringworm Candidiasis and other Fungal Infections/tinea-primary-lesion-2.jpg
18,E:\MedicalData\kagglechallenge\Dermnet\train/Tinea Ringworm Candidiasis and other Fungal Infections/tinea-primary-lesion-22.jpg
18,E:\MedicalData\kagglechallenge\Dermnet\train/Tinea Ringworm Candidiasis and other Fungal Infections/tinea-primary-lesion-23.jpg
18,E:\MedicalData\kagglechallenge\Dermnet\train/Tinea Ringworm Candidiasis and other Fungal Infections/tinea-primary-lesion-24.jpg
18,E:\MedicalData\kagglechallenge\Dermnet\train/Tinea Ringworm Candidiasis and other Fungal Infections/tinea-primary-lesion-25.jpg
18,E:\MedicalData\kagglechallenge\Dermnet\train/Tinea Ringworm Candidiasis and other Fungal Infections/tinea-primary-lesion-26.jpg
18,E:\MedicalData\kagglechallenge\Dermnet\train/Tinea Ringworm Candidiasis and other Fungal Infections/tinea-primary-lesion-27.jpg
18,E:\MedicalData\kagglechallenge\Dermnet\train/Tinea Ringworm Candidiasis and other Fungal Infections/tinea-primary-lesion-28.jpg
18,E:\MedicalData\kagglechallenge\Dermnet\train/Tinea Ringworm Candidiasis and other Fungal Infections/tinea-primary-lesion-29.jpg
18,E:\MedicalData\kagglechallenge\Dermnet\train/Tinea Ringworm Candidiasis and other Fungal Infections/tinea-primary-lesion-3.jpg
18,E:\MedicalData\kagglechallenge\Dermnet\train/Tinea Ringworm Candidiasis and other Fungal Infections/tinea-primary-lesion-31.jpg
18,E:\MedicalData\kagglechallenge\Dermnet\train/Tinea Ringworm Candidiasis and other Fungal Infections/tinea-primary-lesion-32.jpg
18,E:\MedicalData\kagglechallenge\Dermnet\train/Tinea Ringworm Candidiasis and other Fungal Infections/tinea-primary-lesion-33.jpg
18,E:\MedicalData\kagglechallenge\Dermnet\train/Tinea Ringworm Candidiasis and other Fungal Infections/tinea-primary-lesion-35.jpg
18,E:\MedicalData\kagglechallenge\Dermnet\train/Tinea Ringworm Candidiasis and other Fungal Infections/tinea-primary-lesion-36.jpg
18,E:\MedicalData\kagglechallenge\Dermnet\train/Tinea Ringworm Candidiasis and other Fungal Infections/tinea-primary-lesion-37.jpg
18,E:\MedicalData\kagglechallenge\Dermnet\train/Tinea Ringworm Candidiasis and other Fungal Infections/tinea-primary-lesion-38.jpg
18,E:\MedicalData\kagglechallenge\Dermnet\train/Tinea Ringworm Candidiasis and other Fungal Infections/tinea-primary-lesion-4.jpg
18,E:\MedicalData\kagglechallenge\Dermnet\train/Tinea Ringworm Candidiasis and other Fungal Infections/tinea-primary-lesion-41.jpg
18,E:\MedicalData\kagglechallenge\Dermnet\train/Tinea Ringworm Candidiasis and other Fungal Infections/tinea-primary-lesion-43.jpg
18,E:\MedicalData\kagglechallenge\Dermnet\train/Tinea Ringworm Candidiasis and other Fungal Infections/tinea-primary-lesion-45.jpg
18,E:\MedicalData\kagglechallenge\Dermnet\train/Tinea Ringworm Candidiasis and other Fungal Infections/tinea-primary-lesion-46.jpg
18,E:\MedicalData\kagglechallenge\Dermnet\train/Tinea Ringworm Candidiasis and other Fungal Infections/tinea-primary-lesion-48.jpg
18,E:\MedicalData\kagglechallenge\Dermnet\train/Tinea Ringworm Candidiasis and other Fungal Infections/tinea-primary-lesion-49.jpg
18,E:\MedicalData\kagglechallenge\Dermnet\train/Tinea Ringworm Candidiasis and other Fungal Infections/tinea-primary-lesion-50.jpg
18,E:\MedicalData\kagglechallenge\Dermnet\train/Tinea Ringworm Candidiasis and other Fungal Infections/tinea-primary-lesion-51.jpg
18,E:\MedicalData\kagglechallenge\Dermnet\train/Tinea Ringworm Candidiasis and other Fungal Infections/tinea-primary-lesion-52.jpg
18,E:\MedicalData\kagglechallenge\Dermnet\train/Tinea Ringworm Candidiasis and other Fungal Infections/tinea-primary-lesion-53.jpg
18,E:\MedicalData\kagglechallenge\Dermnet\train/Tinea Ringworm Candidiasis and other Fungal Infections/tinea-primary-lesion-54.jpg
18,E:\MedicalData\kagglechallenge\Dermnet\train/Tinea Ringworm Candidiasis and other Fungal Infections/tinea-primary-lesion-57.jpg
18,E:\MedicalData\kagglechallenge\Dermnet\train/Tinea Ringworm Candidiasis and other Fungal Infections/tinea-primary-lesion-58.jpg
18,E:\MedicalData\kagglechallenge\Dermnet\train/Tinea Ringworm Candidiasis and other Fungal Infections/tinea-primary-lesion-59.jpg
18,E:\MedicalData\kagglechallenge\Dermnet\train/Tinea Ringworm Candidiasis and other Fungal Infections/tinea-primary-lesion-6.jpg
18,E:\MedicalData\kagglechallenge\Dermnet\train/Tinea Ringworm Candidiasis and other Fungal Infections/tinea-primary-lesion-60.jpg
18,E:\MedicalData\kagglechallenge\Dermnet\train/Tinea Ringworm Candidiasis and other Fungal Infections/tinea-primary-lesion-61.jpg
18,E:\MedicalData\kagglechallenge\Dermnet\train/Tinea Ringworm Candidiasis and other Fungal Infections/tinea-primary-lesion-62.jpg
18,E:\MedicalData\kagglechallenge\Dermnet\train/Tinea Ringworm Candidiasis and other Fungal Infections/tinea-primary-lesion-63.jpg
18,E:\MedicalData\kagglechallenge\Dermnet\train/Tinea Ringworm Candidiasis and other Fungal Infections/tinea-primary-lesion-64.jpg
18,E:\MedicalData\kagglechallenge\Dermnet\train/Tinea Ringworm Candidiasis and other Fungal Infections/tinea-primary-lesion-7.jpg
18,E:\MedicalData\kagglechallenge\Dermnet\train/Tinea Ringworm Candidiasis and other Fungal Infections/tinea-primary-lesion-8.jpg
18,E:\MedicalData\kagglechallenge\Dermnet\train/Tinea Ringworm Candidiasis and other Fungal Infections/tinea-primary-lesion-9.jpg
18,E:\MedicalData\kagglechallenge\Dermnet\train/Tinea Ringworm Candidiasis and other Fungal Infections/tinea-scalp-1.jpg
18,E:\MedicalData\kagglechallenge\Dermnet\train/Tinea Ringworm Candidiasis and other Fungal Infections/tinea-scalp-10.jpg
18,E:\MedicalData\kagglechallenge\Dermnet\train/Tinea Ringworm Candidiasis and other Fungal Infections/tinea-scalp-11.jpg
18,E:\MedicalData\kagglechallenge\Dermnet\train/Tinea Ringworm Candidiasis and other Fungal Infections/tinea-scalp-12.jpg
18,E:\MedicalData\kagglechallenge\Dermnet\train/Tinea Ringworm Candidiasis and other Fungal Infections/tinea-scalp-15.jpg
18,E:\MedicalData\kagglechallenge\Dermnet\train/Tinea Ringworm Candidiasis and other Fungal Infections/tinea-scalp-16.jpg
18,E:\MedicalData\kagglechallenge\Dermnet\train/Tinea Ringworm Candidiasis and other Fungal Infections/tinea-scalp-17.jpg
18,E:\MedicalData\kagglechallenge\Dermnet\train/Tinea Ringworm Candidiasis and other Fungal Infections/tinea-scalp-18.jpg
18,E:\MedicalData\kagglechallenge\Dermnet\train/Tinea Ringworm Candidiasis and other Fungal Infections/tinea-scalp-19.jpg
18,E:\MedicalData\kagglechallenge\Dermnet\train/Tinea Ringworm Candidiasis and other Fungal Infections/tinea-scalp-2.jpg
18,E:\MedicalData\kagglechallenge\Dermnet\train/Tinea Ringworm Candidiasis and other Fungal Infections/tinea-scalp-20.jpg
18,E:\MedicalData\kagglechallenge\Dermnet\train/Tinea Ringworm Candidiasis and other Fungal Infections/tinea-scalp-21.jpg
18,E:\MedicalData\kagglechallenge\Dermnet\train/Tinea Ringworm Candidiasis and other Fungal Infections/tinea-scalp-23.jpg
18,E:\MedicalData\kagglechallenge\Dermnet\train/Tinea Ringworm Candidiasis and other Fungal Infections/tinea-scalp-26.jpg
18,E:\MedicalData\kagglechallenge\Dermnet\train/Tinea Ringworm Candidiasis and other Fungal Infections/tinea-scalp-29.jpg
18,E:\MedicalData\kagglechallenge\Dermnet\train/Tinea Ringworm Candidiasis and other Fungal Infections/tinea-scalp-3.jpg
18,E:\MedicalData\kagglechallenge\Dermnet\train/Tinea Ringworm Candidiasis and other Fungal Infections/tinea-scalp-30.jpg
18,E:\MedicalData\kagglechallenge\Dermnet\train/Tinea Ringworm Candidiasis and other Fungal Infections/tinea-scalp-33.jpg
18,E:\MedicalData\kagglechallenge\Dermnet\train/Tinea Ringworm Candidiasis and other Fungal Infections/tinea-scalp-34.jpg
18,E:\MedicalData\kagglechallenge\Dermnet\train/Tinea Ringworm Candidiasis and other Fungal Infections/tinea-scalp-35.jpg
18,E:\MedicalData\kagglechallenge\Dermnet\train/Tinea Ringworm Candidiasis and other Fungal Infections/tinea-scalp-37.jpg
18,E:\MedicalData\kagglechallenge\Dermnet\train/Tinea Ringworm Candidiasis and other Fungal Infections/tinea-scalp-38.jpg
18,E:\MedicalData\kagglechallenge\Dermnet\train/Tinea Ringworm Candidiasis and other Fungal Infections/tinea-scalp-39.jpg
18,E:\MedicalData\kagglechallenge\Dermnet\train/Tinea Ringworm Candidiasis and other Fungal Infections/tinea-scalp-4.jpg
18,E:\MedicalData\kagglechallenge\Dermnet\train/Tinea Ringworm Candidiasis and other Fungal Infections/tinea-scalp-40.jpg
18,E:\MedicalData\kagglechallenge\Dermnet\train/Tinea Ringworm Candidiasis and other Fungal Infections/tinea-scalp-43.jpg
18,E:\MedicalData\kagglechallenge\Dermnet\train/Tinea Ringworm Candidiasis and other Fungal Infections/tinea-scalp-44.jpg
18,E:\MedicalData\kagglechallenge\Dermnet\train/Tinea Ringworm Candidiasis and other Fungal Infections/tinea-scalp-45.jpg
18,E:\MedicalData\kagglechallenge\Dermnet\train/Tinea Ringworm Candidiasis and other Fungal Infections/tinea-scalp-48.jpg
18,E:\MedicalData\kagglechallenge\Dermnet\train/Tinea Ringworm Candidiasis and other Fungal Infections/tinea-scalp-50.jpg
18,E:\MedicalData\kagglechallenge\Dermnet\train/Tinea Ringworm Candidiasis and other Fungal Infections/tinea-scalp-51.jpg
18,E:\MedicalData\kagglechallenge\Dermnet\train/Tinea Ringworm Candidiasis and other Fungal Infections/tinea-scalp-52.jpg
18,E:\MedicalData\kagglechallenge\Dermnet\train/Tinea Ringworm Candidiasis and other Fungal Infections/tinea-scalp-53.jpg
18,E:\MedicalData\kagglechallenge\Dermnet\train/Tinea Ringworm Candidiasis and other Fungal Infections/tinea-scalp-54.jpg
18,E:\MedicalData\kagglechallenge\Dermnet\train/Tinea Ringworm Candidiasis and other Fungal Infections/tinea-scalp-56.jpg
18,E:\MedicalData\kagglechallenge\Dermnet\train/Tinea Ringworm Candidiasis and other Fungal Infections/tinea-scalp-6.jpg
18,E:\MedicalData\kagglechallenge\Dermnet\train/Tinea Ringworm Candidiasis and other Fungal Infections/tinea-scalp-60.jpg
18,E:\MedicalData\kagglechallenge\Dermnet\train/Tinea Ringworm Candidiasis and other Fungal Infections/tinea-scalp-61.jpg
18,E:\MedicalData\kagglechallenge\Dermnet\train/Tinea Ringworm Candidiasis and other Fungal Infections/tinea-scalp-62.jpg
18,E:\MedicalData\kagglechallenge\Dermnet\train/Tinea Ringworm Candidiasis and other Fungal Infections/tinea-scalp-63.jpg
18,E:\MedicalData\kagglechallenge\Dermnet\train/Tinea Ringworm Candidiasis and other Fungal Infections/tinea-scalp-64.jpg
18,E:\MedicalData\kagglechallenge\Dermnet\train/Tinea Ringworm Candidiasis and other Fungal Infections/tinea-scalp-65.jpg
18,E:\MedicalData\kagglechallenge\Dermnet\train/Tinea Ringworm Candidiasis and other Fungal Infections/tinea-scalp-68.jpg
18,E:\MedicalData\kagglechallenge\Dermnet\train/Tinea Ringworm Candidiasis and other Fungal Infections/tinea-scalp-69.jpg
18,E:\MedicalData\kagglechallenge\Dermnet\train/Tinea Ringworm Candidiasis and other Fungal Infections/tinea-scalp-7.jpg
18,E:\MedicalData\kagglechallenge\Dermnet\train/Tinea Ringworm Candidiasis and other Fungal Infections/tinea-scalp-70.jpg
18,E:\MedicalData\kagglechallenge\Dermnet\train/Tinea Ringworm Candidiasis and other Fungal Infections/tinea-scalp-71.jpg
18,E:\MedicalData\kagglechallenge\Dermnet\train/Tinea Ringworm Candidiasis and other Fungal Infections/tinea-scalp-72.jpg
18,E:\MedicalData\kagglechallenge\Dermnet\train/Tinea Ringworm Candidiasis and other Fungal Infections/tinea-scalp-9.jpg
18,E:\MedicalData\kagglechallenge\Dermnet\train/Tinea Ringworm Candidiasis and other Fungal Infections/tinea-versicolor-100.jpg
18,E:\MedicalData\kagglechallenge\Dermnet\train/Tinea Ringworm Candidiasis and other Fungal Infections/tinea-versicolor-101.jpg
18,E:\MedicalData\kagglechallenge\Dermnet\train/Tinea Ringworm Candidiasis and other Fungal Infections/tinea-versicolor-102.jpg
18,E:\MedicalData\kagglechallenge\Dermnet\train/Tinea Ringworm Candidiasis and other Fungal Infections/tinea-versicolor-103.jpg
18,E:\MedicalData\kagglechallenge\Dermnet\train/Tinea Ringworm Candidiasis and other Fungal Infections/tinea-versicolor-104.jpg
18,E:\MedicalData\kagglechallenge\Dermnet\train/Tinea Ringworm Candidiasis and other Fungal Infections/tinea-versicolor-105.jpg
18,E:\MedicalData\kagglechallenge\Dermnet\train/Tinea Ringworm Candidiasis and other Fungal Infections/tinea-versicolor-107.jpg
18,E:\MedicalData\kagglechallenge\Dermnet\train/Tinea Ringworm Candidiasis and other Fungal Infections/tinea-versicolor-109.jpg
18,E:\MedicalData\kagglechallenge\Dermnet\train/Tinea Ringworm Candidiasis and other Fungal Infections/tinea-versicolor-110.jpg
18,E:\MedicalData\kagglechallenge\Dermnet\train/Tinea Ringworm Candidiasis and other Fungal Infections/tinea-versicolor-111.jpg
18,E:\MedicalData\kagglechallenge\Dermnet\train/Tinea Ringworm Candidiasis and other Fungal Infections/tinea-versicolor-112.jpg
18,E:\MedicalData\kagglechallenge\Dermnet\train/Tinea Ringworm Candidiasis and other Fungal Infections/tinea-versicolor-115.jpg
18,E:\MedicalData\kagglechallenge\Dermnet\train/Tinea Ringworm Candidiasis and other Fungal Infections/tinea-versicolor-116.jpg
18,E:\MedicalData\kagglechallenge\Dermnet\train/Tinea Ringworm Candidiasis and other Fungal Infections/tinea-versicolor-117.jpg
18,E:\MedicalData\kagglechallenge\Dermnet\train/Tinea Ringworm Candidiasis and other Fungal Infections/tinea-versicolor-119.jpg
18,E:\MedicalData\kagglechallenge\Dermnet\train/Tinea Ringworm Candidiasis and other Fungal Infections/tinea-versicolor-12.jpg
18,E:\MedicalData\kagglechallenge\Dermnet\train/Tinea Ringworm Candidiasis and other Fungal Infections/tinea-versicolor-120.jpg
18,E:\MedicalData\kagglechallenge\Dermnet\train/Tinea Ringworm Candidiasis and other Fungal Infections/tinea-versicolor-121.jpg
18,E:\MedicalData\kagglechallenge\Dermnet\train/Tinea Ringworm Candidiasis and other Fungal Infections/tinea-versicolor-122.jpg
18,E:\MedicalData\kagglechallenge\Dermnet\train/Tinea Ringworm Candidiasis and other Fungal Infections/tinea-versicolor-123.jpg
18,E:\MedicalData\kagglechallenge\Dermnet\train/Tinea Ringworm Candidiasis and other Fungal Infections/tinea-versicolor-125.jpg
18,E:\MedicalData\kagglechallenge\Dermnet\train/Tinea Ringworm Candidiasis and other Fungal Infections/tinea-versicolor-126.jpg
18,E:\MedicalData\kagglechallenge\Dermnet\train/Tinea Ringworm Candidiasis and other Fungal Infections/tinea-versicolor-128.jpg
18,E:\MedicalData\kagglechallenge\Dermnet\train/Tinea Ringworm Candidiasis and other Fungal Infections/tinea-versicolor-129.jpg
18,E:\MedicalData\kagglechallenge\Dermnet\train/Tinea Ringworm Candidiasis and other Fungal Infections/tinea-versicolor-13.jpg
18,E:\MedicalData\kagglechallenge\Dermnet\train/Tinea Ringworm Candidiasis and other Fungal Infections/tinea-versicolor-130.jpg
18,E:\MedicalData\kagglechallenge\Dermnet\train/Tinea Ringworm Candidiasis and other Fungal Infections/tinea-versicolor-131.jpg
18,E:\MedicalData\kagglechallenge\Dermnet\train/Tinea Ringworm Candidiasis and other Fungal Infections/tinea-versicolor-133.jpg
18,E:\MedicalData\kagglechallenge\Dermnet\train/Tinea Ringworm Candidiasis and other Fungal Infections/tinea-versicolor-134.jpg
18,E:\MedicalData\kagglechallenge\Dermnet\train/Tinea Ringworm Candidiasis and other Fungal Infections/tinea-versicolor-135.jpg
18,E:\MedicalData\kagglechallenge\Dermnet\train/Tinea Ringworm Candidiasis and other Fungal Infections/tinea-versicolor-138.jpg
18,E:\MedicalData\kagglechallenge\Dermnet\train/Tinea Ringworm Candidiasis and other Fungal Infections/tinea-versicolor-14.jpg
18,E:\MedicalData\kagglechallenge\Dermnet\train/Tinea Ringworm Candidiasis and other Fungal Infections/tinea-versicolor-140.jpg
18,E:\MedicalData\kagglechallenge\Dermnet\train/Tinea Ringworm Candidiasis and other Fungal Infections/tinea-versicolor-141.jpg
18,E:\MedicalData\kagglechallenge\Dermnet\train/Tinea Ringworm Candidiasis and other Fungal Infections/tinea-versicolor-142.jpg
18,E:\MedicalData\kagglechallenge\Dermnet\train/Tinea Ringworm Candidiasis and other Fungal Infections/tinea-versicolor-143.jpg
18,E:\MedicalData\kagglechallenge\Dermnet\train/Tinea Ringworm Candidiasis and other Fungal Infections/tinea-versicolor-144.jpg
18,E:\MedicalData\kagglechallenge\Dermnet\train/Tinea Ringworm Candidiasis and other Fungal Infections/tinea-versicolor-145.jpg
18,E:\MedicalData\kagglechallenge\Dermnet\train/Tinea Ringworm Candidiasis and other Fungal Infections/tinea-versicolor-146.jpg
18,E:\MedicalData\kagglechallenge\Dermnet\train/Tinea Ringworm Candidiasis and other Fungal Infections/tinea-versicolor-147.jpg
18,E:\MedicalData\kagglechallenge\Dermnet\train/Tinea Ringworm Candidiasis and other Fungal Infections/tinea-versicolor-148.jpg
18,E:\MedicalData\kagglechallenge\Dermnet\train/Tinea Ringworm Candidiasis and other Fungal Infections/tinea-versicolor-15.jpg
18,E:\MedicalData\kagglechallenge\Dermnet\train/Tinea Ringworm Candidiasis and other Fungal Infections/tinea-versicolor-150.jpg
18,E:\MedicalData\kagglechallenge\Dermnet\train/Tinea Ringworm Candidiasis and other Fungal Infections/tinea-versicolor-152.jpg
18,E:\MedicalData\kagglechallenge\Dermnet\train/Tinea Ringworm Candidiasis and other Fungal Infections/tinea-versicolor-153.jpg
18,E:\MedicalData\kagglechallenge\Dermnet\train/Tinea Ringworm Candidiasis and other Fungal Infections/tinea-versicolor-154.jpg
18,E:\MedicalData\kagglechallenge\Dermnet\train/Tinea Ringworm Candidiasis and other Fungal Infections/tinea-versicolor-155.jpg
18,E:\MedicalData\kagglechallenge\Dermnet\train/Tinea Ringworm Candidiasis and other Fungal Infections/tinea-versicolor-157.jpg
18,E:\MedicalData\kagglechallenge\Dermnet\train/Tinea Ringworm Candidiasis and other Fungal Infections/tinea-versicolor-158.jpg
18,E:\MedicalData\kagglechallenge\Dermnet\train/Tinea Ringworm Candidiasis and other Fungal Infections/tinea-versicolor-16.jpg
18,E:\MedicalData\kagglechallenge\Dermnet\train/Tinea Ringworm Candidiasis and other Fungal Infections/tinea-versicolor-160.jpg
18,E:\MedicalData\kagglechallenge\Dermnet\train/Tinea Ringworm Candidiasis and other Fungal Infections/tinea-versicolor-161.jpg
18,E:\MedicalData\kagglechallenge\Dermnet\train/Tinea Ringworm Candidiasis and other Fungal Infections/tinea-versicolor-162.jpg
18,E:\MedicalData\kagglechallenge\Dermnet\train/Tinea Ringworm Candidiasis and other Fungal Infections/tinea-versicolor-163.jpg
18,E:\MedicalData\kagglechallenge\Dermnet\train/Tinea Ringworm Candidiasis and other Fungal Infections/tinea-versicolor-165.jpg
18,E:\MedicalData\kagglechallenge\Dermnet\train/Tinea Ringworm Candidiasis and other Fungal Infections/tinea-versicolor-167.jpg
18,E:\MedicalData\kagglechallenge\Dermnet\train/Tinea Ringworm Candidiasis and other Fungal Infections/tinea-versicolor-17.jpg
18,E:\MedicalData\kagglechallenge\Dermnet\train/Tinea Ringworm Candidiasis and other Fungal Infections/tinea-versicolor-170.jpg
18,E:\MedicalData\kagglechallenge\Dermnet\train/Tinea Ringworm Candidiasis and other Fungal Infections/tinea-versicolor-171.jpg
18,E:\MedicalData\kagglechallenge\Dermnet\train/Tinea Ringworm Candidiasis and other Fungal Infections/tinea-versicolor-174.jpg
18,E:\MedicalData\kagglechallenge\Dermnet\train/Tinea Ringworm Candidiasis and other Fungal Infections/tinea-versicolor-177.jpg
18,E:\MedicalData\kagglechallenge\Dermnet\train/Tinea Ringworm Candidiasis and other Fungal Infections/tinea-versicolor-179.jpg
18,E:\MedicalData\kagglechallenge\Dermnet\train/Tinea Ringworm Candidiasis and other Fungal Infections/tinea-versicolor-18.jpg
18,E:\MedicalData\kagglechallenge\Dermnet\train/Tinea Ringworm Candidiasis and other Fungal Infections/tinea-versicolor-181.jpg
18,E:\MedicalData\kagglechallenge\Dermnet\train/Tinea Ringworm Candidiasis and other Fungal Infections/tinea-versicolor-182.jpg
18,E:\MedicalData\kagglechallenge\Dermnet\train/Tinea Ringworm Candidiasis and other Fungal Infections/tinea-versicolor-183.jpg
18,E:\MedicalData\kagglechallenge\Dermnet\train/Tinea Ringworm Candidiasis and other Fungal Infections/tinea-versicolor-184.jpg
18,E:\MedicalData\kagglechallenge\Dermnet\train/Tinea Ringworm Candidiasis and other Fungal Infections/tinea-versicolor-185.jpg
18,E:\MedicalData\kagglechallenge\Dermnet\train/Tinea Ringworm Candidiasis and other Fungal Infections/tinea-versicolor-187.jpg
18,E:\MedicalData\kagglechallenge\Dermnet\train/Tinea Ringworm Candidiasis and other Fungal Infections/tinea-versicolor-189.jpg
18,E:\MedicalData\kagglechallenge\Dermnet\train/Tinea Ringworm Candidiasis and other Fungal Infections/tinea-versicolor-19.jpg
18,E:\MedicalData\kagglechallenge\Dermnet\train/Tinea Ringworm Candidiasis and other Fungal Infections/tinea-versicolor-190.jpg
18,E:\MedicalData\kagglechallenge\Dermnet\train/Tinea Ringworm Candidiasis and other Fungal Infections/tinea-versicolor-192.jpg
18,E:\MedicalData\kagglechallenge\Dermnet\train/Tinea Ringworm Candidiasis and other Fungal Infections/tinea-versicolor-193.jpg
18,E:\MedicalData\kagglechallenge\Dermnet\train/Tinea Ringworm Candidiasis and other Fungal Infections/tinea-versicolor-196.jpg
18,E:\MedicalData\kagglechallenge\Dermnet\train/Tinea Ringworm Candidiasis and other Fungal Infections/tinea-versicolor-79.jpg
18,E:\MedicalData\kagglechallenge\Dermnet\train/Tinea Ringworm Candidiasis and other Fungal Infections/tinea-versicolor-80.jpg
18,E:\MedicalData\kagglechallenge\Dermnet\train/Tinea Ringworm Candidiasis and other Fungal Infections/tinea-versicolor-83.jpg
18,E:\MedicalData\kagglechallenge\Dermnet\train/Tinea Ringworm Candidiasis and other Fungal Infections/tinea-versicolor-84.jpg
18,E:\MedicalData\kagglechallenge\Dermnet\train/Tinea Ringworm Candidiasis and other Fungal Infections/tinea-versicolor-85.jpg
18,E:\MedicalData\kagglechallenge\Dermnet\train/Tinea Ringworm Candidiasis and other Fungal Infections/tinea-versicolor-88.jpg
18,E:\MedicalData\kagglechallenge\Dermnet\train/Tinea Ringworm Candidiasis and other Fungal Infections/tinea-versicolor-9.jpg
18,E:\MedicalData\kagglechallenge\Dermnet\train/Tinea Ringworm Candidiasis and other Fungal Infections/tinea-versicolor-91.jpg
18,E:\MedicalData\kagglechallenge\Dermnet\train/Tinea Ringworm Candidiasis and other Fungal Infections/tinea-versicolor-92.jpg
18,E:\MedicalData\kagglechallenge\Dermnet\train/Tinea Ringworm Candidiasis and other Fungal Infections/tinea-versicolor-95.jpg
18,E:\MedicalData\kagglechallenge\Dermnet\train/Tinea Ringworm Candidiasis and other Fungal Infections/tinea-versicolor-96.jpg
18,E:\MedicalData\kagglechallenge\Dermnet\train/Tinea Ringworm Candidiasis and other Fungal Infections/tinea-versicolor-99.jpg
18,E:\MedicalData\kagglechallenge\Dermnet\train/Tinea Ringworm Candidiasis and other Fungal Infections/tt-tonsurans-adult-1.jpg
18,E:\MedicalData\kagglechallenge\Dermnet\train/Tinea Ringworm Candidiasis and other Fungal Infections/tt-tonsurans-adult-2.jpg
19,E:\MedicalData\kagglechallenge\Dermnet\train/Urticaria Hives/06HivesPolycyclic.jpg
19,E:\MedicalData\kagglechallenge\Dermnet\train/Urticaria Hives/06HivesPolycyclic1.jpg
19,E:\MedicalData\kagglechallenge\Dermnet\train/Urticaria Hives/06HivesPolycyclic2.jpg
19,E:\MedicalData\kagglechallenge\Dermnet\train/Urticaria Hives/angioedema-10.jpg
19,E:\MedicalData\kagglechallenge\Dermnet\train/Urticaria Hives/angioedema-11.jpg
19,E:\MedicalData\kagglechallenge\Dermnet\train/Urticaria Hives/angioedema-13.jpg
19,E:\MedicalData\kagglechallenge\Dermnet\train/Urticaria Hives/angioedema-14.jpg
19,E:\MedicalData\kagglechallenge\Dermnet\train/Urticaria Hives/angioedema-15.jpg
19,E:\MedicalData\kagglechallenge\Dermnet\train/Urticaria Hives/angioedema-16.jpg
19,E:\MedicalData\kagglechallenge\Dermnet\train/Urticaria Hives/angioedema-18.jpg
19,E:\MedicalData\kagglechallenge\Dermnet\train/Urticaria Hives/angioedema-2.jpg
19,E:\MedicalData\kagglechallenge\Dermnet\train/Urticaria Hives/angioedema-20.jpg
19,E:\MedicalData\kagglechallenge\Dermnet\train/Urticaria Hives/angioedema-21.jpg
19,E:\MedicalData\kagglechallenge\Dermnet\train/Urticaria Hives/angioedema-22.jpg
19,E:\MedicalData\kagglechallenge\Dermnet\train/Urticaria Hives/angioedema-23.jpg
19,E:\MedicalData\kagglechallenge\Dermnet\train/Urticaria Hives/angioedema-26.jpg
19,E:\MedicalData\kagglechallenge\Dermnet\train/Urticaria Hives/angioedema-8.jpg
19,E:\MedicalData\kagglechallenge\Dermnet\train/Urticaria Hives/angioedema-9.jpg
19,E:\MedicalData\kagglechallenge\Dermnet\train/Urticaria Hives/cholinergic-uriticaria-10.jpg
19,E:\MedicalData\kagglechallenge\Dermnet\train/Urticaria Hives/cholinergic-uriticaria-11.jpg
19,E:\MedicalData\kagglechallenge\Dermnet\train/Urticaria Hives/cholinergic-uriticaria-13.jpg
19,E:\MedicalData\kagglechallenge\Dermnet\train/Urticaria Hives/cholinergic-uriticaria-3.jpg
19,E:\MedicalData\kagglechallenge\Dermnet\train/Urticaria Hives/cholinergic-uriticaria-4.jpg
19,E:\MedicalData\kagglechallenge\Dermnet\train/Urticaria Hives/cholinergic-uriticaria-5.jpg
19,E:\MedicalData\kagglechallenge\Dermnet\train/Urticaria Hives/cholinergic-uriticaria-6.jpg
19,E:\MedicalData\kagglechallenge\Dermnet\train/Urticaria Hives/cholinergic-uriticaria-8.jpg
19,E:\MedicalData\kagglechallenge\Dermnet\train/Urticaria Hives/cholinergic-uriticaria-9.jpg
19,E:\MedicalData\kagglechallenge\Dermnet\train/Urticaria Hives/dermagraphism-1.jpg
19,E:\MedicalData\kagglechallenge\Dermnet\train/Urticaria Hives/dermagraphism-10.jpg
19,E:\MedicalData\kagglechallenge\Dermnet\train/Urticaria Hives/dermagraphism-11.jpg
19,E:\MedicalData\kagglechallenge\Dermnet\train/Urticaria Hives/dermagraphism-13.jpg
19,E:\MedicalData\kagglechallenge\Dermnet\train/Urticaria Hives/dermagraphism-15.jpg
19,E:\MedicalData\kagglechallenge\Dermnet\train/Urticaria Hives/dermagraphism-17.jpg
19,E:\MedicalData\kagglechallenge\Dermnet\train/Urticaria Hives/dermagraphism-19.jpg
19,E:\MedicalData\kagglechallenge\Dermnet\train/Urticaria Hives/dermagraphism-2.jpg
19,E:\MedicalData\kagglechallenge\Dermnet\train/Urticaria Hives/dermagraphism-21.jpg
19,E:\MedicalData\kagglechallenge\Dermnet\train/Urticaria Hives/dermagraphism-23.jpg
19,E:\MedicalData\kagglechallenge\Dermnet\train/Urticaria Hives/dermagraphism-25.jpg
19,E:\MedicalData\kagglechallenge\Dermnet\train/Urticaria Hives/dermagraphism-26.jpg
19,E:\MedicalData\kagglechallenge\Dermnet\train/Urticaria Hives/dermagraphism-27.jpg
19,E:\MedicalData\kagglechallenge\Dermnet\train/Urticaria Hives/dermagraphism-28.jpg
19,E:\MedicalData\kagglechallenge\Dermnet\train/Urticaria Hives/dermagraphism-29.jpg
19,E:\MedicalData\kagglechallenge\Dermnet\train/Urticaria Hives/dermagraphism-3.jpg
19,E:\MedicalData\kagglechallenge\Dermnet\train/Urticaria Hives/dermagraphism-30.jpg
19,E:\MedicalData\kagglechallenge\Dermnet\train/Urticaria Hives/dermagraphism-31.jpg
19,E:\MedicalData\kagglechallenge\Dermnet\train/Urticaria Hives/dermagraphism-33.jpg
19,E:\MedicalData\kagglechallenge\Dermnet\train/Urticaria Hives/dermagraphism-34.jpg
19,E:\MedicalData\kagglechallenge\Dermnet\train/Urticaria Hives/dermagraphism-35.jpg
19,E:\MedicalData\kagglechallenge\Dermnet\train/Urticaria Hives/dermagraphism-38.jpg
19,E:\MedicalData\kagglechallenge\Dermnet\train/Urticaria Hives/dermagraphism-39.jpg
19,E:\MedicalData\kagglechallenge\Dermnet\train/Urticaria Hives/dermagraphism-40.jpg
19,E:\MedicalData\kagglechallenge\Dermnet\train/Urticaria Hives/dermagraphism-41.jpg
19,E:\MedicalData\kagglechallenge\Dermnet\train/Urticaria Hives/dermagraphism-42.jpg
19,E:\MedicalData\kagglechallenge\Dermnet\train/Urticaria Hives/dermagraphism-43.jpg
19,E:\MedicalData\kagglechallenge\Dermnet\train/Urticaria Hives/dermagraphism-5.jpg
19,E:\MedicalData\kagglechallenge\Dermnet\train/Urticaria Hives/dermagraphism-6.jpg
19,E:\MedicalData\kagglechallenge\Dermnet\train/Urticaria Hives/dermagraphism-7.jpg
19,E:\MedicalData\kagglechallenge\Dermnet\train/Urticaria Hives/dermagraphism-8.jpg
19,E:\MedicalData\kagglechallenge\Dermnet\train/Urticaria Hives/dermagraphism-9.jpg
19,E:\MedicalData\kagglechallenge\Dermnet\train/Urticaria Hives/erythema-annulare-centrifugum-10.jpg
19,E:\MedicalData\kagglechallenge\Dermnet\train/Urticaria Hives/erythema-annulare-centrifugum-13.jpg
19,E:\MedicalData\kagglechallenge\Dermnet\train/Urticaria Hives/erythema-annulare-centrifugum-14.jpg
19,E:\MedicalData\kagglechallenge\Dermnet\train/Urticaria Hives/erythema-annulare-centrifugum-15.jpg
19,E:\MedicalData\kagglechallenge\Dermnet\train/Urticaria Hives/erythema-annulare-centrifugum-16.jpg
19,E:\MedicalData\kagglechallenge\Dermnet\train/Urticaria Hives/erythema-annulare-centrifugum-18.jpg
19,E:\MedicalData\kagglechallenge\Dermnet\train/Urticaria Hives/erythema-annulare-centrifugum-2.jpg
19,E:\MedicalData\kagglechallenge\Dermnet\train/Urticaria Hives/erythema-annulare-centrifugum-3.jpg
19,E:\MedicalData\kagglechallenge\Dermnet\train/Urticaria Hives/erythema-annulare-centrifugum-4.jpg
19,E:\MedicalData\kagglechallenge\Dermnet\train/Urticaria Hives/erythema-annulare-centrifugum-5.jpg
19,E:\MedicalData\kagglechallenge\Dermnet\train/Urticaria Hives/erythema-annulare-centrifugum-6.jpg
19,E:\MedicalData\kagglechallenge\Dermnet\train/Urticaria Hives/erythema-annulare-centrifugum-7.jpg
19,E:\MedicalData\kagglechallenge\Dermnet\train/Urticaria Hives/erythema-annulare-centrifugum-8.jpg
19,E:\MedicalData\kagglechallenge\Dermnet\train/Urticaria Hives/hives-Urticaria-Acute-1.jpg
19,E:\MedicalData\kagglechallenge\Dermnet\train/Urticaria Hives/hives-Urticaria-Acute-10.jpg
19,E:\MedicalData\kagglechallenge\Dermnet\train/Urticaria Hives/hives-Urticaria-Acute-101.jpg
19,E:\MedicalData\kagglechallenge\Dermnet\train/Urticaria Hives/hives-Urticaria-Acute-103.jpg
19,E:\MedicalData\kagglechallenge\Dermnet\train/Urticaria Hives/hives-Urticaria-Acute-11.jpg
19,E:\MedicalData\kagglechallenge\Dermnet\train/Urticaria Hives/hives-Urticaria-Acute-12.jpg
19,E:\MedicalData\kagglechallenge\Dermnet\train/Urticaria Hives/hives-Urticaria-Acute-13.jpg
19,E:\MedicalData\kagglechallenge\Dermnet\train/Urticaria Hives/hives-Urticaria-Acute-15.jpg
19,E:\MedicalData\kagglechallenge\Dermnet\train/Urticaria Hives/hives-Urticaria-Acute-17.jpg
19,E:\MedicalData\kagglechallenge\Dermnet\train/Urticaria Hives/hives-Urticaria-Acute-18.jpg
19,E:\MedicalData\kagglechallenge\Dermnet\train/Urticaria Hives/hives-Urticaria-Acute-19.jpg
19,E:\MedicalData\kagglechallenge\Dermnet\train/Urticaria Hives/hives-Urticaria-Acute-2.jpg
19,E:\MedicalData\kagglechallenge\Dermnet\train/Urticaria Hives/hives-Urticaria-Acute-20.jpg
19,E:\MedicalData\kagglechallenge\Dermnet\train/Urticaria Hives/hives-Urticaria-Acute-23.jpg
19,E:\MedicalData\kagglechallenge\Dermnet\train/Urticaria Hives/hives-Urticaria-Acute-24.jpg
19,E:\MedicalData\kagglechallenge\Dermnet\train/Urticaria Hives/hives-Urticaria-Acute-26.jpg
19,E:\MedicalData\kagglechallenge\Dermnet\train/Urticaria Hives/hives-Urticaria-Acute-28.jpg
19,E:\MedicalData\kagglechallenge\Dermnet\train/Urticaria Hives/hives-Urticaria-Acute-29.jpg
19,E:\MedicalData\kagglechallenge\Dermnet\train/Urticaria Hives/hives-Urticaria-Acute-3.jpg
19,E:\MedicalData\kagglechallenge\Dermnet\train/Urticaria Hives/hives-Urticaria-Acute-30.jpg
19,E:\MedicalData\kagglechallenge\Dermnet\train/Urticaria Hives/hives-Urticaria-Acute-31.jpg
19,E:\MedicalData\kagglechallenge\Dermnet\train/Urticaria Hives/hives-Urticaria-Acute-32.jpg
19,E:\MedicalData\kagglechallenge\Dermnet\train/Urticaria Hives/hives-Urticaria-Acute-34.jpg
19,E:\MedicalData\kagglechallenge\Dermnet\train/Urticaria Hives/hives-Urticaria-Acute-35.jpg
19,E:\MedicalData\kagglechallenge\Dermnet\train/Urticaria Hives/hives-Urticaria-Acute-36.jpg
19,E:\MedicalData\kagglechallenge\Dermnet\train/Urticaria Hives/hives-Urticaria-Acute-37.jpg
19,E:\MedicalData\kagglechallenge\Dermnet\train/Urticaria Hives/hives-Urticaria-Acute-38.jpg
19,E:\MedicalData\kagglechallenge\Dermnet\train/Urticaria Hives/hives-Urticaria-Acute-4.jpg
19,E:\MedicalData\kagglechallenge\Dermnet\train/Urticaria Hives/hives-Urticaria-Acute-40.jpg
19,E:\MedicalData\kagglechallenge\Dermnet\train/Urticaria Hives/hives-Urticaria-Acute-41.jpg
19,E:\MedicalData\kagglechallenge\Dermnet\train/Urticaria Hives/hives-Urticaria-Acute-42.jpg
19,E:\MedicalData\kagglechallenge\Dermnet\train/Urticaria Hives/hives-Urticaria-Acute-43.jpg
19,E:\MedicalData\kagglechallenge\Dermnet\train/Urticaria Hives/hives-Urticaria-Acute-44.jpg
19,E:\MedicalData\kagglechallenge\Dermnet\train/Urticaria Hives/hives-Urticaria-Acute-45.jpg
19,E:\MedicalData\kagglechallenge\Dermnet\train/Urticaria Hives/hives-Urticaria-Acute-46.jpg
19,E:\MedicalData\kagglechallenge\Dermnet\train/Urticaria Hives/hives-Urticaria-Acute-47.jpg
19,E:\MedicalData\kagglechallenge\Dermnet\train/Urticaria Hives/hives-Urticaria-Acute-48.jpg
19,E:\MedicalData\kagglechallenge\Dermnet\train/Urticaria Hives/hives-Urticaria-Acute-5.jpg
19,E:\MedicalData\kagglechallenge\Dermnet\train/Urticaria Hives/hives-Urticaria-Acute-52.jpg
19,E:\MedicalData\kagglechallenge\Dermnet\train/Urticaria Hives/hives-Urticaria-Acute-56.jpg
19,E:\MedicalData\kagglechallenge\Dermnet\train/Urticaria Hives/hives-Urticaria-Acute-57.jpg
19,E:\MedicalData\kagglechallenge\Dermnet\train/Urticaria Hives/hives-Urticaria-Acute-58.jpg
19,E:\MedicalData\kagglechallenge\Dermnet\train/Urticaria Hives/hives-Urticaria-Acute-59.jpg
19,E:\MedicalData\kagglechallenge\Dermnet\train/Urticaria Hives/hives-Urticaria-Acute-6.jpg
19,E:\MedicalData\kagglechallenge\Dermnet\train/Urticaria Hives/hives-Urticaria-Acute-60.jpg
19,E:\MedicalData\kagglechallenge\Dermnet\train/Urticaria Hives/hives-Urticaria-Acute-61.jpg
19,E:\MedicalData\kagglechallenge\Dermnet\train/Urticaria Hives/hives-Urticaria-Acute-62.jpg
19,E:\MedicalData\kagglechallenge\Dermnet\train/Urticaria Hives/hives-Urticaria-Acute-63.jpg
19,E:\MedicalData\kagglechallenge\Dermnet\train/Urticaria Hives/hives-Urticaria-Acute-65.jpg
19,E:\MedicalData\kagglechallenge\Dermnet\train/Urticaria Hives/hives-Urticaria-Acute-66.jpg
19,E:\MedicalData\kagglechallenge\Dermnet\train/Urticaria Hives/hives-Urticaria-Acute-7.jpg
19,E:\MedicalData\kagglechallenge\Dermnet\train/Urticaria Hives/hives-Urticaria-Acute-70.jpg
19,E:\MedicalData\kagglechallenge\Dermnet\train/Urticaria Hives/hives-Urticaria-Acute-71.jpg
19,E:\MedicalData\kagglechallenge\Dermnet\train/Urticaria Hives/hives-Urticaria-Acute-72.jpg
19,E:\MedicalData\kagglechallenge\Dermnet\train/Urticaria Hives/hives-Urticaria-Acute-74.jpg
19,E:\MedicalData\kagglechallenge\Dermnet\train/Urticaria Hives/hives-Urticaria-Acute-75.jpg
19,E:\MedicalData\kagglechallenge\Dermnet\train/Urticaria Hives/hives-Urticaria-Acute-76.jpg
19,E:\MedicalData\kagglechallenge\Dermnet\train/Urticaria Hives/hives-Urticaria-Acute-77.jpg
19,E:\MedicalData\kagglechallenge\Dermnet\train/Urticaria Hives/hives-Urticaria-Acute-78.jpg
19,E:\MedicalData\kagglechallenge\Dermnet\train/Urticaria Hives/hives-Urticaria-Acute-79.jpg
19,E:\MedicalData\kagglechallenge\Dermnet\train/Urticaria Hives/hives-Urticaria-Acute-8.jpg
19,E:\MedicalData\kagglechallenge\Dermnet\train/Urticaria Hives/hives-Urticaria-Acute-80.jpg
19,E:\MedicalData\kagglechallenge\Dermnet\train/Urticaria Hives/hives-Urticaria-Acute-81.jpg
19,E:\MedicalData\kagglechallenge\Dermnet\train/Urticaria Hives/hives-Urticaria-Acute-83.jpg
19,E:\MedicalData\kagglechallenge\Dermnet\train/Urticaria Hives/hives-Urticaria-Acute-87.jpg
19,E:\MedicalData\kagglechallenge\Dermnet\train/Urticaria Hives/hives-Urticaria-Acute-88.jpg
19,E:\MedicalData\kagglechallenge\Dermnet\train/Urticaria Hives/hives-Urticaria-Acute-9.jpg
19,E:\MedicalData\kagglechallenge\Dermnet\train/Urticaria Hives/hives-Urticaria-Acute-91.jpg
19,E:\MedicalData\kagglechallenge\Dermnet\train/Urticaria Hives/hives-Urticaria-Acute-92.jpg
19,E:\MedicalData\kagglechallenge\Dermnet\train/Urticaria Hives/hives-Urticaria-Acute-93.jpg
19,E:\MedicalData\kagglechallenge\Dermnet\train/Urticaria Hives/hives-Urticaria-Acute-95.jpg
19,E:\MedicalData\kagglechallenge\Dermnet\train/Urticaria Hives/hives-Urticaria-Acute-96.jpg
19,E:\MedicalData\kagglechallenge\Dermnet\train/Urticaria Hives/hives-Urticaria-Acute-97.jpg
19,E:\MedicalData\kagglechallenge\Dermnet\train/Urticaria Hives/hives-Urticaria-Acute-98.jpg
19,E:\MedicalData\kagglechallenge\Dermnet\train/Urticaria Hives/pressure-urticaria-1.jpg
19,E:\MedicalData\kagglechallenge\Dermnet\train/Urticaria Hives/pressure-urticaria-10.jpg
19,E:\MedicalData\kagglechallenge\Dermnet\train/Urticaria Hives/pressure-urticaria-2.jpg
19,E:\MedicalData\kagglechallenge\Dermnet\train/Urticaria Hives/pressure-urticaria-4.jpg
19,E:\MedicalData\kagglechallenge\Dermnet\train/Urticaria Hives/pressure-urticaria-5.jpg
19,E:\MedicalData\kagglechallenge\Dermnet\train/Urticaria Hives/pressure-urticaria-7.jpg
19,E:\MedicalData\kagglechallenge\Dermnet\train/Urticaria Hives/PUPPP-1.jpg
19,E:\MedicalData\kagglechallenge\Dermnet\train/Urticaria Hives/PUPPP-10.jpg
19,E:\MedicalData\kagglechallenge\Dermnet\train/Urticaria Hives/PUPPP-11.jpg
19,E:\MedicalData\kagglechallenge\Dermnet\train/Urticaria Hives/PUPPP-13.jpg
19,E:\MedicalData\kagglechallenge\Dermnet\train/Urticaria Hives/PUPPP-15.jpg
19,E:\MedicalData\kagglechallenge\Dermnet\train/Urticaria Hives/PUPPP-17.jpg
19,E:\MedicalData\kagglechallenge\Dermnet\train/Urticaria Hives/PUPPP-19.jpg
19,E:\MedicalData\kagglechallenge\Dermnet\train/Urticaria Hives/PUPPP-2.jpg
19,E:\MedicalData\kagglechallenge\Dermnet\train/Urticaria Hives/PUPPP-20.jpg
19,E:\MedicalData\kagglechallenge\Dermnet\train/Urticaria Hives/PUPPP-21.jpg
19,E:\MedicalData\kagglechallenge\Dermnet\train/Urticaria Hives/PUPPP-22.jpg
19,E:\MedicalData\kagglechallenge\Dermnet\train/Urticaria Hives/PUPPP-23.jpg
19,E:\MedicalData\kagglechallenge\Dermnet\train/Urticaria Hives/PUPPP-25.jpg
19,E:\MedicalData\kagglechallenge\Dermnet\train/Urticaria Hives/PUPPP-27.jpg
19,E:\MedicalData\kagglechallenge\Dermnet\train/Urticaria Hives/PUPPP-29.jpg
19,E:\MedicalData\kagglechallenge\Dermnet\train/Urticaria Hives/PUPPP-3.jpg
19,E:\MedicalData\kagglechallenge\Dermnet\train/Urticaria Hives/PUPPP-30.jpg
19,E:\MedicalData\kagglechallenge\Dermnet\train/Urticaria Hives/PUPPP-31.jpg
19,E:\MedicalData\kagglechallenge\Dermnet\train/Urticaria Hives/PUPPP-4.jpg
19,E:\MedicalData\kagglechallenge\Dermnet\train/Urticaria Hives/PUPPP-5.jpg
19,E:\MedicalData\kagglechallenge\Dermnet\train/Urticaria Hives/PUPPP-6.jpg
19,E:\MedicalData\kagglechallenge\Dermnet\train/Urticaria Hives/PUPPP-7.jpg
19,E:\MedicalData\kagglechallenge\Dermnet\train/Urticaria Hives/PUPPP-8.jpg
19,E:\MedicalData\kagglechallenge\Dermnet\train/Urticaria Hives/Urticaria-Vasculitis-10.jpg
19,E:\MedicalData\kagglechallenge\Dermnet\train/Urticaria Hives/Urticaria-Vasculitis-11.jpg
19,E:\MedicalData\kagglechallenge\Dermnet\train/Urticaria Hives/Urticaria-Vasculitis-12.jpg
19,E:\MedicalData\kagglechallenge\Dermnet\train/Urticaria Hives/Urticaria-Vasculitis-13.jpg
19,E:\MedicalData\kagglechallenge\Dermnet\train/Urticaria Hives/Urticaria-Vasculitis-14.jpg
19,E:\MedicalData\kagglechallenge\Dermnet\train/Urticaria Hives/Urticaria-Vasculitis-15.jpg
19,E:\MedicalData\kagglechallenge\Dermnet\train/Urticaria Hives/Urticaria-Vasculitis-18.jpg
19,E:\MedicalData\kagglechallenge\Dermnet\train/Urticaria Hives/Urticaria-Vasculitis-19.jpg
19,E:\MedicalData\kagglechallenge\Dermnet\train/Urticaria Hives/Urticaria-Vasculitis-2.jpg
19,E:\MedicalData\kagglechallenge\Dermnet\train/Urticaria Hives/Urticaria-Vasculitis-3.jpg
19,E:\MedicalData\kagglechallenge\Dermnet\train/Urticaria Hives/Urticaria-Vasculitis-5.jpg
19,E:\MedicalData\kagglechallenge\Dermnet\train/Urticaria Hives/Urticaria-Vasculitis-6.jpg
19,E:\MedicalData\kagglechallenge\Dermnet\train/Urticaria Hives/Urticaria-Vasculitis-8.jpg
19,E:\MedicalData\kagglechallenge\Dermnet\train/Urticaria Hives/Urticaria-Vasculitis-9.jpg
20,E:\MedicalData\kagglechallenge\Dermnet\train/Vascular Tumors/angiokeratomas-10.jpg
20,E:\MedicalData\kagglechallenge\Dermnet\train/Vascular Tumors/angiokeratomas-11.jpg
20,E:\MedicalData\kagglechallenge\Dermnet\train/Vascular Tumors/angiokeratomas-13.jpg
20,E:\MedicalData\kagglechallenge\Dermnet\train/Vascular Tumors/angiokeratomas-14.jpg
20,E:\MedicalData\kagglechallenge\Dermnet\train/Vascular Tumors/angiokeratomas-15.jpg
20,E:\MedicalData\kagglechallenge\Dermnet\train/Vascular Tumors/angiokeratomas-16.jpg
20,E:\MedicalData\kagglechallenge\Dermnet\train/Vascular Tumors/angiokeratomas-17.jpg
20,E:\MedicalData\kagglechallenge\Dermnet\train/Vascular Tumors/angiokeratomas-18.jpg
20,E:\MedicalData\kagglechallenge\Dermnet\train/Vascular Tumors/angiokeratomas-19.jpg
20,E:\MedicalData\kagglechallenge\Dermnet\train/Vascular Tumors/angiokeratomas-2.jpg
20,E:\MedicalData\kagglechallenge\Dermnet\train/Vascular Tumors/angiokeratomas-20.jpg
20,E:\MedicalData\kagglechallenge\Dermnet\train/Vascular Tumors/angiokeratomas-21.jpg
20,E:\MedicalData\kagglechallenge\Dermnet\train/Vascular Tumors/angiokeratomas-22.jpg
20,E:\MedicalData\kagglechallenge\Dermnet\train/Vascular Tumors/angiokeratomas-23.jpg
20,E:\MedicalData\kagglechallenge\Dermnet\train/Vascular Tumors/angiokeratomas-25.jpg
20,E:\MedicalData\kagglechallenge\Dermnet\train/Vascular Tumors/angiokeratomas-27.jpg
20,E:\MedicalData\kagglechallenge\Dermnet\train/Vascular Tumors/angiokeratomas-28.jpg
20,E:\MedicalData\kagglechallenge\Dermnet\train/Vascular Tumors/angiokeratomas-30.jpg
20,E:\MedicalData\kagglechallenge\Dermnet\train/Vascular Tumors/angiokeratomas-31.jpg
20,E:\MedicalData\kagglechallenge\Dermnet\train/Vascular Tumors/angiokeratomas-32.jpg
20,E:\MedicalData\kagglechallenge\Dermnet\train/Vascular Tumors/angiokeratomas-33.jpg
20,E:\MedicalData\kagglechallenge\Dermnet\train/Vascular Tumors/angiokeratomas-34.jpg
20,E:\MedicalData\kagglechallenge\Dermnet\train/Vascular Tumors/angiokeratomas-35.jpg
20,E:\MedicalData\kagglechallenge\Dermnet\train/Vascular Tumors/angiokeratomas-36.jpg
20,E:\MedicalData\kagglechallenge\Dermnet\train/Vascular Tumors/angiokeratomas-37.jpg
20,E:\MedicalData\kagglechallenge\Dermnet\train/Vascular Tumors/angiokeratomas-38.jpg
20,E:\MedicalData\kagglechallenge\Dermnet\train/Vascular Tumors/angiokeratomas-39.jpg
20,E:\MedicalData\kagglechallenge\Dermnet\train/Vascular Tumors/angiokeratomas-4.jpg
20,E:\MedicalData\kagglechallenge\Dermnet\train/Vascular Tumors/angiokeratomas-41.jpg
20,E:\MedicalData\kagglechallenge\Dermnet\train/Vascular Tumors/angiokeratomas-42.jpg
20,E:\MedicalData\kagglechallenge\Dermnet\train/Vascular Tumors/angiokeratomas-43.jpg
20,E:\MedicalData\kagglechallenge\Dermnet\train/Vascular Tumors/angiokeratomas-45.jpg
20,E:\MedicalData\kagglechallenge\Dermnet\train/Vascular Tumors/angiokeratomas-46.jpg
20,E:\MedicalData\kagglechallenge\Dermnet\train/Vascular Tumors/angiokeratomas-47.jpg
20,E:\MedicalData\kagglechallenge\Dermnet\train/Vascular Tumors/angiokeratomas-48.jpg
20,E:\MedicalData\kagglechallenge\Dermnet\train/Vascular Tumors/angiokeratomas-49.jpg
20,E:\MedicalData\kagglechallenge\Dermnet\train/Vascular Tumors/angiokeratomas-7.jpg
20,E:\MedicalData\kagglechallenge\Dermnet\train/Vascular Tumors/angiokeratomas-8.jpg
20,E:\MedicalData\kagglechallenge\Dermnet\train/Vascular Tumors/angiokeratomas-9.jpg
20,E:\MedicalData\kagglechallenge\Dermnet\train/Vascular Tumors/av-malformation-1.jpg
20,E:\MedicalData\kagglechallenge\Dermnet\train/Vascular Tumors/av-malformation-2.jpg
20,E:\MedicalData\kagglechallenge\Dermnet\train/Vascular Tumors/av-malformation-4.jpg
20,E:\MedicalData\kagglechallenge\Dermnet\train/Vascular Tumors/cherry-angioma-11.jpg
20,E:\MedicalData\kagglechallenge\Dermnet\train/Vascular Tumors/cherry-angioma-13.jpg
20,E:\MedicalData\kagglechallenge\Dermnet\train/Vascular Tumors/cherry-angioma-14.jpg
20,E:\MedicalData\kagglechallenge\Dermnet\train/Vascular Tumors/cherry-angioma-15.jpg
20,E:\MedicalData\kagglechallenge\Dermnet\train/Vascular Tumors/cherry-angioma-2.jpg
20,E:\MedicalData\kagglechallenge\Dermnet\train/Vascular Tumors/cherry-angioma-20.jpg
20,E:\MedicalData\kagglechallenge\Dermnet\train/Vascular Tumors/cherry-angioma-22.jpg
20,E:\MedicalData\kagglechallenge\Dermnet\train/Vascular Tumors/cherry-angioma-25.jpg
20,E:\MedicalData\kagglechallenge\Dermnet\train/Vascular Tumors/cherry-angioma-27.jpg
20,E:\MedicalData\kagglechallenge\Dermnet\train/Vascular Tumors/cherry-angioma-28.jpg
20,E:\MedicalData\kagglechallenge\Dermnet\train/Vascular Tumors/cherry-angioma-5.jpg
20,E:\MedicalData\kagglechallenge\Dermnet\train/Vascular Tumors/cherry-angioma-6.jpg
20,E:\MedicalData\kagglechallenge\Dermnet\train/Vascular Tumors/cherry-angioma-7.jpg
20,E:\MedicalData\kagglechallenge\Dermnet\train/Vascular Tumors/cherry-angioma-8.jpg
20,E:\MedicalData\kagglechallenge\Dermnet\train/Vascular Tumors/cutis-marmorata-telangiectatica-congenita-1.jpg
20,E:\MedicalData\kagglechallenge\Dermnet\train/Vascular Tumors/cutis-marmorata-telangiectatica-congenita-2.jpg
20,E:\MedicalData\kagglechallenge\Dermnet\train/Vascular Tumors/hemangioma-.jpg
20,E:\MedicalData\kagglechallenge\Dermnet\train/Vascular Tumors/hemangioma-1.jpg
20,E:\MedicalData\kagglechallenge\Dermnet\train/Vascular Tumors/hemangioma-10.jpg
20,E:\MedicalData\kagglechallenge\Dermnet\train/Vascular Tumors/hemangioma-12.jpg
20,E:\MedicalData\kagglechallenge\Dermnet\train/Vascular Tumors/hemangioma-13.jpg
20,E:\MedicalData\kagglechallenge\Dermnet\train/Vascular Tumors/hemangioma-14.jpg
20,E:\MedicalData\kagglechallenge\Dermnet\train/Vascular Tumors/hemangioma-15.jpg
20,E:\MedicalData\kagglechallenge\Dermnet\train/Vascular Tumors/hemangioma-16.jpg
20,E:\MedicalData\kagglechallenge\Dermnet\train/Vascular Tumors/hemangioma-18.jpg
20,E:\MedicalData\kagglechallenge\Dermnet\train/Vascular Tumors/hemangioma-19.jpg
20,E:\MedicalData\kagglechallenge\Dermnet\train/Vascular Tumors/hemangioma-2.jpg
20,E:\MedicalData\kagglechallenge\Dermnet\train/Vascular Tumors/hemangioma-21.jpg
20,E:\MedicalData\kagglechallenge\Dermnet\train/Vascular Tumors/hemangioma-234.jpg
20,E:\MedicalData\kagglechallenge\Dermnet\train/Vascular Tumors/hemangioma-24.jpg
20,E:\MedicalData\kagglechallenge\Dermnet\train/Vascular Tumors/hemangioma-25.jpg
20,E:\MedicalData\kagglechallenge\Dermnet\train/Vascular Tumors/hemangioma-27.jpg
20,E:\MedicalData\kagglechallenge\Dermnet\train/Vascular Tumors/hemangioma-29.jpg
20,E:\MedicalData\kagglechallenge\Dermnet\train/Vascular Tumors/hemangioma-3.jpg
20,E:\MedicalData\kagglechallenge\Dermnet\train/Vascular Tumors/hemangioma-30.jpg
20,E:\MedicalData\kagglechallenge\Dermnet\train/Vascular Tumors/hemangioma-31.jpg
20,E:\MedicalData\kagglechallenge\Dermnet\train/Vascular Tumors/hemangioma-34.jpg
20,E:\MedicalData\kagglechallenge\Dermnet\train/Vascular Tumors/hemangioma-35.jpg
20,E:\MedicalData\kagglechallenge\Dermnet\train/Vascular Tumors/hemangioma-36.jpg
20,E:\MedicalData\kagglechallenge\Dermnet\train/Vascular Tumors/hemangioma-37.jpg
20,E:\MedicalData\kagglechallenge\Dermnet\train/Vascular Tumors/hemangioma-39.jpg
20,E:\MedicalData\kagglechallenge\Dermnet\train/Vascular Tumors/hemangioma-4.jpg
20,E:\MedicalData\kagglechallenge\Dermnet\train/Vascular Tumors/hemangioma-40.jpg
20,E:\MedicalData\kagglechallenge\Dermnet\train/Vascular Tumors/hemangioma-41.jpg
20,E:\MedicalData\kagglechallenge\Dermnet\train/Vascular Tumors/hemangioma-45.jpg
20,E:\MedicalData\kagglechallenge\Dermnet\train/Vascular Tumors/hemangioma-46.jpg
20,E:\MedicalData\kagglechallenge\Dermnet\train/Vascular Tumors/hemangioma-47.jpg
20,E:\MedicalData\kagglechallenge\Dermnet\train/Vascular Tumors/hemangioma-48.jpg
20,E:\MedicalData\kagglechallenge\Dermnet\train/Vascular Tumors/hemangioma-49.jpg
20,E:\MedicalData\kagglechallenge\Dermnet\train/Vascular Tumors/hemangioma-50.jpg
20,E:\MedicalData\kagglechallenge\Dermnet\train/Vascular Tumors/hemangioma-51.jpg
20,E:\MedicalData\kagglechallenge\Dermnet\train/Vascular Tumors/hemangioma-52.jpg
20,E:\MedicalData\kagglechallenge\Dermnet\train/Vascular Tumors/hemangioma-53.jpg
20,E:\MedicalData\kagglechallenge\Dermnet\train/Vascular Tumors/hemangioma-546.jpg
20,E:\MedicalData\kagglechallenge\Dermnet\train/Vascular Tumors/hemangioma-567.jpg
20,E:\MedicalData\kagglechallenge\Dermnet\train/Vascular Tumors/hemangioma-654.jpg
20,E:\MedicalData\kagglechallenge\Dermnet\train/Vascular Tumors/hemangioma-657.jpg
20,E:\MedicalData\kagglechallenge\Dermnet\train/Vascular Tumors/hemangioma-7.jpg
20,E:\MedicalData\kagglechallenge\Dermnet\train/Vascular Tumors/hemangioma-8.jpg
20,E:\MedicalData\kagglechallenge\Dermnet\train/Vascular Tumors/hemangioma-9.jpg
20,E:\MedicalData\kagglechallenge\Dermnet\train/Vascular Tumors/hemangioma-986.jpg
20,E:\MedicalData\kagglechallenge\Dermnet\train/Vascular Tumors/hemangioma-infancy-1.jpg
20,E:\MedicalData\kagglechallenge\Dermnet\train/Vascular Tumors/hemangioma-infancy-12.jpg
20,E:\MedicalData\kagglechallenge\Dermnet\train/Vascular Tumors/hemangioma-infancy-13.jpg
20,E:\MedicalData\kagglechallenge\Dermnet\train/Vascular Tumors/hemangioma-infancy-15.jpg
20,E:\MedicalData\kagglechallenge\Dermnet\train/Vascular Tumors/hemangioma-infancy-19.jpg
20,E:\MedicalData\kagglechallenge\Dermnet\train/Vascular Tumors/hemangioma-infancy-2.jpg
20,E:\MedicalData\kagglechallenge\Dermnet\train/Vascular Tumors/hemangioma-infancy-20.jpg
20,E:\MedicalData\kagglechallenge\Dermnet\train/Vascular Tumors/hemangioma-infancy-22.jpg
20,E:\MedicalData\kagglechallenge\Dermnet\train/Vascular Tumors/hemangioma-infancy-24.jpg
20,E:\MedicalData\kagglechallenge\Dermnet\train/Vascular Tumors/hemangioma-infancy-25.jpg
20,E:\MedicalData\kagglechallenge\Dermnet\train/Vascular Tumors/hemangioma-infancy-28.jpg
20,E:\MedicalData\kagglechallenge\Dermnet\train/Vascular Tumors/hemangioma-infancy-29.jpg
20,E:\MedicalData\kagglechallenge\Dermnet\train/Vascular Tumors/hemangioma-infancy-30.jpg
20,E:\MedicalData\kagglechallenge\Dermnet\train/Vascular Tumors/hemangioma-infancy-31.jpg
20,E:\MedicalData\kagglechallenge\Dermnet\train/Vascular Tumors/hemangioma-infancy-32.jpg
20,E:\MedicalData\kagglechallenge\Dermnet\train/Vascular Tumors/hemangioma-infancy-33.jpg
20,E:\MedicalData\kagglechallenge\Dermnet\train/Vascular Tumors/hemangioma-infancy-34.jpg
20,E:\MedicalData\kagglechallenge\Dermnet\train/Vascular Tumors/hemangioma-infancy-35.jpg
20,E:\MedicalData\kagglechallenge\Dermnet\train/Vascular Tumors/hemangioma-infancy-37.jpg
20,E:\MedicalData\kagglechallenge\Dermnet\train/Vascular Tumors/hemangioma-infancy-38.jpg
20,E:\MedicalData\kagglechallenge\Dermnet\train/Vascular Tumors/hemangioma-infancy-42.jpg
20,E:\MedicalData\kagglechallenge\Dermnet\train/Vascular Tumors/hemangioma-infancy-43.jpg
20,E:\MedicalData\kagglechallenge\Dermnet\train/Vascular Tumors/hemangioma-infancy-46.jpg
20,E:\MedicalData\kagglechallenge\Dermnet\train/Vascular Tumors/hemangioma-infancy-48.jpg
20,E:\MedicalData\kagglechallenge\Dermnet\train/Vascular Tumors/hemangioma-infancy-49.jpg
20,E:\MedicalData\kagglechallenge\Dermnet\train/Vascular Tumors/hemangioma-infancy-5.jpg
20,E:\MedicalData\kagglechallenge\Dermnet\train/Vascular Tumors/hemangioma-infancy-50.jpg
20,E:\MedicalData\kagglechallenge\Dermnet\train/Vascular Tumors/hemangioma-infancy-51.jpg
20,E:\MedicalData\kagglechallenge\Dermnet\train/Vascular Tumors/hemangioma-infancy-53.jpg
20,E:\MedicalData\kagglechallenge\Dermnet\train/Vascular Tumors/hemangioma-infancy-54.jpg
20,E:\MedicalData\kagglechallenge\Dermnet\train/Vascular Tumors/hemangioma-infancy-55.jpg
20,E:\MedicalData\kagglechallenge\Dermnet\train/Vascular Tumors/hemangioma-infancy-56.jpg
20,E:\MedicalData\kagglechallenge\Dermnet\train/Vascular Tumors/hemangioma-infancy-57.jpg
20,E:\MedicalData\kagglechallenge\Dermnet\train/Vascular Tumors/hemangioma-infancy-58.jpg
20,E:\MedicalData\kagglechallenge\Dermnet\train/Vascular Tumors/hemangioma-infancy-61.jpg
20,E:\MedicalData\kagglechallenge\Dermnet\train/Vascular Tumors/hemangioma-infancy-7.jpg
20,E:\MedicalData\kagglechallenge\Dermnet\train/Vascular Tumors/hemangioma-infancy-8.jpg
20,E:\MedicalData\kagglechallenge\Dermnet\train/Vascular Tumors/hemangioma-infancy-9.jpg
20,E:\MedicalData\kagglechallenge\Dermnet\train/Vascular Tumors/hemangioma-traumatized-1.jpg
20,E:\MedicalData\kagglechallenge\Dermnet\train/Vascular Tumors/HomaniomacIMG001-GP3.jpg
20,E:\MedicalData\kagglechallenge\Dermnet\train/Vascular Tumors/HomaniomacIMG002-GP3.jpg
20,E:\MedicalData\kagglechallenge\Dermnet\train/Vascular Tumors/kaposi-sarcoma-1.jpg
20,E:\MedicalData\kagglechallenge\Dermnet\train/Vascular Tumors/kaposi-sarcoma-10.jpg
20,E:\MedicalData\kagglechallenge\Dermnet\train/Vascular Tumors/kaposi-sarcoma-11.jpg
20,E:\MedicalData\kagglechallenge\Dermnet\train/Vascular Tumors/kaposi-sarcoma-12.jpg
20,E:\MedicalData\kagglechallenge\Dermnet\train/Vascular Tumors/kaposi-sarcoma-16.jpg
20,E:\MedicalData\kagglechallenge\Dermnet\train/Vascular Tumors/kaposi-sarcoma-17.jpg
20,E:\MedicalData\kagglechallenge\Dermnet\train/Vascular Tumors/kaposi-sarcoma-18.jpg
20,E:\MedicalData\kagglechallenge\Dermnet\train/Vascular Tumors/kaposi-sarcoma-19.jpg
20,E:\MedicalData\kagglechallenge\Dermnet\train/Vascular Tumors/kaposi-sarcoma-2.jpg
20,E:\MedicalData\kagglechallenge\Dermnet\train/Vascular Tumors/kaposi-sarcoma-20.jpg
20,E:\MedicalData\kagglechallenge\Dermnet\train/Vascular Tumors/kaposi-sarcoma-21.jpg
20,E:\MedicalData\kagglechallenge\Dermnet\train/Vascular Tumors/kaposi-sarcoma-22.jpg
20,E:\MedicalData\kagglechallenge\Dermnet\train/Vascular Tumors/kaposi-sarcoma-23.jpg
20,E:\MedicalData\kagglechallenge\Dermnet\train/Vascular Tumors/kaposi-sarcoma-24.jpg
20,E:\MedicalData\kagglechallenge\Dermnet\train/Vascular Tumors/kaposi-sarcoma-25.jpg
20,E:\MedicalData\kagglechallenge\Dermnet\train/Vascular Tumors/kaposi-sarcoma-27.jpg
20,E:\MedicalData\kagglechallenge\Dermnet\train/Vascular Tumors/kaposi-sarcoma-28.jpg
20,E:\MedicalData\kagglechallenge\Dermnet\train/Vascular Tumors/kaposi-sarcoma-29.jpg
20,E:\MedicalData\kagglechallenge\Dermnet\train/Vascular Tumors/kaposi-sarcoma-3.jpg
20,E:\MedicalData\kagglechallenge\Dermnet\train/Vascular Tumors/kaposi-sarcoma-30.jpg
20,E:\MedicalData\kagglechallenge\Dermnet\train/Vascular Tumors/kaposi-sarcoma-31.jpg
20,E:\MedicalData\kagglechallenge\Dermnet\train/Vascular Tumors/kaposi-sarcoma-32.jpg
20,E:\MedicalData\kagglechallenge\Dermnet\train/Vascular Tumors/kaposi-sarcoma-33.jpg
20,E:\MedicalData\kagglechallenge\Dermnet\train/Vascular Tumors/kaposi-sarcoma-34.jpg
20,E:\MedicalData\kagglechallenge\Dermnet\train/Vascular Tumors/kaposi-sarcoma-36.jpg
20,E:\MedicalData\kagglechallenge\Dermnet\train/Vascular Tumors/kaposi-sarcoma-37.jpg
20,E:\MedicalData\kagglechallenge\Dermnet\train/Vascular Tumors/kaposi-sarcoma-38.jpg
20,E:\MedicalData\kagglechallenge\Dermnet\train/Vascular Tumors/kaposi-sarcoma-39.jpg
20,E:\MedicalData\kagglechallenge\Dermnet\train/Vascular Tumors/kaposi-sarcoma-4.jpg
20,E:\MedicalData\kagglechallenge\Dermnet\train/Vascular Tumors/kaposi-sarcoma-40.jpg
20,E:\MedicalData\kagglechallenge\Dermnet\train/Vascular Tumors/kaposi-sarcoma-5.jpg
20,E:\MedicalData\kagglechallenge\Dermnet\train/Vascular Tumors/kaposi-sarcoma-7.jpg
20,E:\MedicalData\kagglechallenge\Dermnet\train/Vascular Tumors/kaposi-sarcoma-9.jpg
20,E:\MedicalData\kagglechallenge\Dermnet\train/Vascular Tumors/lymphangioma-circumscriptum-1.jpg
20,E:\MedicalData\kagglechallenge\Dermnet\train/Vascular Tumors/lymphangioma-circumscriptum-10.jpg
20,E:\MedicalData\kagglechallenge\Dermnet\train/Vascular Tumors/lymphangioma-circumscriptum-11.jpg
20,E:\MedicalData\kagglechallenge\Dermnet\train/Vascular Tumors/lymphangioma-circumscriptum-12.jpg
20,E:\MedicalData\kagglechallenge\Dermnet\train/Vascular Tumors/lymphangioma-circumscriptum-13.jpg
20,E:\MedicalData\kagglechallenge\Dermnet\train/Vascular Tumors/lymphangioma-circumscriptum-14.jpg
20,E:\MedicalData\kagglechallenge\Dermnet\train/Vascular Tumors/lymphangioma-circumscriptum-15.jpg
20,E:\MedicalData\kagglechallenge\Dermnet\train/Vascular Tumors/lymphangioma-circumscriptum-17.jpg
20,E:\MedicalData\kagglechallenge\Dermnet\train/Vascular Tumors/lymphangioma-circumscriptum-2.jpg
20,E:\MedicalData\kagglechallenge\Dermnet\train/Vascular Tumors/lymphangioma-circumscriptum-20.jpg
20,E:\MedicalData\kagglechallenge\Dermnet\train/Vascular Tumors/lymphangioma-circumscriptum-21.jpg
20,E:\MedicalData\kagglechallenge\Dermnet\train/Vascular Tumors/lymphangioma-circumscriptum-22.jpg
20,E:\MedicalData\kagglechallenge\Dermnet\train/Vascular Tumors/lymphangioma-circumscriptum-23.jpg
20,E:\MedicalData\kagglechallenge\Dermnet\train/Vascular Tumors/lymphangioma-circumscriptum-3.jpg
20,E:\MedicalData\kagglechallenge\Dermnet\train/Vascular Tumors/lymphangioma-circumscriptum-5.jpg
20,E:\MedicalData\kagglechallenge\Dermnet\train/Vascular Tumors/lymphangioma-circumscriptum-7.jpg
20,E:\MedicalData\kagglechallenge\Dermnet\train/Vascular Tumors/lymphangioma-circumscriptum-8.jpg
20,E:\MedicalData\kagglechallenge\Dermnet\train/Vascular Tumors/lymphangioma-circumscriptum-9.jpg
20,E:\MedicalData\kagglechallenge\Dermnet\train/Vascular Tumors/purpura-vomiting-1.jpg
20,E:\MedicalData\kagglechallenge\Dermnet\train/Vascular Tumors/pyogenic-granuloma-1.jpg
20,E:\MedicalData\kagglechallenge\Dermnet\train/Vascular Tumors/pyogenic-granuloma-10.jpg
20,E:\MedicalData\kagglechallenge\Dermnet\train/Vascular Tumors/pyogenic-granuloma-100.jpg
20,E:\MedicalData\kagglechallenge\Dermnet\train/Vascular Tumors/pyogenic-granuloma-102.jpg
20,E:\MedicalData\kagglechallenge\Dermnet\train/Vascular Tumors/pyogenic-granuloma-103.jpg
20,E:\MedicalData\kagglechallenge\Dermnet\train/Vascular Tumors/pyogenic-granuloma-104.jpg
20,E:\MedicalData\kagglechallenge\Dermnet\train/Vascular Tumors/pyogenic-granuloma-105.jpg
20,E:\MedicalData\kagglechallenge\Dermnet\train/Vascular Tumors/pyogenic-granuloma-106.jpg
20,E:\MedicalData\kagglechallenge\Dermnet\train/Vascular Tumors/pyogenic-granuloma-107.jpg
20,E:\MedicalData\kagglechallenge\Dermnet\train/Vascular Tumors/pyogenic-granuloma-108.jpg
20,E:\MedicalData\kagglechallenge\Dermnet\train/Vascular Tumors/pyogenic-granuloma-11.jpg
20,E:\MedicalData\kagglechallenge\Dermnet\train/Vascular Tumors/pyogenic-granuloma-110.jpg
20,E:\MedicalData\kagglechallenge\Dermnet\train/Vascular Tumors/pyogenic-granuloma-111.jpg
20,E:\MedicalData\kagglechallenge\Dermnet\train/Vascular Tumors/pyogenic-granuloma-13.jpg
20,E:\MedicalData\kagglechallenge\Dermnet\train/Vascular Tumors/pyogenic-granuloma-14.jpg
20,E:\MedicalData\kagglechallenge\Dermnet\train/Vascular Tumors/pyogenic-granuloma-15.jpg
20,E:\MedicalData\kagglechallenge\Dermnet\train/Vascular Tumors/pyogenic-granuloma-16.jpg
20,E:\MedicalData\kagglechallenge\Dermnet\train/Vascular Tumors/pyogenic-granuloma-17.jpg
20,E:\MedicalData\kagglechallenge\Dermnet\train/Vascular Tumors/pyogenic-granuloma-18.jpg
20,E:\MedicalData\kagglechallenge\Dermnet\train/Vascular Tumors/pyogenic-granuloma-19.jpg
20,E:\MedicalData\kagglechallenge\Dermnet\train/Vascular Tumors/pyogenic-granuloma-21.jpg
20,E:\MedicalData\kagglechallenge\Dermnet\train/Vascular Tumors/pyogenic-granuloma-22.jpg
20,E:\MedicalData\kagglechallenge\Dermnet\train/Vascular Tumors/pyogenic-granuloma-23.jpg
20,E:\MedicalData\kagglechallenge\Dermnet\train/Vascular Tumors/pyogenic-granuloma-24.jpg
20,E:\MedicalData\kagglechallenge\Dermnet\train/Vascular Tumors/pyogenic-granuloma-25.jpg
20,E:\MedicalData\kagglechallenge\Dermnet\train/Vascular Tumors/pyogenic-granuloma-26.jpg
20,E:\MedicalData\kagglechallenge\Dermnet\train/Vascular Tumors/pyogenic-granuloma-27.jpg
20,E:\MedicalData\kagglechallenge\Dermnet\train/Vascular Tumors/pyogenic-granuloma-28.jpg
20,E:\MedicalData\kagglechallenge\Dermnet\train/Vascular Tumors/pyogenic-granuloma-29.jpg
20,E:\MedicalData\kagglechallenge\Dermnet\train/Vascular Tumors/pyogenic-granuloma-3.jpg
20,E:\MedicalData\kagglechallenge\Dermnet\train/Vascular Tumors/pyogenic-granuloma-32.jpg
20,E:\MedicalData\kagglechallenge\Dermnet\train/Vascular Tumors/pyogenic-granuloma-34.jpg
20,E:\MedicalData\kagglechallenge\Dermnet\train/Vascular Tumors/pyogenic-granuloma-36.jpg
20,E:\MedicalData\kagglechallenge\Dermnet\train/Vascular Tumors/pyogenic-granuloma-37.jpg
20,E:\MedicalData\kagglechallenge\Dermnet\train/Vascular Tumors/pyogenic-granuloma-38.jpg
20,E:\MedicalData\kagglechallenge\Dermnet\train/Vascular Tumors/pyogenic-granuloma-39.jpg
20,E:\MedicalData\kagglechallenge\Dermnet\train/Vascular Tumors/pyogenic-granuloma-4.jpg
20,E:\MedicalData\kagglechallenge\Dermnet\train/Vascular Tumors/pyogenic-granuloma-40.jpg
20,E:\MedicalData\kagglechallenge\Dermnet\train/Vascular Tumors/pyogenic-granuloma-41.jpg
20,E:\MedicalData\kagglechallenge\Dermnet\train/Vascular Tumors/pyogenic-granuloma-42.jpg
20,E:\MedicalData\kagglechallenge\Dermnet\train/Vascular Tumors/pyogenic-granuloma-43.jpg
20,E:\MedicalData\kagglechallenge\Dermnet\train/Vascular Tumors/pyogenic-granuloma-44.jpg
20,E:\MedicalData\kagglechallenge\Dermnet\train/Vascular Tumors/pyogenic-granuloma-45.jpg
20,E:\MedicalData\kagglechallenge\Dermnet\train/Vascular Tumors/pyogenic-granuloma-46.jpg
20,E:\MedicalData\kagglechallenge\Dermnet\train/Vascular Tumors/pyogenic-granuloma-47.jpg
20,E:\MedicalData\kagglechallenge\Dermnet\train/Vascular Tumors/pyogenic-granuloma-48.jpg
20,E:\MedicalData\kagglechallenge\Dermnet\train/Vascular Tumors/pyogenic-granuloma-49.jpg
20,E:\MedicalData\kagglechallenge\Dermnet\train/Vascular Tumors/pyogenic-granuloma-50.jpg
20,E:\MedicalData\kagglechallenge\Dermnet\train/Vascular Tumors/pyogenic-granuloma-51.jpg
20,E:\MedicalData\kagglechallenge\Dermnet\train/Vascular Tumors/pyogenic-granuloma-52.jpg
20,E:\MedicalData\kagglechallenge\Dermnet\train/Vascular Tumors/pyogenic-granuloma-53.jpg
20,E:\MedicalData\kagglechallenge\Dermnet\train/Vascular Tumors/pyogenic-granuloma-54.jpg
20,E:\MedicalData\kagglechallenge\Dermnet\train/Vascular Tumors/pyogenic-granuloma-55.jpg
20,E:\MedicalData\kagglechallenge\Dermnet\train/Vascular Tumors/pyogenic-granuloma-57.jpg
20,E:\MedicalData\kagglechallenge\Dermnet\train/Vascular Tumors/pyogenic-granuloma-58.jpg
20,E:\MedicalData\kagglechallenge\Dermnet\train/Vascular Tumors/pyogenic-granuloma-59.jpg
20,E:\MedicalData\kagglechallenge\Dermnet\train/Vascular Tumors/pyogenic-granuloma-60.jpg
20,E:\MedicalData\kagglechallenge\Dermnet\train/Vascular Tumors/pyogenic-granuloma-61.jpg
20,E:\MedicalData\kagglechallenge\Dermnet\train/Vascular Tumors/pyogenic-granuloma-62.jpg
20,E:\MedicalData\kagglechallenge\Dermnet\train/Vascular Tumors/pyogenic-granuloma-63.jpg
20,E:\MedicalData\kagglechallenge\Dermnet\train/Vascular Tumors/pyogenic-granuloma-64.jpg
20,E:\MedicalData\kagglechallenge\Dermnet\train/Vascular Tumors/pyogenic-granuloma-65.jpg
20,E:\MedicalData\kagglechallenge\Dermnet\train/Vascular Tumors/pyogenic-granuloma-66.jpg
20,E:\MedicalData\kagglechallenge\Dermnet\train/Vascular Tumors/pyogenic-granuloma-67.jpg
20,E:\MedicalData\kagglechallenge\Dermnet\train/Vascular Tumors/pyogenic-granuloma-68.jpg
20,E:\MedicalData\kagglechallenge\Dermnet\train/Vascular Tumors/pyogenic-granuloma-7.jpg
20,E:\MedicalData\kagglechallenge\Dermnet\train/Vascular Tumors/pyogenic-granuloma-70.jpg
20,E:\MedicalData\kagglechallenge\Dermnet\train/Vascular Tumors/pyogenic-granuloma-71.jpg
20,E:\MedicalData\kagglechallenge\Dermnet\train/Vascular Tumors/pyogenic-granuloma-72.jpg
20,E:\MedicalData\kagglechallenge\Dermnet\train/Vascular Tumors/pyogenic-granuloma-73.jpg
20,E:\MedicalData\kagglechallenge\Dermnet\train/Vascular Tumors/pyogenic-granuloma-74.jpg
20,E:\MedicalData\kagglechallenge\Dermnet\train/Vascular Tumors/pyogenic-granuloma-75.jpg
20,E:\MedicalData\kagglechallenge\Dermnet\train/Vascular Tumors/pyogenic-granuloma-77.jpg
20,E:\MedicalData\kagglechallenge\Dermnet\train/Vascular Tumors/pyogenic-granuloma-78.jpg
20,E:\MedicalData\kagglechallenge\Dermnet\train/Vascular Tumors/pyogenic-granuloma-79.jpg
20,E:\MedicalData\kagglechallenge\Dermnet\train/Vascular Tumors/pyogenic-granuloma-8.jpg
20,E:\MedicalData\kagglechallenge\Dermnet\train/Vascular Tumors/pyogenic-granuloma-81.jpg
20,E:\MedicalData\kagglechallenge\Dermnet\train/Vascular Tumors/pyogenic-granuloma-82.jpg
20,E:\MedicalData\kagglechallenge\Dermnet\train/Vascular Tumors/pyogenic-granuloma-86.jpg
20,E:\MedicalData\kagglechallenge\Dermnet\train/Vascular Tumors/pyogenic-granuloma-87.jpg
20,E:\MedicalData\kagglechallenge\Dermnet\train/Vascular Tumors/pyogenic-granuloma-88.jpg
20,E:\MedicalData\kagglechallenge\Dermnet\train/Vascular Tumors/pyogenic-granuloma-89.jpg
20,E:\MedicalData\kagglechallenge\Dermnet\train/Vascular Tumors/pyogenic-granuloma-9.jpg
20,E:\MedicalData\kagglechallenge\Dermnet\train/Vascular Tumors/pyogenic-granuloma-90.jpg
20,E:\MedicalData\kagglechallenge\Dermnet\train/Vascular Tumors/pyogenic-granuloma-91.jpg
20,E:\MedicalData\kagglechallenge\Dermnet\train/Vascular Tumors/pyogenic-granuloma-92.jpg
20,E:\MedicalData\kagglechallenge\Dermnet\train/Vascular Tumors/pyogenic-granuloma-93.jpg
20,E:\MedicalData\kagglechallenge\Dermnet\train/Vascular Tumors/pyogenic-granuloma-94.jpg
20,E:\MedicalData\kagglechallenge\Dermnet\train/Vascular Tumors/pyogenic-granuloma-97.jpg
20,E:\MedicalData\kagglechallenge\Dermnet\train/Vascular Tumors/pyogenic-granuloma-98.jpg
20,E:\MedicalData\kagglechallenge\Dermnet\train/Vascular Tumors/pyogenic-granuloma-99.jpg
20,E:\MedicalData\kagglechallenge\Dermnet\train/Vascular Tumors/spider-angioma-1.jpg
20,E:\MedicalData\kagglechallenge\Dermnet\train/Vascular Tumors/spider-angioma-10.jpg
20,E:\MedicalData\kagglechallenge\Dermnet\train/Vascular Tumors/spider-angioma-11.jpg
20,E:\MedicalData\kagglechallenge\Dermnet\train/Vascular Tumors/spider-angioma-12.jpg
20,E:\MedicalData\kagglechallenge\Dermnet\train/Vascular Tumors/spider-angioma-15.jpg
20,E:\MedicalData\kagglechallenge\Dermnet\train/Vascular Tumors/spider-angioma-16.jpg
20,E:\MedicalData\kagglechallenge\Dermnet\train/Vascular Tumors/spider-angioma-17.jpg
20,E:\MedicalData\kagglechallenge\Dermnet\train/Vascular Tumors/spider-angioma-2.jpg
20,E:\MedicalData\kagglechallenge\Dermnet\train/Vascular Tumors/spider-angioma-3.jpg
20,E:\MedicalData\kagglechallenge\Dermnet\train/Vascular Tumors/spider-angioma-6.jpg
20,E:\MedicalData\kagglechallenge\Dermnet\train/Vascular Tumors/spider-angioma-8.jpg
20,E:\MedicalData\kagglechallenge\Dermnet\train/Vascular Tumors/spider-angioma-9.jpg
20,E:\MedicalData\kagglechallenge\Dermnet\train/Vascular Tumors/telangiectasias-1.jpg
20,E:\MedicalData\kagglechallenge\Dermnet\train/Vascular Tumors/telangiectasias-12.jpg
20,E:\MedicalData\kagglechallenge\Dermnet\train/Vascular Tumors/telangiectasias-13.jpg
20,E:\MedicalData\kagglechallenge\Dermnet\train/Vascular Tumors/telangiectasias-14.jpg
20,E:\MedicalData\kagglechallenge\Dermnet\train/Vascular Tumors/telangiectasias-15.jpg
20,E:\MedicalData\kagglechallenge\Dermnet\train/Vascular Tumors/telangiectasias-16.jpg
20,E:\MedicalData\kagglechallenge\Dermnet\train/Vascular Tumors/telangiectasias-17.jpg
20,E:\MedicalData\kagglechallenge\Dermnet\train/Vascular Tumors/telangiectasias-18.jpg
20,E:\MedicalData\kagglechallenge\Dermnet\train/Vascular Tumors/telangiectasias-20.jpg
20,E:\MedicalData\kagglechallenge\Dermnet\train/Vascular Tumors/telangiectasias-23.jpg
20,E:\MedicalData\kagglechallenge\Dermnet\train/Vascular Tumors/telangiectasias-24.jpg
20,E:\MedicalData\kagglechallenge\Dermnet\train/Vascular Tumors/telangiectasias-25.jpg
20,E:\MedicalData\kagglechallenge\Dermnet\train/Vascular Tumors/telangiectasias-26.jpg
20,E:\MedicalData\kagglechallenge\Dermnet\train/Vascular Tumors/telangiectasias-27.jpg
20,E:\MedicalData\kagglechallenge\Dermnet\train/Vascular Tumors/telangiectasias-29.jpg
20,E:\MedicalData\kagglechallenge\Dermnet\train/Vascular Tumors/telangiectasias-3.jpg
20,E:\MedicalData\kagglechallenge\Dermnet\train/Vascular Tumors/telangiectasias-30.jpg
20,E:\MedicalData\kagglechallenge\Dermnet\train/Vascular Tumors/telangiectasias-32.jpg
20,E:\MedicalData\kagglechallenge\Dermnet\train/Vascular Tumors/telangiectasias-33.jpg
20,E:\MedicalData\kagglechallenge\Dermnet\train/Vascular Tumors/telangiectasias-35.jpg
20,E:\MedicalData\kagglechallenge\Dermnet\train/Vascular Tumors/telangiectasias-36.jpg
20,E:\MedicalData\kagglechallenge\Dermnet\train/Vascular Tumors/telangiectasias-37.jpg
20,E:\MedicalData\kagglechallenge\Dermnet\train/Vascular Tumors/telangiectasias-38.jpg
20,E:\MedicalData\kagglechallenge\Dermnet\train/Vascular Tumors/telangiectasias-39.jpg
20,E:\MedicalData\kagglechallenge\Dermnet\train/Vascular Tumors/telangiectasias-4.jpg
20,E:\MedicalData\kagglechallenge\Dermnet\train/Vascular Tumors/telangiectasias-40.jpg
20,E:\MedicalData\kagglechallenge\Dermnet\train/Vascular Tumors/telangiectasias-41.jpg
20,E:\MedicalData\kagglechallenge\Dermnet\train/Vascular Tumors/telangiectasias-42.jpg
20,E:\MedicalData\kagglechallenge\Dermnet\train/Vascular Tumors/telangiectasias-44.jpg
20,E:\MedicalData\kagglechallenge\Dermnet\train/Vascular Tumors/telangiectasias-45.jpg
20,E:\MedicalData\kagglechallenge\Dermnet\train/Vascular Tumors/telangiectasias-46.jpg
20,E:\MedicalData\kagglechallenge\Dermnet\train/Vascular Tumors/telangiectasias-47.jpg
20,E:\MedicalData\kagglechallenge\Dermnet\train/Vascular Tumors/telangiectasias-48.jpg
20,E:\MedicalData\kagglechallenge\Dermnet\train/Vascular Tumors/telangiectasias-5.jpg
20,E:\MedicalData\kagglechallenge\Dermnet\train/Vascular Tumors/telangiectasias-51.jpg
20,E:\MedicalData\kagglechallenge\Dermnet\train/Vascular Tumors/telangiectasias-52.jpg
20,E:\MedicalData\kagglechallenge\Dermnet\train/Vascular Tumors/telangiectasias-53.jpg
20,E:\MedicalData\kagglechallenge\Dermnet\train/Vascular Tumors/telangiectasias-54.jpg
20,E:\MedicalData\kagglechallenge\Dermnet\train/Vascular Tumors/telangiectasias-55.jpg
20,E:\MedicalData\kagglechallenge\Dermnet\train/Vascular Tumors/telangiectasias-56.jpg
20,E:\MedicalData\kagglechallenge\Dermnet\train/Vascular Tumors/telangiectasias-57.jpg
20,E:\MedicalData\kagglechallenge\Dermnet\train/Vascular Tumors/telangiectasias-58.jpg
20,E:\MedicalData\kagglechallenge\Dermnet\train/Vascular Tumors/telangiectasias-7.jpg
20,E:\MedicalData\kagglechallenge\Dermnet\train/Vascular Tumors/telangiectasias-8.jpg
20,E:\MedicalData\kagglechallenge\Dermnet\train/Vascular Tumors/telangiectasias-9.jpg
20,E:\MedicalData\kagglechallenge\Dermnet\train/Vascular Tumors/thrombosed-vein-2.jpg
20,E:\MedicalData\kagglechallenge\Dermnet\train/Vascular Tumors/unilateral-telangiectasia-2.jpg
20,E:\MedicalData\kagglechallenge\Dermnet\train/Vascular Tumors/unilateral-telangiectasia-3.jpg
20,E:\MedicalData\kagglechallenge\Dermnet\train/Vascular Tumors/unilateral-telangiectasia-4.jpg
20,E:\MedicalData\kagglechallenge\Dermnet\train/Vascular Tumors/vascular-anomaly-2.jpg
20,E:\MedicalData\kagglechallenge\Dermnet\train/Vascular Tumors/vascular-anomaly-7.jpg
20,E:\MedicalData\kagglechallenge\Dermnet\train/Vascular Tumors/vascular-anomaly-8.jpg
20,E:\MedicalData\kagglechallenge\Dermnet\train/Vascular Tumors/venous-lake-1.jpg
20,E:\MedicalData\kagglechallenge\Dermnet\train/Vascular Tumors/venous-lake-11.jpg
20,E:\MedicalData\kagglechallenge\Dermnet\train/Vascular Tumors/venous-lake-12.jpg
20,E:\MedicalData\kagglechallenge\Dermnet\train/Vascular Tumors/venous-lake-13.jpg
20,E:\MedicalData\kagglechallenge\Dermnet\train/Vascular Tumors/venous-lake-14.jpg
20,E:\MedicalData\kagglechallenge\Dermnet\train/Vascular Tumors/venous-lake-19.jpg
20,E:\MedicalData\kagglechallenge\Dermnet\train/Vascular Tumors/venous-lake-21.jpg
20,E:\MedicalData\kagglechallenge\Dermnet\train/Vascular Tumors/venous-lake-25.jpg
20,E:\MedicalData\kagglechallenge\Dermnet\train/Vascular Tumors/venous-lake-26.jpg
20,E:\MedicalData\kagglechallenge\Dermnet\train/Vascular Tumors/venous-lake-27.jpg
20,E:\MedicalData\kagglechallenge\Dermnet\train/Vascular Tumors/venous-lake-3.jpg
20,E:\MedicalData\kagglechallenge\Dermnet\train/Vascular Tumors/venous-lake-30.jpg
20,E:\MedicalData\kagglechallenge\Dermnet\train/Vascular Tumors/venous-lake-31.jpg
20,E:\MedicalData\kagglechallenge\Dermnet\train/Vascular Tumors/venous-lake-32.jpg
20,E:\MedicalData\kagglechallenge\Dermnet\train/Vascular Tumors/venous-lake-33.jpg
20,E:\MedicalData\kagglechallenge\Dermnet\train/Vascular Tumors/venous-lake-36.jpg
20,E:\MedicalData\kagglechallenge\Dermnet\train/Vascular Tumors/venous-lake-37.jpg
20,E:\MedicalData\kagglechallenge\Dermnet\train/Vascular Tumors/venous-lake-38.jpg
20,E:\MedicalData\kagglechallenge\Dermnet\train/Vascular Tumors/venous-lake-39.jpg
20,E:\MedicalData\kagglechallenge\Dermnet\train/Vascular Tumors/venous-lake-4.jpg
20,E:\MedicalData\kagglechallenge\Dermnet\train/Vascular Tumors/venous-lake-40.jpg
20,E:\MedicalData\kagglechallenge\Dermnet\train/Vascular Tumors/venous-lake-41.jpg
20,E:\MedicalData\kagglechallenge\Dermnet\train/Vascular Tumors/venous-lake-42.jpg
20,E:\MedicalData\kagglechallenge\Dermnet\train/Vascular Tumors/venous-lake-43.jpg
20,E:\MedicalData\kagglechallenge\Dermnet\train/Vascular Tumors/venous-lake-45.jpg
20,E:\MedicalData\kagglechallenge\Dermnet\train/Vascular Tumors/venous-lake-46.jpg
20,E:\MedicalData\kagglechallenge\Dermnet\train/Vascular Tumors/venous-lake-49.jpg
20,E:\MedicalData\kagglechallenge\Dermnet\train/Vascular Tumors/venous-lake-5.jpg
20,E:\MedicalData\kagglechallenge\Dermnet\train/Vascular Tumors/venous-lake-6.jpg
20,E:\MedicalData\kagglechallenge\Dermnet\train/Vascular Tumors/venous-lake-7.jpg
20,E:\MedicalData\kagglechallenge\Dermnet\train/Vascular Tumors/venous-lake-9.jpg
20,E:\MedicalData\kagglechallenge\Dermnet\train/Vascular Tumors/venous-malformations-10.jpg
20,E:\MedicalData\kagglechallenge\Dermnet\train/Vascular Tumors/venous-malformations-11.jpg
20,E:\MedicalData\kagglechallenge\Dermnet\train/Vascular Tumors/venous-malformations-12.jpg
20,E:\MedicalData\kagglechallenge\Dermnet\train/Vascular Tumors/venous-malformations-13.jpg
20,E:\MedicalData\kagglechallenge\Dermnet\train/Vascular Tumors/venous-malformations-14.jpg
20,E:\MedicalData\kagglechallenge\Dermnet\train/Vascular Tumors/venous-malformations-15.jpg
20,E:\MedicalData\kagglechallenge\Dermnet\train/Vascular Tumors/venous-malformations-17.jpg
20,E:\MedicalData\kagglechallenge\Dermnet\train/Vascular Tumors/venous-malformations-18.jpg
20,E:\MedicalData\kagglechallenge\Dermnet\train/Vascular Tumors/venous-malformations-19.jpg
20,E:\MedicalData\kagglechallenge\Dermnet\train/Vascular Tumors/venous-malformations-2.jpg
20,E:\MedicalData\kagglechallenge\Dermnet\train/Vascular Tumors/venous-malformations-20.jpg
20,E:\MedicalData\kagglechallenge\Dermnet\train/Vascular Tumors/venous-malformations-21.jpg
20,E:\MedicalData\kagglechallenge\Dermnet\train/Vascular Tumors/venous-malformations-22.jpg
20,E:\MedicalData\kagglechallenge\Dermnet\train/Vascular Tumors/venous-malformations-23.jpg
20,E:\MedicalData\kagglechallenge\Dermnet\train/Vascular Tumors/venous-malformations-25.jpg
20,E:\MedicalData\kagglechallenge\Dermnet\train/Vascular Tumors/venous-malformations-26.jpg
20,E:\MedicalData\kagglechallenge\Dermnet\train/Vascular Tumors/venous-malformations-27.jpg
20,E:\MedicalData\kagglechallenge\Dermnet\train/Vascular Tumors/venous-malformations-28.jpg
20,E:\MedicalData\kagglechallenge\Dermnet\train/Vascular Tumors/venous-malformations-29.jpg
20,E:\MedicalData\kagglechallenge\Dermnet\train/Vascular Tumors/venous-malformations-3.jpg
20,E:\MedicalData\kagglechallenge\Dermnet\train/Vascular Tumors/venous-malformations-30.jpg
20,E:\MedicalData\kagglechallenge\Dermnet\train/Vascular Tumors/venous-malformations-31.jpg
20,E:\MedicalData\kagglechallenge\Dermnet\train/Vascular Tumors/venous-malformations-32.jpg
20,E:\MedicalData\kagglechallenge\Dermnet\train/Vascular Tumors/venous-malformations-33.jpg
20,E:\MedicalData\kagglechallenge\Dermnet\train/Vascular Tumors/venous-malformations-35.jpg
20,E:\MedicalData\kagglechallenge\Dermnet\train/Vascular Tumors/venous-malformations-37.jpg
20,E:\MedicalData\kagglechallenge\Dermnet\train/Vascular Tumors/venous-malformations-38.jpg
20,E:\MedicalData\kagglechallenge\Dermnet\train/Vascular Tumors/venous-malformations-39.jpg
20,E:\MedicalData\kagglechallenge\Dermnet\train/Vascular Tumors/venous-malformations-42.jpg
20,E:\MedicalData\kagglechallenge\Dermnet\train/Vascular Tumors/venous-malformations-46.jpg
20,E:\MedicalData\kagglechallenge\Dermnet\train/Vascular Tumors/venous-malformations-47.jpg
20,E:\MedicalData\kagglechallenge\Dermnet\train/Vascular Tumors/venous-malformations-48.jpg
20,E:\MedicalData\kagglechallenge\Dermnet\train/Vascular Tumors/venous-malformations-50.jpg
20,E:\MedicalData\kagglechallenge\Dermnet\train/Vascular Tumors/venous-malformations-51.jpg
20,E:\MedicalData\kagglechallenge\Dermnet\train/Vascular Tumors/venous-malformations-52.jpg
20,E:\MedicalData\kagglechallenge\Dermnet\train/Vascular Tumors/venous-malformations-53.jpg
20,E:\MedicalData\kagglechallenge\Dermnet\train/Vascular Tumors/venous-malformations-54.jpg
20,E:\MedicalData\kagglechallenge\Dermnet\train/Vascular Tumors/venous-malformations-55.jpg
20,E:\MedicalData\kagglechallenge\Dermnet\train/Vascular Tumors/venous-malformations-57.jpg
20,E:\MedicalData\kagglechallenge\Dermnet\train/Vascular Tumors/venous-malformations-6.jpg
20,E:\MedicalData\kagglechallenge\Dermnet\train/Vascular Tumors/venous-malformations-60.jpg
20,E:\MedicalData\kagglechallenge\Dermnet\train/Vascular Tumors/venous-malformations-62.jpg
20,E:\MedicalData\kagglechallenge\Dermnet\train/Vascular Tumors/venous-malformations-63.jpg
20,E:\MedicalData\kagglechallenge\Dermnet\train/Vascular Tumors/venous-malformations-65.jpg
20,E:\MedicalData\kagglechallenge\Dermnet\train/Vascular Tumors/venous-malformations-66.jpg
20,E:\MedicalData\kagglechallenge\Dermnet\train/Vascular Tumors/venous-malformations-67.jpg
20,E:\MedicalData\kagglechallenge\Dermnet\train/Vascular Tumors/venous-malformations-68.jpg
20,E:\MedicalData\kagglechallenge\Dermnet\train/Vascular Tumors/venous-malformations-69.jpg
20,E:\MedicalData\kagglechallenge\Dermnet\train/Vascular Tumors/venous-malformations-7.jpg
20,E:\MedicalData\kagglechallenge\Dermnet\train/Vascular Tumors/venous-malformations-70.jpg
20,E:\MedicalData\kagglechallenge\Dermnet\train/Vascular Tumors/venous-malformations-71.jpg
20,E:\MedicalData\kagglechallenge\Dermnet\train/Vascular Tumors/venous-malformations-72.jpg
20,E:\MedicalData\kagglechallenge\Dermnet\train/Vascular Tumors/venous-malformations-74.jpg
20,E:\MedicalData\kagglechallenge\Dermnet\train/Vascular Tumors/venous-malformations-75.jpg
20,E:\MedicalData\kagglechallenge\Dermnet\train/Vascular Tumors/venous-malformations-76.jpg
20,E:\MedicalData\kagglechallenge\Dermnet\train/Vascular Tumors/venous-malformations-77.jpg
20,E:\MedicalData\kagglechallenge\Dermnet\train/Vascular Tumors/venous-malformations-8.jpg
21,E:\MedicalData\kagglechallenge\Dermnet\train/Vasculitis Photos/atrophy-blanche-1.jpg
21,E:\MedicalData\kagglechallenge\Dermnet\train/Vasculitis Photos/atrophy-blanche-2.jpg
21,E:\MedicalData\kagglechallenge\Dermnet\train/Vasculitis Photos/atrophy-blanche-5.jpg
21,E:\MedicalData\kagglechallenge\Dermnet\train/Vasculitis Photos/atrophy-blanche-6.jpg
21,E:\MedicalData\kagglechallenge\Dermnet\train/Vasculitis Photos/Atypical-Pyoderma-Gangrenosum-1.jpg
21,E:\MedicalData\kagglechallenge\Dermnet\train/Vasculitis Photos/erythema-elevatum-diutinum-1.jpg
21,E:\MedicalData\kagglechallenge\Dermnet\train/Vasculitis Photos/erythema-multiforme-1.jpg
21,E:\MedicalData\kagglechallenge\Dermnet\train/Vasculitis Photos/erythema-multiforme-102.jpg
21,E:\MedicalData\kagglechallenge\Dermnet\train/Vasculitis Photos/erythema-multiforme-103.jpg
21,E:\MedicalData\kagglechallenge\Dermnet\train/Vasculitis Photos/erythema-multiforme-106.jpg
21,E:\MedicalData\kagglechallenge\Dermnet\train/Vasculitis Photos/erythema-multiforme-107.jpg
21,E:\MedicalData\kagglechallenge\Dermnet\train/Vasculitis Photos/erythema-multiforme-108.jpg
21,E:\MedicalData\kagglechallenge\Dermnet\train/Vasculitis Photos/erythema-multiforme-11.jpg
21,E:\MedicalData\kagglechallenge\Dermnet\train/Vasculitis Photos/erythema-multiforme-110.jpg
21,E:\MedicalData\kagglechallenge\Dermnet\train/Vasculitis Photos/erythema-multiforme-111.jpg
21,E:\MedicalData\kagglechallenge\Dermnet\train/Vasculitis Photos/erythema-multiforme-113.jpg
21,E:\MedicalData\kagglechallenge\Dermnet\train/Vasculitis Photos/erythema-multiforme-114.jpg
21,E:\MedicalData\kagglechallenge\Dermnet\train/Vasculitis Photos/erythema-multiforme-115.jpg
21,E:\MedicalData\kagglechallenge\Dermnet\train/Vasculitis Photos/erythema-multiforme-116.jpg
21,E:\MedicalData\kagglechallenge\Dermnet\train/Vasculitis Photos/erythema-multiforme-117.jpg
21,E:\MedicalData\kagglechallenge\Dermnet\train/Vasculitis Photos/erythema-multiforme-118.jpg
21,E:\MedicalData\kagglechallenge\Dermnet\train/Vasculitis Photos/erythema-multiforme-120.jpg
21,E:\MedicalData\kagglechallenge\Dermnet\train/Vasculitis Photos/erythema-multiforme-121.jpg
21,E:\MedicalData\kagglechallenge\Dermnet\train/Vasculitis Photos/erythema-multiforme-122.jpg
21,E:\MedicalData\kagglechallenge\Dermnet\train/Vasculitis Photos/erythema-multiforme-123.jpg
21,E:\MedicalData\kagglechallenge\Dermnet\train/Vasculitis Photos/erythema-multiforme-124.jpg
21,E:\MedicalData\kagglechallenge\Dermnet\train/Vasculitis Photos/erythema-multiforme-126.jpg
21,E:\MedicalData\kagglechallenge\Dermnet\train/Vasculitis Photos/erythema-multiforme-127.jpg
21,E:\MedicalData\kagglechallenge\Dermnet\train/Vasculitis Photos/erythema-multiforme-128.jpg
21,E:\MedicalData\kagglechallenge\Dermnet\train/Vasculitis Photos/erythema-multiforme-129.jpg
21,E:\MedicalData\kagglechallenge\Dermnet\train/Vasculitis Photos/erythema-multiforme-130.jpg
21,E:\MedicalData\kagglechallenge\Dermnet\train/Vasculitis Photos/erythema-multiforme-131.jpg
21,E:\MedicalData\kagglechallenge\Dermnet\train/Vasculitis Photos/erythema-multiforme-132.jpg
21,E:\MedicalData\kagglechallenge\Dermnet\train/Vasculitis Photos/erythema-multiforme-133.jpg
21,E:\MedicalData\kagglechallenge\Dermnet\train/Vasculitis Photos/erythema-multiforme-134.jpg
21,E:\MedicalData\kagglechallenge\Dermnet\train/Vasculitis Photos/erythema-multiforme-135.jpg
21,E:\MedicalData\kagglechallenge\Dermnet\train/Vasculitis Photos/erythema-multiforme-137.jpg
21,E:\MedicalData\kagglechallenge\Dermnet\train/Vasculitis Photos/erythema-multiforme-138.jpg
21,E:\MedicalData\kagglechallenge\Dermnet\train/Vasculitis Photos/erythema-multiforme-14.jpg
21,E:\MedicalData\kagglechallenge\Dermnet\train/Vasculitis Photos/erythema-multiforme-140.jpg
21,E:\MedicalData\kagglechallenge\Dermnet\train/Vasculitis Photos/erythema-multiforme-144.jpg
21,E:\MedicalData\kagglechallenge\Dermnet\train/Vasculitis Photos/erythema-multiforme-145.jpg
21,E:\MedicalData\kagglechallenge\Dermnet\train/Vasculitis Photos/erythema-multiforme-146.jpg
21,E:\MedicalData\kagglechallenge\Dermnet\train/Vasculitis Photos/erythema-multiforme-147.jpg
21,E:\MedicalData\kagglechallenge\Dermnet\train/Vasculitis Photos/erythema-multiforme-148.jpg
21,E:\MedicalData\kagglechallenge\Dermnet\train/Vasculitis Photos/erythema-multiforme-15.jpg
21,E:\MedicalData\kagglechallenge\Dermnet\train/Vasculitis Photos/erythema-multiforme-151.jpg
21,E:\MedicalData\kagglechallenge\Dermnet\train/Vasculitis Photos/erythema-multiforme-152.jpg
21,E:\MedicalData\kagglechallenge\Dermnet\train/Vasculitis Photos/erythema-multiforme-153.jpg
21,E:\MedicalData\kagglechallenge\Dermnet\train/Vasculitis Photos/erythema-multiforme-154.jpg
21,E:\MedicalData\kagglechallenge\Dermnet\train/Vasculitis Photos/erythema-multiforme-155.jpg
21,E:\MedicalData\kagglechallenge\Dermnet\train/Vasculitis Photos/erythema-multiforme-156.jpg
21,E:\MedicalData\kagglechallenge\Dermnet\train/Vasculitis Photos/erythema-multiforme-158.jpg
21,E:\MedicalData\kagglechallenge\Dermnet\train/Vasculitis Photos/erythema-multiforme-159.jpg
21,E:\MedicalData\kagglechallenge\Dermnet\train/Vasculitis Photos/erythema-multiforme-160.jpg
21,E:\MedicalData\kagglechallenge\Dermnet\train/Vasculitis Photos/erythema-multiforme-161.jpg
21,E:\MedicalData\kagglechallenge\Dermnet\train/Vasculitis Photos/erythema-multiforme-162.jpg
21,E:\MedicalData\kagglechallenge\Dermnet\train/Vasculitis Photos/erythema-multiforme-163.jpg
21,E:\MedicalData\kagglechallenge\Dermnet\train/Vasculitis Photos/erythema-multiforme-165.jpg
21,E:\MedicalData\kagglechallenge\Dermnet\train/Vasculitis Photos/erythema-multiforme-166.jpg
21,E:\MedicalData\kagglechallenge\Dermnet\train/Vasculitis Photos/erythema-multiforme-167.jpg
21,E:\MedicalData\kagglechallenge\Dermnet\train/Vasculitis Photos/erythema-multiforme-168.jpg
21,E:\MedicalData\kagglechallenge\Dermnet\train/Vasculitis Photos/erythema-multiforme-169.jpg
21,E:\MedicalData\kagglechallenge\Dermnet\train/Vasculitis Photos/erythema-multiforme-17.jpg
21,E:\MedicalData\kagglechallenge\Dermnet\train/Vasculitis Photos/erythema-multiforme-171.jpg
21,E:\MedicalData\kagglechallenge\Dermnet\train/Vasculitis Photos/erythema-multiforme-172.jpg
21,E:\MedicalData\kagglechallenge\Dermnet\train/Vasculitis Photos/erythema-multiforme-173.jpg
21,E:\MedicalData\kagglechallenge\Dermnet\train/Vasculitis Photos/erythema-multiforme-174.jpg
21,E:\MedicalData\kagglechallenge\Dermnet\train/Vasculitis Photos/erythema-multiforme-176.jpg
21,E:\MedicalData\kagglechallenge\Dermnet\train/Vasculitis Photos/erythema-multiforme-177.jpg
21,E:\MedicalData\kagglechallenge\Dermnet\train/Vasculitis Photos/erythema-multiforme-178.jpg
21,E:\MedicalData\kagglechallenge\Dermnet\train/Vasculitis Photos/erythema-multiforme-179.jpg
21,E:\MedicalData\kagglechallenge\Dermnet\train/Vasculitis Photos/erythema-multiforme-18.jpg
21,E:\MedicalData\kagglechallenge\Dermnet\train/Vasculitis Photos/erythema-multiforme-180.jpg
21,E:\MedicalData\kagglechallenge\Dermnet\train/Vasculitis Photos/erythema-multiforme-2.jpg
21,E:\MedicalData\kagglechallenge\Dermnet\train/Vasculitis Photos/erythema-multiforme-21.jpg
21,E:\MedicalData\kagglechallenge\Dermnet\train/Vasculitis Photos/erythema-multiforme-22.jpg
21,E:\MedicalData\kagglechallenge\Dermnet\train/Vasculitis Photos/erythema-multiforme-23.jpg
21,E:\MedicalData\kagglechallenge\Dermnet\train/Vasculitis Photos/erythema-multiforme-24.jpg
21,E:\MedicalData\kagglechallenge\Dermnet\train/Vasculitis Photos/erythema-multiforme-25.jpg
21,E:\MedicalData\kagglechallenge\Dermnet\train/Vasculitis Photos/erythema-multiforme-26.jpg
21,E:\MedicalData\kagglechallenge\Dermnet\train/Vasculitis Photos/erythema-multiforme-28.jpg
21,E:\MedicalData\kagglechallenge\Dermnet\train/Vasculitis Photos/erythema-multiforme-29.jpg
21,E:\MedicalData\kagglechallenge\Dermnet\train/Vasculitis Photos/erythema-multiforme-30.jpg
21,E:\MedicalData\kagglechallenge\Dermnet\train/Vasculitis Photos/erythema-multiforme-32.jpg
21,E:\MedicalData\kagglechallenge\Dermnet\train/Vasculitis Photos/erythema-multiforme-8.jpg
21,E:\MedicalData\kagglechallenge\Dermnet\train/Vasculitis Photos/erythema-multiforme-80.jpg
21,E:\MedicalData\kagglechallenge\Dermnet\train/Vasculitis Photos/erythema-multiforme-81.jpg
21,E:\MedicalData\kagglechallenge\Dermnet\train/Vasculitis Photos/erythema-multiforme-82.jpg
21,E:\MedicalData\kagglechallenge\Dermnet\train/Vasculitis Photos/erythema-multiforme-83.jpg
21,E:\MedicalData\kagglechallenge\Dermnet\train/Vasculitis Photos/erythema-multiforme-84.jpg
21,E:\MedicalData\kagglechallenge\Dermnet\train/Vasculitis Photos/erythema-multiforme-85.jpg
21,E:\MedicalData\kagglechallenge\Dermnet\train/Vasculitis Photos/erythema-multiforme-86.jpg
21,E:\MedicalData\kagglechallenge\Dermnet\train/Vasculitis Photos/erythema-multiforme-87.jpg
21,E:\MedicalData\kagglechallenge\Dermnet\train/Vasculitis Photos/erythema-multiforme-89.jpg
21,E:\MedicalData\kagglechallenge\Dermnet\train/Vasculitis Photos/erythema-multiforme-90.jpg
21,E:\MedicalData\kagglechallenge\Dermnet\train/Vasculitis Photos/erythema-multiforme-91.jpg
21,E:\MedicalData\kagglechallenge\Dermnet\train/Vasculitis Photos/erythema-multiforme-92.jpg
21,E:\MedicalData\kagglechallenge\Dermnet\train/Vasculitis Photos/erythema-multiforme-93.jpg
21,E:\MedicalData\kagglechallenge\Dermnet\train/Vasculitis Photos/erythema-multiforme-96.jpg
21,E:\MedicalData\kagglechallenge\Dermnet\train/Vasculitis Photos/erythema-multiforme-97.jpg
21,E:\MedicalData\kagglechallenge\Dermnet\train/Vasculitis Photos/erythema-multiforme-99.jpg
21,E:\MedicalData\kagglechallenge\Dermnet\train/Vasculitis Photos/erythema-nodosum-1.jpg
21,E:\MedicalData\kagglechallenge\Dermnet\train/Vasculitis Photos/erythema-nodosum-10.jpg
21,E:\MedicalData\kagglechallenge\Dermnet\train/Vasculitis Photos/erythema-nodosum-12.jpg
21,E:\MedicalData\kagglechallenge\Dermnet\train/Vasculitis Photos/erythema-nodosum-13.jpg
21,E:\MedicalData\kagglechallenge\Dermnet\train/Vasculitis Photos/erythema-nodosum-14.jpg
21,E:\MedicalData\kagglechallenge\Dermnet\train/Vasculitis Photos/erythema-nodosum-15.jpg
21,E:\MedicalData\kagglechallenge\Dermnet\train/Vasculitis Photos/erythema-nodosum-16.jpg
21,E:\MedicalData\kagglechallenge\Dermnet\train/Vasculitis Photos/erythema-nodosum-17.jpg
21,E:\MedicalData\kagglechallenge\Dermnet\train/Vasculitis Photos/erythema-nodosum-18.jpg
21,E:\MedicalData\kagglechallenge\Dermnet\train/Vasculitis Photos/erythema-nodosum-19.jpg
21,E:\MedicalData\kagglechallenge\Dermnet\train/Vasculitis Photos/erythema-nodosum-2.jpg
21,E:\MedicalData\kagglechallenge\Dermnet\train/Vasculitis Photos/erythema-nodosum-20.jpg
21,E:\MedicalData\kagglechallenge\Dermnet\train/Vasculitis Photos/erythema-nodosum-21.jpg
21,E:\MedicalData\kagglechallenge\Dermnet\train/Vasculitis Photos/erythema-nodosum-22.jpg
21,E:\MedicalData\kagglechallenge\Dermnet\train/Vasculitis Photos/erythema-nodosum-24.jpg
21,E:\MedicalData\kagglechallenge\Dermnet\train/Vasculitis Photos/erythema-nodosum-25.jpg
21,E:\MedicalData\kagglechallenge\Dermnet\train/Vasculitis Photos/erythema-nodosum-26.jpg
21,E:\MedicalData\kagglechallenge\Dermnet\train/Vasculitis Photos/erythema-nodosum-27.jpg
21,E:\MedicalData\kagglechallenge\Dermnet\train/Vasculitis Photos/erythema-nodosum-28.jpg
21,E:\MedicalData\kagglechallenge\Dermnet\train/Vasculitis Photos/erythema-nodosum-3.jpg
21,E:\MedicalData\kagglechallenge\Dermnet\train/Vasculitis Photos/erythema-nodosum-30.jpg
21,E:\MedicalData\kagglechallenge\Dermnet\train/Vasculitis Photos/erythema-nodosum-31.jpg
21,E:\MedicalData\kagglechallenge\Dermnet\train/Vasculitis Photos/erythema-nodosum-33.jpg
21,E:\MedicalData\kagglechallenge\Dermnet\train/Vasculitis Photos/erythema-nodosum-35.jpg
21,E:\MedicalData\kagglechallenge\Dermnet\train/Vasculitis Photos/erythema-nodosum-36.jpg
21,E:\MedicalData\kagglechallenge\Dermnet\train/Vasculitis Photos/erythema-nodosum-37.jpg
21,E:\MedicalData\kagglechallenge\Dermnet\train/Vasculitis Photos/erythema-nodosum-39.jpg
21,E:\MedicalData\kagglechallenge\Dermnet\train/Vasculitis Photos/erythema-nodosum-40.jpg
21,E:\MedicalData\kagglechallenge\Dermnet\train/Vasculitis Photos/erythema-nodosum-41.jpg
21,E:\MedicalData\kagglechallenge\Dermnet\train/Vasculitis Photos/erythema-nodosum-43.jpg
21,E:\MedicalData\kagglechallenge\Dermnet\train/Vasculitis Photos/erythema-nodosum-44.jpg
21,E:\MedicalData\kagglechallenge\Dermnet\train/Vasculitis Photos/erythema-nodosum-5.jpg
21,E:\MedicalData\kagglechallenge\Dermnet\train/Vasculitis Photos/erythema-nodosum-7.jpg
21,E:\MedicalData\kagglechallenge\Dermnet\train/Vasculitis Photos/erythema-nodosum-9.jpg
21,E:\MedicalData\kagglechallenge\Dermnet\train/Vasculitis Photos/granuloma-faciale-1.jpg
21,E:\MedicalData\kagglechallenge\Dermnet\train/Vasculitis Photos/granuloma-faciale-3.jpg
21,E:\MedicalData\kagglechallenge\Dermnet\train/Vasculitis Photos/granuloma-faciale-4.jpg
21,E:\MedicalData\kagglechallenge\Dermnet\train/Vasculitis Photos/granuloma-faciale-5.jpg
21,E:\MedicalData\kagglechallenge\Dermnet\train/Vasculitis Photos/henoch-schonlein-purpura-1.jpg
21,E:\MedicalData\kagglechallenge\Dermnet\train/Vasculitis Photos/henoch-schonlein-purpura-11.jpg
21,E:\MedicalData\kagglechallenge\Dermnet\train/Vasculitis Photos/henoch-schonlein-purpura-13.jpg
21,E:\MedicalData\kagglechallenge\Dermnet\train/Vasculitis Photos/henoch-schonlein-purpura-14.jpg
21,E:\MedicalData\kagglechallenge\Dermnet\train/Vasculitis Photos/henoch-schonlein-purpura-15.jpg
21,E:\MedicalData\kagglechallenge\Dermnet\train/Vasculitis Photos/henoch-schonlein-purpura-17.jpg
21,E:\MedicalData\kagglechallenge\Dermnet\train/Vasculitis Photos/henoch-schonlein-purpura-2.jpg
21,E:\MedicalData\kagglechallenge\Dermnet\train/Vasculitis Photos/henoch-schonlein-purpura-20.jpg
21,E:\MedicalData\kagglechallenge\Dermnet\train/Vasculitis Photos/henoch-schonlein-purpura-21.jpg
21,E:\MedicalData\kagglechallenge\Dermnet\train/Vasculitis Photos/henoch-schonlein-purpura-22.jpg
21,E:\MedicalData\kagglechallenge\Dermnet\train/Vasculitis Photos/henoch-schonlein-purpura-23.jpg
21,E:\MedicalData\kagglechallenge\Dermnet\train/Vasculitis Photos/henoch-schonlein-purpura-25.jpg
21,E:\MedicalData\kagglechallenge\Dermnet\train/Vasculitis Photos/henoch-schonlein-purpura-4.jpg
21,E:\MedicalData\kagglechallenge\Dermnet\train/Vasculitis Photos/henoch-schonlein-purpura-5.jpg
21,E:\MedicalData\kagglechallenge\Dermnet\train/Vasculitis Photos/henoch-schonlein-purpura-6.jpg
21,E:\MedicalData\kagglechallenge\Dermnet\train/Vasculitis Photos/henoch-schonlein-purpura-8.jpg
21,E:\MedicalData\kagglechallenge\Dermnet\train/Vasculitis Photos/henoch-schonlein-purpura-9.jpg
21,E:\MedicalData\kagglechallenge\Dermnet\train/Vasculitis Photos/interstitial-granulomatous-dermatitis-12.jpg
21,E:\MedicalData\kagglechallenge\Dermnet\train/Vasculitis Photos/interstitial-granulomatous-dermatitis-13.jpg
21,E:\MedicalData\kagglechallenge\Dermnet\train/Vasculitis Photos/interstitial-granulomatous-dermatitis-14.jpg
21,E:\MedicalData\kagglechallenge\Dermnet\train/Vasculitis Photos/interstitial-granulomatous-dermatitis-15.jpg
21,E:\MedicalData\kagglechallenge\Dermnet\train/Vasculitis Photos/interstitial-granulomatous-dermatitis-17.jpg
21,E:\MedicalData\kagglechallenge\Dermnet\train/Vasculitis Photos/interstitial-granulomatous-dermatitis-18.jpg
21,E:\MedicalData\kagglechallenge\Dermnet\train/Vasculitis Photos/interstitial-granulomatous-dermatitis-19.jpg
21,E:\MedicalData\kagglechallenge\Dermnet\train/Vasculitis Photos/interstitial-granulomatous-dermatitis-2.jpg
21,E:\MedicalData\kagglechallenge\Dermnet\train/Vasculitis Photos/interstitial-granulomatous-dermatitis-20.jpg
21,E:\MedicalData\kagglechallenge\Dermnet\train/Vasculitis Photos/interstitial-granulomatous-dermatitis-3.jpg
21,E:\MedicalData\kagglechallenge\Dermnet\train/Vasculitis Photos/interstitial-granulomatous-dermatitis-4.jpg
21,E:\MedicalData\kagglechallenge\Dermnet\train/Vasculitis Photos/interstitial-granulomatous-dermatitis-5.jpg
21,E:\MedicalData\kagglechallenge\Dermnet\train/Vasculitis Photos/interstitial-granulomatous-dermatitis-7.jpg
21,E:\MedicalData\kagglechallenge\Dermnet\train/Vasculitis Photos/interstitial-granulomatous-dermatitis-8.jpg
21,E:\MedicalData\kagglechallenge\Dermnet\train/Vasculitis Photos/livido-reticularis-1.jpg
21,E:\MedicalData\kagglechallenge\Dermnet\train/Vasculitis Photos/livido-reticularis-10.jpg
21,E:\MedicalData\kagglechallenge\Dermnet\train/Vasculitis Photos/livido-reticularis-2.jpg
21,E:\MedicalData\kagglechallenge\Dermnet\train/Vasculitis Photos/livido-reticularis-3.jpg
21,E:\MedicalData\kagglechallenge\Dermnet\train/Vasculitis Photos/livido-reticularis-4.jpg
21,E:\MedicalData\kagglechallenge\Dermnet\train/Vasculitis Photos/livido-reticularis-6.jpg
21,E:\MedicalData\kagglechallenge\Dermnet\train/Vasculitis Photos/livido-reticularis-7.jpg
21,E:\MedicalData\kagglechallenge\Dermnet\train/Vasculitis Photos/livido-reticularis-9.jpg
21,E:\MedicalData\kagglechallenge\Dermnet\train/Vasculitis Photos/majocchi-purpura-tel-1.jpg
21,E:\MedicalData\kagglechallenge\Dermnet\train/Vasculitis Photos/majocchi-purpura-tel-2.jpg
21,E:\MedicalData\kagglechallenge\Dermnet\train/Vasculitis Photos/panniculitis-1.jpg
21,E:\MedicalData\kagglechallenge\Dermnet\train/Vasculitis Photos/panniculitis-2.jpg
21,E:\MedicalData\kagglechallenge\Dermnet\train/Vasculitis Photos/polyarteritis-nodosa-2.jpg
21,E:\MedicalData\kagglechallenge\Dermnet\train/Vasculitis Photos/pyoderma-gangrenosum-13.jpg
21,E:\MedicalData\kagglechallenge\Dermnet\train/Vasculitis Photos/pyoderma-gangrenosum-15.jpg
21,E:\MedicalData\kagglechallenge\Dermnet\train/Vasculitis Photos/pyoderma-gangrenosum-17.jpg
21,E:\MedicalData\kagglechallenge\Dermnet\train/Vasculitis Photos/pyoderma-gangrenosum-18.jpg
21,E:\MedicalData\kagglechallenge\Dermnet\train/Vasculitis Photos/pyoderma-gangrenosum-19.jpg
21,E:\MedicalData\kagglechallenge\Dermnet\train/Vasculitis Photos/pyoderma-gangrenosum-2.jpg
21,E:\MedicalData\kagglechallenge\Dermnet\train/Vasculitis Photos/pyoderma-gangrenosum-20.jpg
21,E:\MedicalData\kagglechallenge\Dermnet\train/Vasculitis Photos/pyoderma-gangrenosum-21.jpg
21,E:\MedicalData\kagglechallenge\Dermnet\train/Vasculitis Photos/pyoderma-gangrenosum-23.jpg
21,E:\MedicalData\kagglechallenge\Dermnet\train/Vasculitis Photos/pyoderma-gangrenosum-24.jpg
21,E:\MedicalData\kagglechallenge\Dermnet\train/Vasculitis Photos/pyoderma-gangrenosum-25.jpg
21,E:\MedicalData\kagglechallenge\Dermnet\train/Vasculitis Photos/pyoderma-gangrenosum-26.jpg
21,E:\MedicalData\kagglechallenge\Dermnet\train/Vasculitis Photos/pyoderma-gangrenosum-3.jpg
21,E:\MedicalData\kagglechallenge\Dermnet\train/Vasculitis Photos/pyoderma-gangrenosum-4.jpg
21,E:\MedicalData\kagglechallenge\Dermnet\train/Vasculitis Photos/pyoderma-gangrenosum-5.jpg
21,E:\MedicalData\kagglechallenge\Dermnet\train/Vasculitis Photos/pyoderma-gangrenosum-6.jpg
21,E:\MedicalData\kagglechallenge\Dermnet\train/Vasculitis Photos/pyoderma-gangrenosum-8.jpg
21,E:\MedicalData\kagglechallenge\Dermnet\train/Vasculitis Photos/pyoderma-gangrenosum-9.jpg
21,E:\MedicalData\kagglechallenge\Dermnet\train/Vasculitis Photos/Pyoderma-Gangrenosum-98.jpg
21,E:\MedicalData\kagglechallenge\Dermnet\train/Vasculitis Photos/Pyoderma-Gangrenosum-99.jpg
21,E:\MedicalData\kagglechallenge\Dermnet\train/Vasculitis Photos/schamberg-disease-10.jpg
21,E:\MedicalData\kagglechallenge\Dermnet\train/Vasculitis Photos/schamberg-disease-11.jpg
21,E:\MedicalData\kagglechallenge\Dermnet\train/Vasculitis Photos/schamberg-disease-12.jpg
21,E:\MedicalData\kagglechallenge\Dermnet\train/Vasculitis Photos/schamberg-disease-15.jpg
21,E:\MedicalData\kagglechallenge\Dermnet\train/Vasculitis Photos/schamberg-disease-17.jpg
21,E:\MedicalData\kagglechallenge\Dermnet\train/Vasculitis Photos/schamberg-disease-18.jpg
21,E:\MedicalData\kagglechallenge\Dermnet\train/Vasculitis Photos/schamberg-disease-21.jpg
21,E:\MedicalData\kagglechallenge\Dermnet\train/Vasculitis Photos/schamberg-disease-22.jpg
21,E:\MedicalData\kagglechallenge\Dermnet\train/Vasculitis Photos/schamberg-disease-24.jpg
21,E:\MedicalData\kagglechallenge\Dermnet\train/Vasculitis Photos/schamberg-disease-26.jpg
21,E:\MedicalData\kagglechallenge\Dermnet\train/Vasculitis Photos/schamberg-disease-27.jpg
21,E:\MedicalData\kagglechallenge\Dermnet\train/Vasculitis Photos/schamberg-disease-29.jpg
21,E:\MedicalData\kagglechallenge\Dermnet\train/Vasculitis Photos/schamberg-disease-3.jpg
21,E:\MedicalData\kagglechallenge\Dermnet\train/Vasculitis Photos/schamberg-disease-30.jpg
21,E:\MedicalData\kagglechallenge\Dermnet\train/Vasculitis Photos/schamberg-disease-31.jpg
21,E:\MedicalData\kagglechallenge\Dermnet\train/Vasculitis Photos/schamberg-disease-32.jpg
21,E:\MedicalData\kagglechallenge\Dermnet\train/Vasculitis Photos/schamberg-disease-33.jpg
21,E:\MedicalData\kagglechallenge\Dermnet\train/Vasculitis Photos/schamberg-disease-34.jpg
21,E:\MedicalData\kagglechallenge\Dermnet\train/Vasculitis Photos/schamberg-disease-36.jpg
21,E:\MedicalData\kagglechallenge\Dermnet\train/Vasculitis Photos/schamberg-disease-37.jpg
21,E:\MedicalData\kagglechallenge\Dermnet\train/Vasculitis Photos/schamberg-disease-38.jpg
21,E:\MedicalData\kagglechallenge\Dermnet\train/Vasculitis Photos/schamberg-disease-39.jpg
21,E:\MedicalData\kagglechallenge\Dermnet\train/Vasculitis Photos/schamberg-disease-4.jpg
21,E:\MedicalData\kagglechallenge\Dermnet\train/Vasculitis Photos/schamberg-disease-40.jpg
21,E:\MedicalData\kagglechallenge\Dermnet\train/Vasculitis Photos/schamberg-disease-41.jpg
21,E:\MedicalData\kagglechallenge\Dermnet\train/Vasculitis Photos/schamberg-disease-42.jpg
21,E:\MedicalData\kagglechallenge\Dermnet\train/Vasculitis Photos/schamberg-disease-44.jpg
21,E:\MedicalData\kagglechallenge\Dermnet\train/Vasculitis Photos/schamberg-disease-46.jpg
21,E:\MedicalData\kagglechallenge\Dermnet\train/Vasculitis Photos/schamberg-disease-47.jpg
21,E:\MedicalData\kagglechallenge\Dermnet\train/Vasculitis Photos/schamberg-disease-5.jpg
21,E:\MedicalData\kagglechallenge\Dermnet\train/Vasculitis Photos/schamberg-disease-50.jpg
21,E:\MedicalData\kagglechallenge\Dermnet\train/Vasculitis Photos/schamberg-disease-51.jpg
21,E:\MedicalData\kagglechallenge\Dermnet\train/Vasculitis Photos/schamberg-disease-53.jpg
21,E:\MedicalData\kagglechallenge\Dermnet\train/Vasculitis Photos/schamberg-disease-54.jpg
21,E:\MedicalData\kagglechallenge\Dermnet\train/Vasculitis Photos/schamberg-disease-55.jpg
21,E:\MedicalData\kagglechallenge\Dermnet\train/Vasculitis Photos/schamberg-disease-56.jpg
21,E:\MedicalData\kagglechallenge\Dermnet\train/Vasculitis Photos/schamberg-disease-57.jpg
21,E:\MedicalData\kagglechallenge\Dermnet\train/Vasculitis Photos/schamberg-disease-6.jpg
21,E:\MedicalData\kagglechallenge\Dermnet\train/Vasculitis Photos/schamberg-disease-60.jpg
21,E:\MedicalData\kagglechallenge\Dermnet\train/Vasculitis Photos/schamberg-disease-61.jpg
21,E:\MedicalData\kagglechallenge\Dermnet\train/Vasculitis Photos/schamberg-disease-62.jpg
21,E:\MedicalData\kagglechallenge\Dermnet\train/Vasculitis Photos/schamberg-disease-64.jpg
21,E:\MedicalData\kagglechallenge\Dermnet\train/Vasculitis Photos/schamberg-disease-65.jpg
21,E:\MedicalData\kagglechallenge\Dermnet\train/Vasculitis Photos/schamberg-disease-66.jpg
21,E:\MedicalData\kagglechallenge\Dermnet\train/Vasculitis Photos/schamberg-disease-67.jpg
21,E:\MedicalData\kagglechallenge\Dermnet\train/Vasculitis Photos/schamberg-disease-68.jpg
21,E:\MedicalData\kagglechallenge\Dermnet\train/Vasculitis Photos/schamberg-disease-69.jpg
21,E:\MedicalData\kagglechallenge\Dermnet\train/Vasculitis Photos/schamberg-disease-72.jpg
21,E:\MedicalData\kagglechallenge\Dermnet\train/Vasculitis Photos/schamberg-disease-74.jpg
21,E:\MedicalData\kagglechallenge\Dermnet\train/Vasculitis Photos/schamberg-disease-75.jpg
21,E:\MedicalData\kagglechallenge\Dermnet\train/Vasculitis Photos/schamberg-disease-76.jpg
21,E:\MedicalData\kagglechallenge\Dermnet\train/Vasculitis Photos/schamberg-disease-78.jpg
21,E:\MedicalData\kagglechallenge\Dermnet\train/Vasculitis Photos/schamberg-disease-9.jpg
21,E:\MedicalData\kagglechallenge\Dermnet\train/Vasculitis Photos/stevens-johnson-syndrome-1.jpg
21,E:\MedicalData\kagglechallenge\Dermnet\train/Vasculitis Photos/stevens-johnson-syndrome-10.jpg
21,E:\MedicalData\kagglechallenge\Dermnet\train/Vasculitis Photos/stevens-johnson-syndrome-2.jpg
21,E:\MedicalData\kagglechallenge\Dermnet\train/Vasculitis Photos/stevens-johnson-syndrome-4.jpg
21,E:\MedicalData\kagglechallenge\Dermnet\train/Vasculitis Photos/stevens-johnson-syndrome-5.jpg
21,E:\MedicalData\kagglechallenge\Dermnet\train/Vasculitis Photos/stevens-johnson-syndrome-6.jpg
21,E:\MedicalData\kagglechallenge\Dermnet\train/Vasculitis Photos/stevens-johnson-syndrome-7.jpg
21,E:\MedicalData\kagglechallenge\Dermnet\train/Vasculitis Photos/stevens-johnson-syndrome-8.jpg
21,E:\MedicalData\kagglechallenge\Dermnet\train/Vasculitis Photos/sweets-syndrome-1.jpg
21,E:\MedicalData\kagglechallenge\Dermnet\train/Vasculitis Photos/sweets-syndrome-2.jpg
21,E:\MedicalData\kagglechallenge\Dermnet\train/Vasculitis Photos/sweets-syndrome-3.jpg
21,E:\MedicalData\kagglechallenge\Dermnet\train/Vasculitis Photos/sweets-syndrome-4.jpg
21,E:\MedicalData\kagglechallenge\Dermnet\train/Vasculitis Photos/sweets-syndrome-6.jpg
21,E:\MedicalData\kagglechallenge\Dermnet\train/Vasculitis Photos/sweets-syndrome-7.jpg
21,E:\MedicalData\kagglechallenge\Dermnet\train/Vasculitis Photos/toxic-epidermal-necrolysis-3.jpg
21,E:\MedicalData\kagglechallenge\Dermnet\train/Vasculitis Photos/toxic-epidermal-necrolysis-4.jpg
21,E:\MedicalData\kagglechallenge\Dermnet\train/Vasculitis Photos/toxic-epidermal-necrolysis-5.jpg
21,E:\MedicalData\kagglechallenge\Dermnet\train/Vasculitis Photos/vasculitis-1.jpg
21,E:\MedicalData\kagglechallenge\Dermnet\train/Vasculitis Photos/vasculitis-10.jpg
21,E:\MedicalData\kagglechallenge\Dermnet\train/Vasculitis Photos/vasculitis-101.jpg
21,E:\MedicalData\kagglechallenge\Dermnet\train/Vasculitis Photos/vasculitis-102.jpg
21,E:\MedicalData\kagglechallenge\Dermnet\train/Vasculitis Photos/vasculitis-104.jpg
21,E:\MedicalData\kagglechallenge\Dermnet\train/Vasculitis Photos/vasculitis-105.jpg
21,E:\MedicalData\kagglechallenge\Dermnet\train/Vasculitis Photos/vasculitis-107.jpg
21,E:\MedicalData\kagglechallenge\Dermnet\train/Vasculitis Photos/vasculitis-108.jpg
21,E:\MedicalData\kagglechallenge\Dermnet\train/Vasculitis Photos/vasculitis-109.jpg
21,E:\MedicalData\kagglechallenge\Dermnet\train/Vasculitis Photos/vasculitis-11.jpg
21,E:\MedicalData\kagglechallenge\Dermnet\train/Vasculitis Photos/vasculitis-110.jpg
21,E:\MedicalData\kagglechallenge\Dermnet\train/Vasculitis Photos/vasculitis-111.jpg
21,E:\MedicalData\kagglechallenge\Dermnet\train/Vasculitis Photos/vasculitis-113.jpg
21,E:\MedicalData\kagglechallenge\Dermnet\train/Vasculitis Photos/vasculitis-114.jpg
21,E:\MedicalData\kagglechallenge\Dermnet\train/Vasculitis Photos/vasculitis-116.jpg
21,E:\MedicalData\kagglechallenge\Dermnet\train/Vasculitis Photos/vasculitis-117.jpg
21,E:\MedicalData\kagglechallenge\Dermnet\train/Vasculitis Photos/vasculitis-118.jpg
21,E:\MedicalData\kagglechallenge\Dermnet\train/Vasculitis Photos/vasculitis-12.jpg
21,E:\MedicalData\kagglechallenge\Dermnet\train/Vasculitis Photos/vasculitis-120.jpg
21,E:\MedicalData\kagglechallenge\Dermnet\train/Vasculitis Photos/vasculitis-122.jpg
21,E:\MedicalData\kagglechallenge\Dermnet\train/Vasculitis Photos/vasculitis-123.jpg
21,E:\MedicalData\kagglechallenge\Dermnet\train/Vasculitis Photos/vasculitis-124.jpg
21,E:\MedicalData\kagglechallenge\Dermnet\train/Vasculitis Photos/vasculitis-125.jpg
21,E:\MedicalData\kagglechallenge\Dermnet\train/Vasculitis Photos/vasculitis-127.jpg
21,E:\MedicalData\kagglechallenge\Dermnet\train/Vasculitis Photos/vasculitis-128.jpg
21,E:\MedicalData\kagglechallenge\Dermnet\train/Vasculitis Photos/vasculitis-129.jpg
21,E:\MedicalData\kagglechallenge\Dermnet\train/Vasculitis Photos/vasculitis-13.jpg
21,E:\MedicalData\kagglechallenge\Dermnet\train/Vasculitis Photos/vasculitis-130.jpg
21,E:\MedicalData\kagglechallenge\Dermnet\train/Vasculitis Photos/vasculitis-132.jpg
21,E:\MedicalData\kagglechallenge\Dermnet\train/Vasculitis Photos/vasculitis-133.jpg
21,E:\MedicalData\kagglechallenge\Dermnet\train/Vasculitis Photos/vasculitis-134.jpg
21,E:\MedicalData\kagglechallenge\Dermnet\train/Vasculitis Photos/vasculitis-136.jpg
21,E:\MedicalData\kagglechallenge\Dermnet\train/Vasculitis Photos/vasculitis-137.jpg
21,E:\MedicalData\kagglechallenge\Dermnet\train/Vasculitis Photos/vasculitis-139.jpg
21,E:\MedicalData\kagglechallenge\Dermnet\train/Vasculitis Photos/vasculitis-14.jpg
21,E:\MedicalData\kagglechallenge\Dermnet\train/Vasculitis Photos/vasculitis-141.jpg
21,E:\MedicalData\kagglechallenge\Dermnet\train/Vasculitis Photos/vasculitis-142.jpg
21,E:\MedicalData\kagglechallenge\Dermnet\train/Vasculitis Photos/vasculitis-143.jpg
21,E:\MedicalData\kagglechallenge\Dermnet\train/Vasculitis Photos/vasculitis-16.jpg
21,E:\MedicalData\kagglechallenge\Dermnet\train/Vasculitis Photos/vasculitis-17.jpg
21,E:\MedicalData\kagglechallenge\Dermnet\train/Vasculitis Photos/vasculitis-18.jpg
21,E:\MedicalData\kagglechallenge\Dermnet\train/Vasculitis Photos/vasculitis-19.jpg
21,E:\MedicalData\kagglechallenge\Dermnet\train/Vasculitis Photos/vasculitis-20.jpg
21,E:\MedicalData\kagglechallenge\Dermnet\train/Vasculitis Photos/vasculitis-21.jpg
21,E:\MedicalData\kagglechallenge\Dermnet\train/Vasculitis Photos/vasculitis-23.jpg
21,E:\MedicalData\kagglechallenge\Dermnet\train/Vasculitis Photos/vasculitis-25.jpg
21,E:\MedicalData\kagglechallenge\Dermnet\train/Vasculitis Photos/vasculitis-26.jpg
21,E:\MedicalData\kagglechallenge\Dermnet\train/Vasculitis Photos/vasculitis-27.jpg
21,E:\MedicalData\kagglechallenge\Dermnet\train/Vasculitis Photos/vasculitis-28.jpg
21,E:\MedicalData\kagglechallenge\Dermnet\train/Vasculitis Photos/vasculitis-29.jpg
21,E:\MedicalData\kagglechallenge\Dermnet\train/Vasculitis Photos/vasculitis-3.jpg
21,E:\MedicalData\kagglechallenge\Dermnet\train/Vasculitis Photos/vasculitis-31.jpg
21,E:\MedicalData\kagglechallenge\Dermnet\train/Vasculitis Photos/vasculitis-32.jpg
21,E:\MedicalData\kagglechallenge\Dermnet\train/Vasculitis Photos/vasculitis-33.jpg
21,E:\MedicalData\kagglechallenge\Dermnet\train/Vasculitis Photos/vasculitis-38.jpg
21,E:\MedicalData\kagglechallenge\Dermnet\train/Vasculitis Photos/vasculitis-39.jpg
21,E:\MedicalData\kagglechallenge\Dermnet\train/Vasculitis Photos/vasculitis-4.jpg
21,E:\MedicalData\kagglechallenge\Dermnet\train/Vasculitis Photos/vasculitis-41.jpg
21,E:\MedicalData\kagglechallenge\Dermnet\train/Vasculitis Photos/vasculitis-43.jpg
21,E:\MedicalData\kagglechallenge\Dermnet\train/Vasculitis Photos/vasculitis-44.jpg
21,E:\MedicalData\kagglechallenge\Dermnet\train/Vasculitis Photos/vasculitis-45.jpg
21,E:\MedicalData\kagglechallenge\Dermnet\train/Vasculitis Photos/vasculitis-46.jpg
21,E:\MedicalData\kagglechallenge\Dermnet\train/Vasculitis Photos/vasculitis-47.jpg
21,E:\MedicalData\kagglechallenge\Dermnet\train/Vasculitis Photos/vasculitis-48.jpg
21,E:\MedicalData\kagglechallenge\Dermnet\train/Vasculitis Photos/vasculitis-5.jpg
21,E:\MedicalData\kagglechallenge\Dermnet\train/Vasculitis Photos/vasculitis-50.jpg
21,E:\MedicalData\kagglechallenge\Dermnet\train/Vasculitis Photos/vasculitis-51.jpg
21,E:\MedicalData\kagglechallenge\Dermnet\train/Vasculitis Photos/vasculitis-52.jpg
21,E:\MedicalData\kagglechallenge\Dermnet\train/Vasculitis Photos/vasculitis-53.jpg
21,E:\MedicalData\kagglechallenge\Dermnet\train/Vasculitis Photos/vasculitis-56.jpg
21,E:\MedicalData\kagglechallenge\Dermnet\train/Vasculitis Photos/vasculitis-58.jpg
21,E:\MedicalData\kagglechallenge\Dermnet\train/Vasculitis Photos/vasculitis-59.jpg
21,E:\MedicalData\kagglechallenge\Dermnet\train/Vasculitis Photos/vasculitis-6.jpg
21,E:\MedicalData\kagglechallenge\Dermnet\train/Vasculitis Photos/vasculitis-61.jpg
21,E:\MedicalData\kagglechallenge\Dermnet\train/Vasculitis Photos/vasculitis-63.jpg
21,E:\MedicalData\kagglechallenge\Dermnet\train/Vasculitis Photos/vasculitis-64.jpg
21,E:\MedicalData\kagglechallenge\Dermnet\train/Vasculitis Photos/vasculitis-65.jpg
21,E:\MedicalData\kagglechallenge\Dermnet\train/Vasculitis Photos/vasculitis-66.jpg
21,E:\MedicalData\kagglechallenge\Dermnet\train/Vasculitis Photos/vasculitis-67.jpg
21,E:\MedicalData\kagglechallenge\Dermnet\train/Vasculitis Photos/vasculitis-68.jpg
21,E:\MedicalData\kagglechallenge\Dermnet\train/Vasculitis Photos/vasculitis-69.jpg
21,E:\MedicalData\kagglechallenge\Dermnet\train/Vasculitis Photos/vasculitis-7.jpg
21,E:\MedicalData\kagglechallenge\Dermnet\train/Vasculitis Photos/vasculitis-71.jpg
21,E:\MedicalData\kagglechallenge\Dermnet\train/Vasculitis Photos/vasculitis-72.jpg
21,E:\MedicalData\kagglechallenge\Dermnet\train/Vasculitis Photos/vasculitis-74.jpg
21,E:\MedicalData\kagglechallenge\Dermnet\train/Vasculitis Photos/vasculitis-76.jpg
21,E:\MedicalData\kagglechallenge\Dermnet\train/Vasculitis Photos/vasculitis-77.jpg
21,E:\MedicalData\kagglechallenge\Dermnet\train/Vasculitis Photos/vasculitis-79.jpg
21,E:\MedicalData\kagglechallenge\Dermnet\train/Vasculitis Photos/vasculitis-8.jpg
21,E:\MedicalData\kagglechallenge\Dermnet\train/Vasculitis Photos/vasculitis-81.jpg
21,E:\MedicalData\kagglechallenge\Dermnet\train/Vasculitis Photos/vasculitis-82.jpg
21,E:\MedicalData\kagglechallenge\Dermnet\train/Vasculitis Photos/vasculitis-83.jpg
21,E:\MedicalData\kagglechallenge\Dermnet\train/Vasculitis Photos/vasculitis-85.jpg
21,E:\MedicalData\kagglechallenge\Dermnet\train/Vasculitis Photos/vasculitis-86.jpg
21,E:\MedicalData\kagglechallenge\Dermnet\train/Vasculitis Photos/vasculitis-87.jpg
21,E:\MedicalData\kagglechallenge\Dermnet\train/Vasculitis Photos/vasculitis-89.jpg
21,E:\MedicalData\kagglechallenge\Dermnet\train/Vasculitis Photos/vasculitis-91.jpg
21,E:\MedicalData\kagglechallenge\Dermnet\train/Vasculitis Photos/vasculitis-92.jpg
21,E:\MedicalData\kagglechallenge\Dermnet\train/Vasculitis Photos/vasculitis-96.jpg
21,E:\MedicalData\kagglechallenge\Dermnet\train/Vasculitis Photos/vasculitis-97.jpg
21,E:\MedicalData\kagglechallenge\Dermnet\train/Vasculitis Photos/vasculitis-98.jpg
21,E:\MedicalData\kagglechallenge\Dermnet\train/Vasculitis Photos/vasculitis-99.jpg
22,E:\MedicalData\kagglechallenge\Dermnet\train/Warts Molluscum and other Viral Infections/10WartsTransplantPt1006.jpg
22,E:\MedicalData\kagglechallenge\Dermnet\train/Warts Molluscum and other Viral Infections/10WartsTransplantPt10061.jpg
22,E:\MedicalData\kagglechallenge\Dermnet\train/Warts Molluscum and other Viral Infections/12ChickenPoxLesions.jpg
22,E:\MedicalData\kagglechallenge\Dermnet\train/Warts Molluscum and other Viral Infections/12ChickenPoxVesicle.jpg
22,E:\MedicalData\kagglechallenge\Dermnet\train/Warts Molluscum and other Viral Infections/12ChickPoxTrunk.jpg
22,E:\MedicalData\kagglechallenge\Dermnet\train/Warts Molluscum and other Viral Infections/12varicella9071.jpg
22,E:\MedicalData\kagglechallenge\Dermnet\train/Warts Molluscum and other Viral Infections/12varicella9072.jpg
22,E:\MedicalData\kagglechallenge\Dermnet\train/Warts Molluscum and other Viral Infections/12WartAldara.jpg
22,E:\MedicalData\kagglechallenge\Dermnet\train/Warts Molluscum and other Viral Infections/12wartCommon040306.jpg
22,E:\MedicalData\kagglechallenge\Dermnet\train/Warts Molluscum and other Viral Infections/12wartFinger050106.jpg
22,E:\MedicalData\kagglechallenge\Dermnet\train/Warts Molluscum and other Viral Infections/12WartNitrogen1.jpg
22,E:\MedicalData\kagglechallenge\Dermnet\train/Warts Molluscum and other Viral Infections/12WartNitrogen4.jpg
22,E:\MedicalData\kagglechallenge\Dermnet\train/Warts Molluscum and other Viral Infections/12WartPeriungual.jpg
22,E:\MedicalData\kagglechallenge\Dermnet\train/Warts Molluscum and other Viral Infections/12WartsCyclosporin.jpg
22,E:\MedicalData\kagglechallenge\Dermnet\train/Warts Molluscum and other Viral Infections/12wartsMouth4975.jpg
22,E:\MedicalData\kagglechallenge\Dermnet\train/Warts Molluscum and other Viral Infections/black-heel-1.jpg
22,E:\MedicalData\kagglechallenge\Dermnet\train/Warts Molluscum and other Viral Infections/black-heel-10.jpg
22,E:\MedicalData\kagglechallenge\Dermnet\train/Warts Molluscum and other Viral Infections/black-heel-11.jpg
22,E:\MedicalData\kagglechallenge\Dermnet\train/Warts Molluscum and other Viral Infections/black-heel-12.jpg
22,E:\MedicalData\kagglechallenge\Dermnet\train/Warts Molluscum and other Viral Infections/black-heel-13.jpg
22,E:\MedicalData\kagglechallenge\Dermnet\train/Warts Molluscum and other Viral Infections/black-heel-15.jpg
22,E:\MedicalData\kagglechallenge\Dermnet\train/Warts Molluscum and other Viral Infections/black-heel-16.jpg
22,E:\MedicalData\kagglechallenge\Dermnet\train/Warts Molluscum and other Viral Infections/black-heel-17.jpg
22,E:\MedicalData\kagglechallenge\Dermnet\train/Warts Molluscum and other Viral Infections/black-heel-18.jpg
22,E:\MedicalData\kagglechallenge\Dermnet\train/Warts Molluscum and other Viral Infections/black-heel-2.jpg
22,E:\MedicalData\kagglechallenge\Dermnet\train/Warts Molluscum and other Viral Infections/black-heel-3.jpg
22,E:\MedicalData\kagglechallenge\Dermnet\train/Warts Molluscum and other Viral Infections/black-heel-4.jpg
22,E:\MedicalData\kagglechallenge\Dermnet\train/Warts Molluscum and other Viral Infections/black-heel-5.jpg
22,E:\MedicalData\kagglechallenge\Dermnet\train/Warts Molluscum and other Viral Infections/black-heel-6.jpg
22,E:\MedicalData\kagglechallenge\Dermnet\train/Warts Molluscum and other Viral Infections/black-heel-7.jpg
22,E:\MedicalData\kagglechallenge\Dermnet\train/Warts Molluscum and other Viral Infections/corns-10.jpg
22,E:\MedicalData\kagglechallenge\Dermnet\train/Warts Molluscum and other Viral Infections/corns-11.jpg
22,E:\MedicalData\kagglechallenge\Dermnet\train/Warts Molluscum and other Viral Infections/corns-13.jpg
22,E:\MedicalData\kagglechallenge\Dermnet\train/Warts Molluscum and other Viral Infections/corns-14.jpg
22,E:\MedicalData\kagglechallenge\Dermnet\train/Warts Molluscum and other Viral Infections/corns-15.jpg
22,E:\MedicalData\kagglechallenge\Dermnet\train/Warts Molluscum and other Viral Infections/corns-16.jpg
22,E:\MedicalData\kagglechallenge\Dermnet\train/Warts Molluscum and other Viral Infections/corns-17.jpg
22,E:\MedicalData\kagglechallenge\Dermnet\train/Warts Molluscum and other Viral Infections/corns-20.jpg
22,E:\MedicalData\kagglechallenge\Dermnet\train/Warts Molluscum and other Viral Infections/corns-21.jpg
22,E:\MedicalData\kagglechallenge\Dermnet\train/Warts Molluscum and other Viral Infections/corns-22.jpg
22,E:\MedicalData\kagglechallenge\Dermnet\train/Warts Molluscum and other Viral Infections/corns-23.jpg
22,E:\MedicalData\kagglechallenge\Dermnet\train/Warts Molluscum and other Viral Infections/corns-24.jpg
22,E:\MedicalData\kagglechallenge\Dermnet\train/Warts Molluscum and other Viral Infections/corns-25.jpg
22,E:\MedicalData\kagglechallenge\Dermnet\train/Warts Molluscum and other Viral Infections/corns-27.jpg
22,E:\MedicalData\kagglechallenge\Dermnet\train/Warts Molluscum and other Viral Infections/corns-28.jpg
22,E:\MedicalData\kagglechallenge\Dermnet\train/Warts Molluscum and other Viral Infections/corns-3.jpg
22,E:\MedicalData\kagglechallenge\Dermnet\train/Warts Molluscum and other Viral Infections/corns-30.jpg
22,E:\MedicalData\kagglechallenge\Dermnet\train/Warts Molluscum and other Viral Infections/corns-32.jpg
22,E:\MedicalData\kagglechallenge\Dermnet\train/Warts Molluscum and other Viral Infections/corns-33.jpg
22,E:\MedicalData\kagglechallenge\Dermnet\train/Warts Molluscum and other Viral Infections/corns-34.jpg
22,E:\MedicalData\kagglechallenge\Dermnet\train/Warts Molluscum and other Viral Infections/corns-35.jpg
22,E:\MedicalData\kagglechallenge\Dermnet\train/Warts Molluscum and other Viral Infections/corns-36.jpg
22,E:\MedicalData\kagglechallenge\Dermnet\train/Warts Molluscum and other Viral Infections/corns-37.jpg
22,E:\MedicalData\kagglechallenge\Dermnet\train/Warts Molluscum and other Viral Infections/corns-4.jpg
22,E:\MedicalData\kagglechallenge\Dermnet\train/Warts Molluscum and other Viral Infections/corns-5.jpg
22,E:\MedicalData\kagglechallenge\Dermnet\train/Warts Molluscum and other Viral Infections/corns-7.jpg
22,E:\MedicalData\kagglechallenge\Dermnet\train/Warts Molluscum and other Viral Infections/corns-8.jpg
22,E:\MedicalData\kagglechallenge\Dermnet\train/Warts Molluscum and other Viral Infections/corns-9.jpg
22,E:\MedicalData\kagglechallenge\Dermnet\train/Warts Molluscum and other Viral Infections/eczema-herpeticum-1.jpg
22,E:\MedicalData\kagglechallenge\Dermnet\train/Warts Molluscum and other Viral Infections/eczema-herpeticum-10.jpg
22,E:\MedicalData\kagglechallenge\Dermnet\train/Warts Molluscum and other Viral Infections/eczema-herpeticum-11.jpg
22,E:\MedicalData\kagglechallenge\Dermnet\train/Warts Molluscum and other Viral Infections/eczema-herpeticum-13.jpg
22,E:\MedicalData\kagglechallenge\Dermnet\train/Warts Molluscum and other Viral Infections/eczema-herpeticum-14.jpg
22,E:\MedicalData\kagglechallenge\Dermnet\train/Warts Molluscum and other Viral Infections/eczema-herpeticum-15.jpg
22,E:\MedicalData\kagglechallenge\Dermnet\train/Warts Molluscum and other Viral Infections/eczema-herpeticum-16.jpg
22,E:\MedicalData\kagglechallenge\Dermnet\train/Warts Molluscum and other Viral Infections/eczema-herpeticum-18.jpg
22,E:\MedicalData\kagglechallenge\Dermnet\train/Warts Molluscum and other Viral Infections/eczema-herpeticum-19.jpg
22,E:\MedicalData\kagglechallenge\Dermnet\train/Warts Molluscum and other Viral Infections/eczema-herpeticum-2.jpg
22,E:\MedicalData\kagglechallenge\Dermnet\train/Warts Molluscum and other Viral Infections/eczema-herpeticum-20.jpg
22,E:\MedicalData\kagglechallenge\Dermnet\train/Warts Molluscum and other Viral Infections/eczema-herpeticum-22.jpg
22,E:\MedicalData\kagglechallenge\Dermnet\train/Warts Molluscum and other Viral Infections/eczema-herpeticum-23.jpg
22,E:\MedicalData\kagglechallenge\Dermnet\train/Warts Molluscum and other Viral Infections/eczema-herpeticum-24.jpg
22,E:\MedicalData\kagglechallenge\Dermnet\train/Warts Molluscum and other Viral Infections/eczema-herpeticum-26.jpg
22,E:\MedicalData\kagglechallenge\Dermnet\train/Warts Molluscum and other Viral Infections/eczema-herpeticum-28.jpg
22,E:\MedicalData\kagglechallenge\Dermnet\train/Warts Molluscum and other Viral Infections/eczema-herpeticum-29.jpg
22,E:\MedicalData\kagglechallenge\Dermnet\train/Warts Molluscum and other Viral Infections/eczema-herpeticum-3.jpg
22,E:\MedicalData\kagglechallenge\Dermnet\train/Warts Molluscum and other Viral Infections/eczema-herpeticum-30.jpg
22,E:\MedicalData\kagglechallenge\Dermnet\train/Warts Molluscum and other Viral Infections/eczema-herpeticum-31.jpg
22,E:\MedicalData\kagglechallenge\Dermnet\train/Warts Molluscum and other Viral Infections/eczema-herpeticum-32.jpg
22,E:\MedicalData\kagglechallenge\Dermnet\train/Warts Molluscum and other Viral Infections/eczema-herpeticum-33.jpg
22,E:\MedicalData\kagglechallenge\Dermnet\train/Warts Molluscum and other Viral Infections/eczema-herpeticum-36.jpg
22,E:\MedicalData\kagglechallenge\Dermnet\train/Warts Molluscum and other Viral Infections/eczema-herpeticum-37.jpg
22,E:\MedicalData\kagglechallenge\Dermnet\train/Warts Molluscum and other Viral Infections/eczema-herpeticum-38.jpg
22,E:\MedicalData\kagglechallenge\Dermnet\train/Warts Molluscum and other Viral Infections/eczema-herpeticum-4.jpg
22,E:\MedicalData\kagglechallenge\Dermnet\train/Warts Molluscum and other Viral Infections/eczema-herpeticum-41.jpg
22,E:\MedicalData\kagglechallenge\Dermnet\train/Warts Molluscum and other Viral Infections/eczema-herpeticum-42.jpg
22,E:\MedicalData\kagglechallenge\Dermnet\train/Warts Molluscum and other Viral Infections/eczema-herpeticum-43.jpg
22,E:\MedicalData\kagglechallenge\Dermnet\train/Warts Molluscum and other Viral Infections/eczema-herpeticum-44.jpg
22,E:\MedicalData\kagglechallenge\Dermnet\train/Warts Molluscum and other Viral Infections/eczema-herpeticum-46.jpg
22,E:\MedicalData\kagglechallenge\Dermnet\train/Warts Molluscum and other Viral Infections/eczema-herpeticum-48.jpg
22,E:\MedicalData\kagglechallenge\Dermnet\train/Warts Molluscum and other Viral Infections/eczema-herpeticum-5.jpg
22,E:\MedicalData\kagglechallenge\Dermnet\train/Warts Molluscum and other Viral Infections/eczema-herpeticum-50.jpg
22,E:\MedicalData\kagglechallenge\Dermnet\train/Warts Molluscum and other Viral Infections/eczema-herpeticum-51.jpg
22,E:\MedicalData\kagglechallenge\Dermnet\train/Warts Molluscum and other Viral Infections/eczema-herpeticum-53.jpg
22,E:\MedicalData\kagglechallenge\Dermnet\train/Warts Molluscum and other Viral Infections/eczema-herpeticum-54.jpg
22,E:\MedicalData\kagglechallenge\Dermnet\train/Warts Molluscum and other Viral Infections/eczema-herpeticum-55.jpg
22,E:\MedicalData\kagglechallenge\Dermnet\train/Warts Molluscum and other Viral Infections/eczema-herpeticum-56.jpg
22,E:\MedicalData\kagglechallenge\Dermnet\train/Warts Molluscum and other Viral Infections/eczema-herpeticum-59.jpg
22,E:\MedicalData\kagglechallenge\Dermnet\train/Warts Molluscum and other Viral Infections/eczema-herpeticum-6.jpg
22,E:\MedicalData\kagglechallenge\Dermnet\train/Warts Molluscum and other Viral Infections/eczema-herpeticum-60.jpg
22,E:\MedicalData\kagglechallenge\Dermnet\train/Warts Molluscum and other Viral Infections/eczema-herpeticum-61.jpg
22,E:\MedicalData\kagglechallenge\Dermnet\train/Warts Molluscum and other Viral Infections/eczema-herpeticum-8.jpg
22,E:\MedicalData\kagglechallenge\Dermnet\train/Warts Molluscum and other Viral Infections/eczema-herpeticum-9.jpg
22,E:\MedicalData\kagglechallenge\Dermnet\train/Warts Molluscum and other Viral Infections/hand-foot-mouth-1.jpg
22,E:\MedicalData\kagglechallenge\Dermnet\train/Warts Molluscum and other Viral Infections/hand-foot-mouth-10.jpg
22,E:\MedicalData\kagglechallenge\Dermnet\train/Warts Molluscum and other Viral Infections/hand-foot-mouth-11.jpg
22,E:\MedicalData\kagglechallenge\Dermnet\train/Warts Molluscum and other Viral Infections/hand-foot-mouth-12.jpg
22,E:\MedicalData\kagglechallenge\Dermnet\train/Warts Molluscum and other Viral Infections/hand-foot-mouth-14.jpg
22,E:\MedicalData\kagglechallenge\Dermnet\train/Warts Molluscum and other Viral Infections/hand-foot-mouth-18.jpg
22,E:\MedicalData\kagglechallenge\Dermnet\train/Warts Molluscum and other Viral Infections/hand-foot-mouth-4.jpg
22,E:\MedicalData\kagglechallenge\Dermnet\train/Warts Molluscum and other Viral Infections/hand-foot-mouth-5.jpg
22,E:\MedicalData\kagglechallenge\Dermnet\train/Warts Molluscum and other Viral Infections/hand-foot-mouth-6.jpg
22,E:\MedicalData\kagglechallenge\Dermnet\train/Warts Molluscum and other Viral Infections/herpes-Buttock-13.jpg
22,E:\MedicalData\kagglechallenge\Dermnet\train/Warts Molluscum and other Viral Infections/herpes-buttocks-1.jpg
22,E:\MedicalData\kagglechallenge\Dermnet\train/Warts Molluscum and other Viral Infections/herpes-buttocks-10.jpg
22,E:\MedicalData\kagglechallenge\Dermnet\train/Warts Molluscum and other Viral Infections/herpes-buttocks-11.jpg
22,E:\MedicalData\kagglechallenge\Dermnet\train/Warts Molluscum and other Viral Infections/herpes-buttocks-12.jpg
22,E:\MedicalData\kagglechallenge\Dermnet\train/Warts Molluscum and other Viral Infections/herpes-buttocks-13.jpg
22,E:\MedicalData\kagglechallenge\Dermnet\train/Warts Molluscum and other Viral Infections/herpes-buttocks-14.jpg
22,E:\MedicalData\kagglechallenge\Dermnet\train/Warts Molluscum and other Viral Infections/herpes-buttocks-15.jpg
22,E:\MedicalData\kagglechallenge\Dermnet\train/Warts Molluscum and other Viral Infections/herpes-buttocks-18.jpg
22,E:\MedicalData\kagglechallenge\Dermnet\train/Warts Molluscum and other Viral Infections/herpes-buttocks-2.jpg
22,E:\MedicalData\kagglechallenge\Dermnet\train/Warts Molluscum and other Viral Infections/herpes-buttocks-20.jpg
22,E:\MedicalData\kagglechallenge\Dermnet\train/Warts Molluscum and other Viral Infections/herpes-buttocks-21.jpg
22,E:\MedicalData\kagglechallenge\Dermnet\train/Warts Molluscum and other Viral Infections/herpes-buttocks-22.jpg
22,E:\MedicalData\kagglechallenge\Dermnet\train/Warts Molluscum and other Viral Infections/herpes-buttocks-24.jpg
22,E:\MedicalData\kagglechallenge\Dermnet\train/Warts Molluscum and other Viral Infections/herpes-buttocks-25.jpg
22,E:\MedicalData\kagglechallenge\Dermnet\train/Warts Molluscum and other Viral Infections/herpes-buttocks-26.jpg
22,E:\MedicalData\kagglechallenge\Dermnet\train/Warts Molluscum and other Viral Infections/herpes-buttocks-27.jpg
22,E:\MedicalData\kagglechallenge\Dermnet\train/Warts Molluscum and other Viral Infections/herpes-buttocks-28.jpg
22,E:\MedicalData\kagglechallenge\Dermnet\train/Warts Molluscum and other Viral Infections/herpes-buttocks-29.jpg
22,E:\MedicalData\kagglechallenge\Dermnet\train/Warts Molluscum and other Viral Infections/herpes-buttocks-3.jpg
22,E:\MedicalData\kagglechallenge\Dermnet\train/Warts Molluscum and other Viral Infections/herpes-buttocks-31.jpg
22,E:\MedicalData\kagglechallenge\Dermnet\train/Warts Molluscum and other Viral Infections/herpes-buttocks-32.jpg
22,E:\MedicalData\kagglechallenge\Dermnet\train/Warts Molluscum and other Viral Infections/herpes-buttocks-33.jpg
22,E:\MedicalData\kagglechallenge\Dermnet\train/Warts Molluscum and other Viral Infections/herpes-buttocks-35.jpg
22,E:\MedicalData\kagglechallenge\Dermnet\train/Warts Molluscum and other Viral Infections/herpes-buttocks-36.jpg
22,E:\MedicalData\kagglechallenge\Dermnet\train/Warts Molluscum and other Viral Infections/herpes-cutaneous-101.jpg
22,E:\MedicalData\kagglechallenge\Dermnet\train/Warts Molluscum and other Viral Infections/herpes-cutaneous-104.jpg
22,E:\MedicalData\kagglechallenge\Dermnet\train/Warts Molluscum and other Viral Infections/herpes-cutaneous-105.jpg
22,E:\MedicalData\kagglechallenge\Dermnet\train/Warts Molluscum and other Viral Infections/herpes-cutaneous-107.jpg
22,E:\MedicalData\kagglechallenge\Dermnet\train/Warts Molluscum and other Viral Infections/herpes-cutaneous-109.jpg
22,E:\MedicalData\kagglechallenge\Dermnet\train/Warts Molluscum and other Viral Infections/herpes-cutaneous-110.jpg
22,E:\MedicalData\kagglechallenge\Dermnet\train/Warts Molluscum and other Viral Infections/herpes-cutaneous-116.jpg
22,E:\MedicalData\kagglechallenge\Dermnet\train/Warts Molluscum and other Viral Infections/herpes-cutaneous-117.jpg
22,E:\MedicalData\kagglechallenge\Dermnet\train/Warts Molluscum and other Viral Infections/herpes-cutaneous-118.jpg
22,E:\MedicalData\kagglechallenge\Dermnet\train/Warts Molluscum and other Viral Infections/herpes-cutaneous-124.jpg
22,E:\MedicalData\kagglechallenge\Dermnet\train/Warts Molluscum and other Viral Infections/herpes-cutaneous-125.jpg
22,E:\MedicalData\kagglechallenge\Dermnet\train/Warts Molluscum and other Viral Infections/herpes-cutaneous-129.jpg
22,E:\MedicalData\kagglechallenge\Dermnet\train/Warts Molluscum and other Viral Infections/herpes-cutaneous-13.jpg
22,E:\MedicalData\kagglechallenge\Dermnet\train/Warts Molluscum and other Viral Infections/herpes-cutaneous-130.jpg
22,E:\MedicalData\kagglechallenge\Dermnet\train/Warts Molluscum and other Viral Infections/herpes-cutaneous-131.jpg
22,E:\MedicalData\kagglechallenge\Dermnet\train/Warts Molluscum and other Viral Infections/herpes-cutaneous-132.jpg
22,E:\MedicalData\kagglechallenge\Dermnet\train/Warts Molluscum and other Viral Infections/herpes-cutaneous-134.jpg
22,E:\MedicalData\kagglechallenge\Dermnet\train/Warts Molluscum and other Viral Infections/herpes-cutaneous-135.jpg
22,E:\MedicalData\kagglechallenge\Dermnet\train/Warts Molluscum and other Viral Infections/herpes-cutaneous-136.jpg
22,E:\MedicalData\kagglechallenge\Dermnet\train/Warts Molluscum and other Viral Infections/herpes-cutaneous-14.jpg
22,E:\MedicalData\kagglechallenge\Dermnet\train/Warts Molluscum and other Viral Infections/herpes-cutaneous-141.jpg
22,E:\MedicalData\kagglechallenge\Dermnet\train/Warts Molluscum and other Viral Infections/herpes-cutaneous-16.jpg
22,E:\MedicalData\kagglechallenge\Dermnet\train/Warts Molluscum and other Viral Infections/herpes-cutaneous-17.jpg
22,E:\MedicalData\kagglechallenge\Dermnet\train/Warts Molluscum and other Viral Infections/herpes-cutaneous-20.jpg
22,E:\MedicalData\kagglechallenge\Dermnet\train/Warts Molluscum and other Viral Infections/herpes-cutaneous-28.jpg
22,E:\MedicalData\kagglechallenge\Dermnet\train/Warts Molluscum and other Viral Infections/herpes-cutaneous-29.jpg
22,E:\MedicalData\kagglechallenge\Dermnet\train/Warts Molluscum and other Viral Infections/herpes-cutaneous-31.jpg
22,E:\MedicalData\kagglechallenge\Dermnet\train/Warts Molluscum and other Viral Infections/herpes-cutaneous-32.jpg
22,E:\MedicalData\kagglechallenge\Dermnet\train/Warts Molluscum and other Viral Infections/herpes-cutaneous-33.jpg
22,E:\MedicalData\kagglechallenge\Dermnet\train/Warts Molluscum and other Viral Infections/herpes-cutaneous-35.jpg
22,E:\MedicalData\kagglechallenge\Dermnet\train/Warts Molluscum and other Viral Infections/herpes-cutaneous-36.jpg
22,E:\MedicalData\kagglechallenge\Dermnet\train/Warts Molluscum and other Viral Infections/herpes-cutaneous-37.jpg
22,E:\MedicalData\kagglechallenge\Dermnet\train/Warts Molluscum and other Viral Infections/herpes-cutaneous-38.jpg
22,E:\MedicalData\kagglechallenge\Dermnet\train/Warts Molluscum and other Viral Infections/herpes-cutaneous-39.jpg
22,E:\MedicalData\kagglechallenge\Dermnet\train/Warts Molluscum and other Viral Infections/herpes-cutaneous-40.jpg
22,E:\MedicalData\kagglechallenge\Dermnet\train/Warts Molluscum and other Viral Infections/herpes-cutaneous-42.jpg
22,E:\MedicalData\kagglechallenge\Dermnet\train/Warts Molluscum and other Viral Infections/herpes-cutaneous-47.jpg
22,E:\MedicalData\kagglechallenge\Dermnet\train/Warts Molluscum and other Viral Infections/herpes-cutaneous-49.jpg
22,E:\MedicalData\kagglechallenge\Dermnet\train/Warts Molluscum and other Viral Infections/herpes-cutaneous-5.jpg
22,E:\MedicalData\kagglechallenge\Dermnet\train/Warts Molluscum and other Viral Infections/herpes-cutaneous-50.jpg
22,E:\MedicalData\kagglechallenge\Dermnet\train/Warts Molluscum and other Viral Infections/herpes-cutaneous-51.jpg
22,E:\MedicalData\kagglechallenge\Dermnet\train/Warts Molluscum and other Viral Infections/herpes-cutaneous-52.jpg
22,E:\MedicalData\kagglechallenge\Dermnet\train/Warts Molluscum and other Viral Infections/herpes-cutaneous-53.jpg
22,E:\MedicalData\kagglechallenge\Dermnet\train/Warts Molluscum and other Viral Infections/herpes-cutaneous-57.jpg
22,E:\MedicalData\kagglechallenge\Dermnet\train/Warts Molluscum and other Viral Infections/herpes-cutaneous-59.jpg
22,E:\MedicalData\kagglechallenge\Dermnet\train/Warts Molluscum and other Viral Infections/herpes-cutaneous-6.jpg
22,E:\MedicalData\kagglechallenge\Dermnet\train/Warts Molluscum and other Viral Infections/herpes-cutaneous-64.jpg
22,E:\MedicalData\kagglechallenge\Dermnet\train/Warts Molluscum and other Viral Infections/herpes-cutaneous-65.jpg
22,E:\MedicalData\kagglechallenge\Dermnet\train/Warts Molluscum and other Viral Infections/herpes-cutaneous-66.jpg
22,E:\MedicalData\kagglechallenge\Dermnet\train/Warts Molluscum and other Viral Infections/herpes-cutaneous-67.jpg
22,E:\MedicalData\kagglechallenge\Dermnet\train/Warts Molluscum and other Viral Infections/herpes-cutaneous-68.jpg
22,E:\MedicalData\kagglechallenge\Dermnet\train/Warts Molluscum and other Viral Infections/herpes-cutaneous-69.jpg
22,E:\MedicalData\kagglechallenge\Dermnet\train/Warts Molluscum and other Viral Infections/herpes-cutaneous-70.jpg
22,E:\MedicalData\kagglechallenge\Dermnet\train/Warts Molluscum and other Viral Infections/herpes-cutaneous-71.jpg
22,E:\MedicalData\kagglechallenge\Dermnet\train/Warts Molluscum and other Viral Infections/herpes-cutaneous-73.jpg
22,E:\MedicalData\kagglechallenge\Dermnet\train/Warts Molluscum and other Viral Infections/herpes-cutaneous-75.jpg
22,E:\MedicalData\kagglechallenge\Dermnet\train/Warts Molluscum and other Viral Infections/herpes-cutaneous-76.jpg
22,E:\MedicalData\kagglechallenge\Dermnet\train/Warts Molluscum and other Viral Infections/herpes-cutaneous-79.jpg
22,E:\MedicalData\kagglechallenge\Dermnet\train/Warts Molluscum and other Viral Infections/herpes-cutaneous-80.jpg
22,E:\MedicalData\kagglechallenge\Dermnet\train/Warts Molluscum and other Viral Infections/herpes-cutaneous-82.jpg
22,E:\MedicalData\kagglechallenge\Dermnet\train/Warts Molluscum and other Viral Infections/herpes-cutaneous-83.jpg
22,E:\MedicalData\kagglechallenge\Dermnet\train/Warts Molluscum and other Viral Infections/herpes-cutaneous-84.jpg
22,E:\MedicalData\kagglechallenge\Dermnet\train/Warts Molluscum and other Viral Infections/herpes-cutaneous-85.jpg
22,E:\MedicalData\kagglechallenge\Dermnet\train/Warts Molluscum and other Viral Infections/herpes-cutaneous-86.jpg
22,E:\MedicalData\kagglechallenge\Dermnet\train/Warts Molluscum and other Viral Infections/herpes-cutaneous-88.jpg
22,E:\MedicalData\kagglechallenge\Dermnet\train/Warts Molluscum and other Viral Infections/herpes-cutaneous-89.jpg
22,E:\MedicalData\kagglechallenge\Dermnet\train/Warts Molluscum and other Viral Infections/herpes-cutaneous-9.jpg
22,E:\MedicalData\kagglechallenge\Dermnet\train/Warts Molluscum and other Viral Infections/herpes-cutaneous-90.jpg
22,E:\MedicalData\kagglechallenge\Dermnet\train/Warts Molluscum and other Viral Infections/Herpes-Hand-0519012.jpg
22,E:\MedicalData\kagglechallenge\Dermnet\train/Warts Molluscum and other Viral Infections/Herpes-Hand-0519014.jpg
22,E:\MedicalData\kagglechallenge\Dermnet\train/Warts Molluscum and other Viral Infections/herpes-immunocompromised-1.jpg
22,E:\MedicalData\kagglechallenge\Dermnet\train/Warts Molluscum and other Viral Infections/herpes-immunocompromised-2.jpg
22,E:\MedicalData\kagglechallenge\Dermnet\train/Warts Molluscum and other Viral Infections/herpes-immunocompromised-3.jpg
22,E:\MedicalData\kagglechallenge\Dermnet\train/Warts Molluscum and other Viral Infections/herpes-immunocompromised-4.jpg
22,E:\MedicalData\kagglechallenge\Dermnet\train/Warts Molluscum and other Viral Infections/herpes-immunocompromised-5.jpg
22,E:\MedicalData\kagglechallenge\Dermnet\train/Warts Molluscum and other Viral Infections/herpes-immunocompromised-6.jpg
22,E:\MedicalData\kagglechallenge\Dermnet\train/Warts Molluscum and other Viral Infections/herpes-immunocompromised-7.jpg
22,E:\MedicalData\kagglechallenge\Dermnet\train/Warts Molluscum and other Viral Infections/herpes-simplex-1.jpg
22,E:\MedicalData\kagglechallenge\Dermnet\train/Warts Molluscum and other Viral Infections/herpes-simplex-10.jpg
22,E:\MedicalData\kagglechallenge\Dermnet\train/Warts Molluscum and other Viral Infections/herpes-simplex-12.jpg
22,E:\MedicalData\kagglechallenge\Dermnet\train/Warts Molluscum and other Viral Infections/herpes-simplex-13.jpg
22,E:\MedicalData\kagglechallenge\Dermnet\train/Warts Molluscum and other Viral Infections/herpes-simplex-15.jpg
22,E:\MedicalData\kagglechallenge\Dermnet\train/Warts Molluscum and other Viral Infections/herpes-simplex-16.jpg
22,E:\MedicalData\kagglechallenge\Dermnet\train/Warts Molluscum and other Viral Infections/herpes-simplex-17.jpg
22,E:\MedicalData\kagglechallenge\Dermnet\train/Warts Molluscum and other Viral Infections/herpes-simplex-18.jpg
22,E:\MedicalData\kagglechallenge\Dermnet\train/Warts Molluscum and other Viral Infections/herpes-simplex-19.jpg
22,E:\MedicalData\kagglechallenge\Dermnet\train/Warts Molluscum and other Viral Infections/herpes-simplex-2.jpg
22,E:\MedicalData\kagglechallenge\Dermnet\train/Warts Molluscum and other Viral Infections/herpes-simplex-20.jpg
22,E:\MedicalData\kagglechallenge\Dermnet\train/Warts Molluscum and other Viral Infections/herpes-simplex-21.jpg
22,E:\MedicalData\kagglechallenge\Dermnet\train/Warts Molluscum and other Viral Infections/herpes-simplex-23.jpg
22,E:\MedicalData\kagglechallenge\Dermnet\train/Warts Molluscum and other Viral Infections/herpes-simplex-24.jpg
22,E:\MedicalData\kagglechallenge\Dermnet\train/Warts Molluscum and other Viral Infections/herpes-simplex-25.jpg
22,E:\MedicalData\kagglechallenge\Dermnet\train/Warts Molluscum and other Viral Infections/herpes-simplex-26.jpg
22,E:\MedicalData\kagglechallenge\Dermnet\train/Warts Molluscum and other Viral Infections/herpes-simplex-27.jpg
22,E:\MedicalData\kagglechallenge\Dermnet\train/Warts Molluscum and other Viral Infections/herpes-simplex-29.jpg
22,E:\MedicalData\kagglechallenge\Dermnet\train/Warts Molluscum and other Viral Infections/herpes-simplex-3.jpg
22,E:\MedicalData\kagglechallenge\Dermnet\train/Warts Molluscum and other Viral Infections/herpes-simplex-31.jpg
22,E:\MedicalData\kagglechallenge\Dermnet\train/Warts Molluscum and other Viral Infections/herpes-simplex-35.jpg
22,E:\MedicalData\kagglechallenge\Dermnet\train/Warts Molluscum and other Viral Infections/herpes-simplex-36.jpg
22,E:\MedicalData\kagglechallenge\Dermnet\train/Warts Molluscum and other Viral Infections/herpes-simplex-4.jpg
22,E:\MedicalData\kagglechallenge\Dermnet\train/Warts Molluscum and other Viral Infections/herpes-simplex-40.jpg
22,E:\MedicalData\kagglechallenge\Dermnet\train/Warts Molluscum and other Viral Infections/herpes-simplex-41.jpg
22,E:\MedicalData\kagglechallenge\Dermnet\train/Warts Molluscum and other Viral Infections/herpes-simplex-42.jpg
22,E:\MedicalData\kagglechallenge\Dermnet\train/Warts Molluscum and other Viral Infections/herpes-simplex-43.jpg
22,E:\MedicalData\kagglechallenge\Dermnet\train/Warts Molluscum and other Viral Infections/herpes-simplex-44.jpg
22,E:\MedicalData\kagglechallenge\Dermnet\train/Warts Molluscum and other Viral Infections/herpes-simplex-45.jpg
22,E:\MedicalData\kagglechallenge\Dermnet\train/Warts Molluscum and other Viral Infections/herpes-simplex-46.jpg
22,E:\MedicalData\kagglechallenge\Dermnet\train/Warts Molluscum and other Viral Infections/herpes-simplex-47.jpg
22,E:\MedicalData\kagglechallenge\Dermnet\train/Warts Molluscum and other Viral Infections/herpes-simplex-48.jpg
22,E:\MedicalData\kagglechallenge\Dermnet\train/Warts Molluscum and other Viral Infections/herpes-simplex-49.jpg
22,E:\MedicalData\kagglechallenge\Dermnet\train/Warts Molluscum and other Viral Infections/herpes-simplex-50.jpg
22,E:\MedicalData\kagglechallenge\Dermnet\train/Warts Molluscum and other Viral Infections/herpes-simplex-51.jpg
22,E:\MedicalData\kagglechallenge\Dermnet\train/Warts Molluscum and other Viral Infections/herpes-simplex-53.jpg
22,E:\MedicalData\kagglechallenge\Dermnet\train/Warts Molluscum and other Viral Infections/herpes-simplex-54.jpg
22,E:\MedicalData\kagglechallenge\Dermnet\train/Warts Molluscum and other Viral Infections/herpes-simplex-56.jpg
22,E:\MedicalData\kagglechallenge\Dermnet\train/Warts Molluscum and other Viral Infections/herpes-simplex-57.jpg
22,E:\MedicalData\kagglechallenge\Dermnet\train/Warts Molluscum and other Viral Infections/herpes-simplex-6.jpg
22,E:\MedicalData\kagglechallenge\Dermnet\train/Warts Molluscum and other Viral Infections/herpes-simplex-60.jpg
22,E:\MedicalData\kagglechallenge\Dermnet\train/Warts Molluscum and other Viral Infections/herpes-simplex-61.jpg
22,E:\MedicalData\kagglechallenge\Dermnet\train/Warts Molluscum and other Viral Infections/herpes-simplex-7.jpg
22,E:\MedicalData\kagglechallenge\Dermnet\train/Warts Molluscum and other Viral Infections/herpes-simplex-8.jpg
22,E:\MedicalData\kagglechallenge\Dermnet\train/Warts Molluscum and other Viral Infections/herpes-type-1-primary-1.jpg
22,E:\MedicalData\kagglechallenge\Dermnet\train/Warts Molluscum and other Viral Infections/herpes-type-1-primary-10.jpg
22,E:\MedicalData\kagglechallenge\Dermnet\train/Warts Molluscum and other Viral Infections/herpes-type-1-primary-12.jpg
22,E:\MedicalData\kagglechallenge\Dermnet\train/Warts Molluscum and other Viral Infections/herpes-type-1-primary-14.jpg
22,E:\MedicalData\kagglechallenge\Dermnet\train/Warts Molluscum and other Viral Infections/herpes-type-1-primary-15.jpg
22,E:\MedicalData\kagglechallenge\Dermnet\train/Warts Molluscum and other Viral Infections/herpes-type-1-primary-17.jpg
22,E:\MedicalData\kagglechallenge\Dermnet\train/Warts Molluscum and other Viral Infections/herpes-type-1-primary-18.jpg
22,E:\MedicalData\kagglechallenge\Dermnet\train/Warts Molluscum and other Viral Infections/herpes-type-1-primary-19.jpg
22,E:\MedicalData\kagglechallenge\Dermnet\train/Warts Molluscum and other Viral Infections/herpes-type-1-primary-2.jpg
22,E:\MedicalData\kagglechallenge\Dermnet\train/Warts Molluscum and other Viral Infections/herpes-type-1-primary-20.jpg
22,E:\MedicalData\kagglechallenge\Dermnet\train/Warts Molluscum and other Viral Infections/herpes-type-1-primary-21.jpg
22,E:\MedicalData\kagglechallenge\Dermnet\train/Warts Molluscum and other Viral Infections/herpes-type-1-primary-22.jpg
22,E:\MedicalData\kagglechallenge\Dermnet\train/Warts Molluscum and other Viral Infections/herpes-type-1-primary-23.jpg
22,E:\MedicalData\kagglechallenge\Dermnet\train/Warts Molluscum and other Viral Infections/herpes-type-1-primary-24.jpg
22,E:\MedicalData\kagglechallenge\Dermnet\train/Warts Molluscum and other Viral Infections/herpes-type-1-primary-25.jpg
22,E:\MedicalData\kagglechallenge\Dermnet\train/Warts Molluscum and other Viral Infections/herpes-type-1-primary-27.jpg
22,E:\MedicalData\kagglechallenge\Dermnet\train/Warts Molluscum and other Viral Infections/herpes-type-1-primary-28.jpg
22,E:\MedicalData\kagglechallenge\Dermnet\train/Warts Molluscum and other Viral Infections/herpes-type-1-primary-3.jpg
22,E:\MedicalData\kagglechallenge\Dermnet\train/Warts Molluscum and other Viral Infections/herpes-type-1-primary-30.jpg
22,E:\MedicalData\kagglechallenge\Dermnet\train/Warts Molluscum and other Viral Infections/herpes-type-1-primary-32.jpg
22,E:\MedicalData\kagglechallenge\Dermnet\train/Warts Molluscum and other Viral Infections/herpes-type-1-primary-34.jpg
22,E:\MedicalData\kagglechallenge\Dermnet\train/Warts Molluscum and other Viral Infections/herpes-type-1-primary-36.jpg
22,E:\MedicalData\kagglechallenge\Dermnet\train/Warts Molluscum and other Viral Infections/herpes-type-1-primary-37.jpg
22,E:\MedicalData\kagglechallenge\Dermnet\train/Warts Molluscum and other Viral Infections/herpes-type-1-primary-39.jpg
22,E:\MedicalData\kagglechallenge\Dermnet\train/Warts Molluscum and other Viral Infections/herpes-type-1-primary-41.jpg
22,E:\MedicalData\kagglechallenge\Dermnet\train/Warts Molluscum and other Viral Infections/herpes-type-1-primary-42.jpg
22,E:\MedicalData\kagglechallenge\Dermnet\train/Warts Molluscum and other Viral Infections/herpes-type-1-primary-43.jpg
22,E:\MedicalData\kagglechallenge\Dermnet\train/Warts Molluscum and other Viral Infections/herpes-type-1-primary-44.jpg
22,E:\MedicalData\kagglechallenge\Dermnet\train/Warts Molluscum and other Viral Infections/herpes-type-1-primary-45.jpg
22,E:\MedicalData\kagglechallenge\Dermnet\train/Warts Molluscum and other Viral Infections/herpes-type-1-primary-46.jpg
22,E:\MedicalData\kagglechallenge\Dermnet\train/Warts Molluscum and other Viral Infections/herpes-type-1-primary-47.jpg
22,E:\MedicalData\kagglechallenge\Dermnet\train/Warts Molluscum and other Viral Infections/herpes-type-1-primary-48.jpg
22,E:\MedicalData\kagglechallenge\Dermnet\train/Warts Molluscum and other Viral Infections/herpes-type-1-primary-5.jpg
22,E:\MedicalData\kagglechallenge\Dermnet\train/Warts Molluscum and other Viral Infections/herpes-type-1-primary-51.jpg
22,E:\MedicalData\kagglechallenge\Dermnet\train/Warts Molluscum and other Viral Infections/herpes-type-1-primary-52.jpg
22,E:\MedicalData\kagglechallenge\Dermnet\train/Warts Molluscum and other Viral Infections/herpes-type-1-primary-54.jpg
22,E:\MedicalData\kagglechallenge\Dermnet\train/Warts Molluscum and other Viral Infections/herpes-type-1-primary-55.jpg
22,E:\MedicalData\kagglechallenge\Dermnet\train/Warts Molluscum and other Viral Infections/herpes-type-1-primary-57.jpg
22,E:\MedicalData\kagglechallenge\Dermnet\train/Warts Molluscum and other Viral Infections/herpes-type-1-primary-59.jpg
22,E:\MedicalData\kagglechallenge\Dermnet\train/Warts Molluscum and other Viral Infections/herpes-type-1-primary-6.jpg
22,E:\MedicalData\kagglechallenge\Dermnet\train/Warts Molluscum and other Viral Infections/herpes-type-1-primary-60.jpg
22,E:\MedicalData\kagglechallenge\Dermnet\train/Warts Molluscum and other Viral Infections/herpes-type-1-primary-61.jpg
22,E:\MedicalData\kagglechallenge\Dermnet\train/Warts Molluscum and other Viral Infections/herpes-type-1-primary-62.jpg
22,E:\MedicalData\kagglechallenge\Dermnet\train/Warts Molluscum and other Viral Infections/herpes-type-1-primary-63.jpg
22,E:\MedicalData\kagglechallenge\Dermnet\train/Warts Molluscum and other Viral Infections/herpes-type-1-primary-64.jpg
22,E:\MedicalData\kagglechallenge\Dermnet\train/Warts Molluscum and other Viral Infections/herpes-type-1-primary-66.jpg
22,E:\MedicalData\kagglechallenge\Dermnet\train/Warts Molluscum and other Viral Infections/herpes-type-1-primary-67.jpg
22,E:\MedicalData\kagglechallenge\Dermnet\train/Warts Molluscum and other Viral Infections/herpes-type-1-primary-68.jpg
22,E:\MedicalData\kagglechallenge\Dermnet\train/Warts Molluscum and other Viral Infections/herpes-type-1-primary-69.jpg
22,E:\MedicalData\kagglechallenge\Dermnet\train/Warts Molluscum and other Viral Infections/herpes-type-1-primary-7.jpg
22,E:\MedicalData\kagglechallenge\Dermnet\train/Warts Molluscum and other Viral Infections/herpes-type-1-primary-70.jpg
22,E:\MedicalData\kagglechallenge\Dermnet\train/Warts Molluscum and other Viral Infections/herpes-type-1-primary-71.jpg
22,E:\MedicalData\kagglechallenge\Dermnet\train/Warts Molluscum and other Viral Infections/herpes-type-1-primary-8.jpg
22,E:\MedicalData\kagglechallenge\Dermnet\train/Warts Molluscum and other Viral Infections/herpes-type-1-recurrent-1.jpg
22,E:\MedicalData\kagglechallenge\Dermnet\train/Warts Molluscum and other Viral Infections/herpes-type-1-recurrent-10.jpg
22,E:\MedicalData\kagglechallenge\Dermnet\train/Warts Molluscum and other Viral Infections/herpes-type-1-recurrent-102.jpg
22,E:\MedicalData\kagglechallenge\Dermnet\train/Warts Molluscum and other Viral Infections/herpes-type-1-recurrent-11.jpg
22,E:\MedicalData\kagglechallenge\Dermnet\train/Warts Molluscum and other Viral Infections/herpes-type-1-recurrent-12.jpg
22,E:\MedicalData\kagglechallenge\Dermnet\train/Warts Molluscum and other Viral Infections/herpes-type-1-recurrent-14.jpg
22,E:\MedicalData\kagglechallenge\Dermnet\train/Warts Molluscum and other Viral Infections/herpes-type-1-recurrent-15.jpg
22,E:\MedicalData\kagglechallenge\Dermnet\train/Warts Molluscum and other Viral Infections/herpes-type-1-recurrent-16.jpg
22,E:\MedicalData\kagglechallenge\Dermnet\train/Warts Molluscum and other Viral Infections/herpes-type-1-recurrent-17.jpg
22,E:\MedicalData\kagglechallenge\Dermnet\train/Warts Molluscum and other Viral Infections/herpes-type-1-recurrent-18.jpg
22,E:\MedicalData\kagglechallenge\Dermnet\train/Warts Molluscum and other Viral Infections/herpes-type-1-recurrent-19.jpg
22,E:\MedicalData\kagglechallenge\Dermnet\train/Warts Molluscum and other Viral Infections/herpes-type-1-recurrent-2.jpg
22,E:\MedicalData\kagglechallenge\Dermnet\train/Warts Molluscum and other Viral Infections/herpes-type-1-recurrent-20.jpg
22,E:\MedicalData\kagglechallenge\Dermnet\train/Warts Molluscum and other Viral Infections/herpes-type-1-recurrent-21.jpg
22,E:\MedicalData\kagglechallenge\Dermnet\train/Warts Molluscum and other Viral Infections/herpes-type-1-recurrent-22.jpg
22,E:\MedicalData\kagglechallenge\Dermnet\train/Warts Molluscum and other Viral Infections/herpes-type-1-recurrent-23.jpg
22,E:\MedicalData\kagglechallenge\Dermnet\train/Warts Molluscum and other Viral Infections/herpes-type-1-recurrent-24.jpg
22,E:\MedicalData\kagglechallenge\Dermnet\train/Warts Molluscum and other Viral Infections/herpes-type-1-recurrent-25.jpg
22,E:\MedicalData\kagglechallenge\Dermnet\train/Warts Molluscum and other Viral Infections/herpes-type-1-recurrent-26.jpg
22,E:\MedicalData\kagglechallenge\Dermnet\train/Warts Molluscum and other Viral Infections/herpes-type-1-recurrent-27.jpg
22,E:\MedicalData\kagglechallenge\Dermnet\train/Warts Molluscum and other Viral Infections/herpes-type-1-recurrent-29.jpg
22,E:\MedicalData\kagglechallenge\Dermnet\train/Warts Molluscum and other Viral Infections/herpes-type-1-recurrent-3.jpg
22,E:\MedicalData\kagglechallenge\Dermnet\train/Warts Molluscum and other Viral Infections/herpes-type-1-recurrent-30.jpg
22,E:\MedicalData\kagglechallenge\Dermnet\train/Warts Molluscum and other Viral Infections/herpes-type-1-recurrent-31.jpg
22,E:\MedicalData\kagglechallenge\Dermnet\train/Warts Molluscum and other Viral Infections/herpes-type-1-recurrent-32.jpg
22,E:\MedicalData\kagglechallenge\Dermnet\train/Warts Molluscum and other Viral Infections/herpes-type-1-recurrent-33.jpg
22,E:\MedicalData\kagglechallenge\Dermnet\train/Warts Molluscum and other Viral Infections/herpes-type-1-recurrent-34.jpg
22,E:\MedicalData\kagglechallenge\Dermnet\train/Warts Molluscum and other Viral Infections/herpes-type-1-recurrent-35.jpg
22,E:\MedicalData\kagglechallenge\Dermnet\train/Warts Molluscum and other Viral Infections/herpes-type-1-recurrent-36.jpg
22,E:\MedicalData\kagglechallenge\Dermnet\train/Warts Molluscum and other Viral Infections/herpes-type-1-recurrent-4.jpg
22,E:\MedicalData\kagglechallenge\Dermnet\train/Warts Molluscum and other Viral Infections/herpes-type-1-recurrent-40.jpg
22,E:\MedicalData\kagglechallenge\Dermnet\train/Warts Molluscum and other Viral Infections/herpes-type-1-recurrent-41.jpg
22,E:\MedicalData\kagglechallenge\Dermnet\train/Warts Molluscum and other Viral Infections/herpes-type-1-recurrent-45.jpg
22,E:\MedicalData\kagglechallenge\Dermnet\train/Warts Molluscum and other Viral Infections/herpes-type-1-recurrent-46.jpg
22,E:\MedicalData\kagglechallenge\Dermnet\train/Warts Molluscum and other Viral Infections/herpes-type-1-recurrent-47.jpg
22,E:\MedicalData\kagglechallenge\Dermnet\train/Warts Molluscum and other Viral Infections/herpes-type-1-recurrent-49.jpg
22,E:\MedicalData\kagglechallenge\Dermnet\train/Warts Molluscum and other Viral Infections/herpes-type-1-recurrent-5.jpg
22,E:\MedicalData\kagglechallenge\Dermnet\train/Warts Molluscum and other Viral Infections/herpes-type-1-recurrent-50.jpg
22,E:\MedicalData\kagglechallenge\Dermnet\train/Warts Molluscum and other Viral Infections/herpes-type-1-recurrent-51.jpg
22,E:\MedicalData\kagglechallenge\Dermnet\train/Warts Molluscum and other Viral Infections/herpes-type-1-recurrent-52.jpg
22,E:\MedicalData\kagglechallenge\Dermnet\train/Warts Molluscum and other Viral Infections/herpes-type-1-recurrent-55.jpg
22,E:\MedicalData\kagglechallenge\Dermnet\train/Warts Molluscum and other Viral Infections/herpes-type-1-recurrent-56.jpg
22,E:\MedicalData\kagglechallenge\Dermnet\train/Warts Molluscum and other Viral Infections/herpes-type-1-recurrent-57.jpg
22,E:\MedicalData\kagglechallenge\Dermnet\train/Warts Molluscum and other Viral Infections/herpes-type-1-recurrent-59.jpg
22,E:\MedicalData\kagglechallenge\Dermnet\train/Warts Molluscum and other Viral Infections/herpes-type-1-recurrent-6.jpg
22,E:\MedicalData\kagglechallenge\Dermnet\train/Warts Molluscum and other Viral Infections/herpes-type-1-recurrent-60.jpg
22,E:\MedicalData\kagglechallenge\Dermnet\train/Warts Molluscum and other Viral Infections/herpes-type-1-recurrent-61.jpg
22,E:\MedicalData\kagglechallenge\Dermnet\train/Warts Molluscum and other Viral Infections/herpes-type-1-recurrent-62.jpg
22,E:\MedicalData\kagglechallenge\Dermnet\train/Warts Molluscum and other Viral Infections/herpes-type-1-recurrent-63.jpg
22,E:\MedicalData\kagglechallenge\Dermnet\train/Warts Molluscum and other Viral Infections/herpes-type-1-recurrent-64.jpg
22,E:\MedicalData\kagglechallenge\Dermnet\train/Warts Molluscum and other Viral Infections/herpes-type-1-recurrent-65.jpg
22,E:\MedicalData\kagglechallenge\Dermnet\train/Warts Molluscum and other Viral Infections/herpes-type-1-recurrent-66.jpg
22,E:\MedicalData\kagglechallenge\Dermnet\train/Warts Molluscum and other Viral Infections/herpes-type-1-recurrent-67.jpg
22,E:\MedicalData\kagglechallenge\Dermnet\train/Warts Molluscum and other Viral Infections/herpes-type-1-recurrent-68.jpg
22,E:\MedicalData\kagglechallenge\Dermnet\train/Warts Molluscum and other Viral Infections/herpes-type-1-recurrent-70.jpg
22,E:\MedicalData\kagglechallenge\Dermnet\train/Warts Molluscum and other Viral Infections/herpes-type-1-recurrent-72.jpg
22,E:\MedicalData\kagglechallenge\Dermnet\train/Warts Molluscum and other Viral Infections/herpes-type-1-recurrent-74.jpg
22,E:\MedicalData\kagglechallenge\Dermnet\train/Warts Molluscum and other Viral Infections/herpes-type-1-recurrent-76.jpg
22,E:\MedicalData\kagglechallenge\Dermnet\train/Warts Molluscum and other Viral Infections/herpes-type-1-recurrent-77.jpg
22,E:\MedicalData\kagglechallenge\Dermnet\train/Warts Molluscum and other Viral Infections/herpes-type-1-recurrent-78.jpg
22,E:\MedicalData\kagglechallenge\Dermnet\train/Warts Molluscum and other Viral Infections/herpes-type-1-recurrent-79.jpg
22,E:\MedicalData\kagglechallenge\Dermnet\train/Warts Molluscum and other Viral Infections/herpes-type-1-recurrent-8.jpg
22,E:\MedicalData\kagglechallenge\Dermnet\train/Warts Molluscum and other Viral Infections/herpes-type-1-recurrent-80.jpg
22,E:\MedicalData\kagglechallenge\Dermnet\train/Warts Molluscum and other Viral Infections/herpes-type-1-recurrent-81.jpg
22,E:\MedicalData\kagglechallenge\Dermnet\train/Warts Molluscum and other Viral Infections/herpes-type-1-recurrent-83.jpg
22,E:\MedicalData\kagglechallenge\Dermnet\train/Warts Molluscum and other Viral Infections/herpes-type-1-recurrent-84.jpg
22,E:\MedicalData\kagglechallenge\Dermnet\train/Warts Molluscum and other Viral Infections/herpes-type-1-recurrent-85.jpg
22,E:\MedicalData\kagglechallenge\Dermnet\train/Warts Molluscum and other Viral Infections/herpes-type-1-recurrent-87.jpg
22,E:\MedicalData\kagglechallenge\Dermnet\train/Warts Molluscum and other Viral Infections/herpes-type-1-recurrent-89.jpg
22,E:\MedicalData\kagglechallenge\Dermnet\train/Warts Molluscum and other Viral Infections/herpes-type-1-recurrent-9.jpg
22,E:\MedicalData\kagglechallenge\Dermnet\train/Warts Molluscum and other Viral Infections/herpes-type-1-recurrent-90.jpg
22,E:\MedicalData\kagglechallenge\Dermnet\train/Warts Molluscum and other Viral Infections/herpes-type-1-recurrent-91.jpg
22,E:\MedicalData\kagglechallenge\Dermnet\train/Warts Molluscum and other Viral Infections/herpes-type-1-recurrent-93.jpg
22,E:\MedicalData\kagglechallenge\Dermnet\train/Warts Molluscum and other Viral Infections/herpes-type-1-recurrent-94.jpg
22,E:\MedicalData\kagglechallenge\Dermnet\train/Warts Molluscum and other Viral Infections/herpes-type-1-recurrent-95.jpg
22,E:\MedicalData\kagglechallenge\Dermnet\train/Warts Molluscum and other Viral Infections/herpes-type-1-recurrent-96.jpg
22,E:\MedicalData\kagglechallenge\Dermnet\train/Warts Molluscum and other Viral Infections/herpes-type-1-recurrent-97.jpg
22,E:\MedicalData\kagglechallenge\Dermnet\train/Warts Molluscum and other Viral Infections/herpes-type-1-recurrent-98.jpg
22,E:\MedicalData\kagglechallenge\Dermnet\train/Warts Molluscum and other Viral Infections/herpes-type-1-recurrent-99.jpg
22,E:\MedicalData\kagglechallenge\Dermnet\train/Warts Molluscum and other Viral Infections/herpes-zoster-1.jpg
22,E:\MedicalData\kagglechallenge\Dermnet\train/Warts Molluscum and other Viral Infections/herpes-zoster-10.jpg
22,E:\MedicalData\kagglechallenge\Dermnet\train/Warts Molluscum and other Viral Infections/herpes-zoster-100.jpg
22,E:\MedicalData\kagglechallenge\Dermnet\train/Warts Molluscum and other Viral Infections/herpes-zoster-101.jpg
22,E:\MedicalData\kagglechallenge\Dermnet\train/Warts Molluscum and other Viral Infections/herpes-zoster-102.jpg
22,E:\MedicalData\kagglechallenge\Dermnet\train/Warts Molluscum and other Viral Infections/herpes-zoster-105.jpg
22,E:\MedicalData\kagglechallenge\Dermnet\train/Warts Molluscum and other Viral Infections/herpes-zoster-106.jpg
22,E:\MedicalData\kagglechallenge\Dermnet\train/Warts Molluscum and other Viral Infections/herpes-zoster-107.jpg
22,E:\MedicalData\kagglechallenge\Dermnet\train/Warts Molluscum and other Viral Infections/herpes-zoster-109.jpg
22,E:\MedicalData\kagglechallenge\Dermnet\train/Warts Molluscum and other Viral Infections/herpes-zoster-113.jpg
22,E:\MedicalData\kagglechallenge\Dermnet\train/Warts Molluscum and other Viral Infections/herpes-zoster-115.jpg
22,E:\MedicalData\kagglechallenge\Dermnet\train/Warts Molluscum and other Viral Infections/herpes-zoster-116.jpg
22,E:\MedicalData\kagglechallenge\Dermnet\train/Warts Molluscum and other Viral Infections/herpes-zoster-118.jpg
22,E:\MedicalData\kagglechallenge\Dermnet\train/Warts Molluscum and other Viral Infections/herpes-zoster-119.jpg
22,E:\MedicalData\kagglechallenge\Dermnet\train/Warts Molluscum and other Viral Infections/herpes-zoster-12.jpg
22,E:\MedicalData\kagglechallenge\Dermnet\train/Warts Molluscum and other Viral Infections/herpes-zoster-120.jpg
22,E:\MedicalData\kagglechallenge\Dermnet\train/Warts Molluscum and other Viral Infections/herpes-zoster-121.jpg
22,E:\MedicalData\kagglechallenge\Dermnet\train/Warts Molluscum and other Viral Infections/herpes-zoster-122.jpg
22,E:\MedicalData\kagglechallenge\Dermnet\train/Warts Molluscum and other Viral Infections/herpes-zoster-123.jpg
22,E:\MedicalData\kagglechallenge\Dermnet\train/Warts Molluscum and other Viral Infections/herpes-zoster-124.jpg
22,E:\MedicalData\kagglechallenge\Dermnet\train/Warts Molluscum and other Viral Infections/herpes-zoster-125.jpg
22,E:\MedicalData\kagglechallenge\Dermnet\train/Warts Molluscum and other Viral Infections/herpes-zoster-126.jpg
22,E:\MedicalData\kagglechallenge\Dermnet\train/Warts Molluscum and other Viral Infections/herpes-zoster-127.jpg
22,E:\MedicalData\kagglechallenge\Dermnet\train/Warts Molluscum and other Viral Infections/herpes-zoster-128.jpg
22,E:\MedicalData\kagglechallenge\Dermnet\train/Warts Molluscum and other Viral Infections/herpes-zoster-129.jpg
22,E:\MedicalData\kagglechallenge\Dermnet\train/Warts Molluscum and other Viral Infections/herpes-zoster-13.jpg
22,E:\MedicalData\kagglechallenge\Dermnet\train/Warts Molluscum and other Viral Infections/herpes-zoster-130.jpg
22,E:\MedicalData\kagglechallenge\Dermnet\train/Warts Molluscum and other Viral Infections/herpes-zoster-132.jpg
22,E:\MedicalData\kagglechallenge\Dermnet\train/Warts Molluscum and other Viral Infections/herpes-zoster-133.jpg
22,E:\MedicalData\kagglechallenge\Dermnet\train/Warts Molluscum and other Viral Infections/herpes-zoster-135.jpg
22,E:\MedicalData\kagglechallenge\Dermnet\train/Warts Molluscum and other Viral Infections/herpes-zoster-136.jpg
22,E:\MedicalData\kagglechallenge\Dermnet\train/Warts Molluscum and other Viral Infections/herpes-zoster-139.jpg
22,E:\MedicalData\kagglechallenge\Dermnet\train/Warts Molluscum and other Viral Infections/herpes-zoster-141.jpg
22,E:\MedicalData\kagglechallenge\Dermnet\train/Warts Molluscum and other Viral Infections/herpes-zoster-142.jpg
22,E:\MedicalData\kagglechallenge\Dermnet\train/Warts Molluscum and other Viral Infections/herpes-zoster-143.jpg
22,E:\MedicalData\kagglechallenge\Dermnet\train/Warts Molluscum and other Viral Infections/herpes-zoster-144.jpg
22,E:\MedicalData\kagglechallenge\Dermnet\train/Warts Molluscum and other Viral Infections/herpes-zoster-145.jpg
22,E:\MedicalData\kagglechallenge\Dermnet\train/Warts Molluscum and other Viral Infections/herpes-zoster-146.jpg
22,E:\MedicalData\kagglechallenge\Dermnet\train/Warts Molluscum and other Viral Infections/herpes-zoster-147.jpg
22,E:\MedicalData\kagglechallenge\Dermnet\train/Warts Molluscum and other Viral Infections/herpes-zoster-148.jpg
22,E:\MedicalData\kagglechallenge\Dermnet\train/Warts Molluscum and other Viral Infections/herpes-zoster-150.jpg
22,E:\MedicalData\kagglechallenge\Dermnet\train/Warts Molluscum and other Viral Infections/herpes-zoster-151.jpg
22,E:\MedicalData\kagglechallenge\Dermnet\train/Warts Molluscum and other Viral Infections/herpes-zoster-152.jpg
22,E:\MedicalData\kagglechallenge\Dermnet\train/Warts Molluscum and other Viral Infections/herpes-zoster-154.jpg
22,E:\MedicalData\kagglechallenge\Dermnet\train/Warts Molluscum and other Viral Infections/herpes-zoster-156.jpg
22,E:\MedicalData\kagglechallenge\Dermnet\train/Warts Molluscum and other Viral Infections/herpes-zoster-158.jpg
22,E:\MedicalData\kagglechallenge\Dermnet\train/Warts Molluscum and other Viral Infections/herpes-zoster-159.jpg
22,E:\MedicalData\kagglechallenge\Dermnet\train/Warts Molluscum and other Viral Infections/herpes-zoster-160.jpg
22,E:\MedicalData\kagglechallenge\Dermnet\train/Warts Molluscum and other Viral Infections/herpes-zoster-161.jpg
22,E:\MedicalData\kagglechallenge\Dermnet\train/Warts Molluscum and other Viral Infections/herpes-zoster-162.jpg
22,E:\MedicalData\kagglechallenge\Dermnet\train/Warts Molluscum and other Viral Infections/herpes-zoster-163.jpg
22,E:\MedicalData\kagglechallenge\Dermnet\train/Warts Molluscum and other Viral Infections/herpes-zoster-164.jpg
22,E:\MedicalData\kagglechallenge\Dermnet\train/Warts Molluscum and other Viral Infections/herpes-zoster-165.jpg
22,E:\MedicalData\kagglechallenge\Dermnet\train/Warts Molluscum and other Viral Infections/herpes-zoster-166.jpg
22,E:\MedicalData\kagglechallenge\Dermnet\train/Warts Molluscum and other Viral Infections/herpes-zoster-167.jpg
22,E:\MedicalData\kagglechallenge\Dermnet\train/Warts Molluscum and other Viral Infections/herpes-zoster-169.jpg
22,E:\MedicalData\kagglechallenge\Dermnet\train/Warts Molluscum and other Viral Infections/herpes-zoster-170.jpg
22,E:\MedicalData\kagglechallenge\Dermnet\train/Warts Molluscum and other Viral Infections/herpes-zoster-171.jpg
22,E:\MedicalData\kagglechallenge\Dermnet\train/Warts Molluscum and other Viral Infections/herpes-zoster-172.jpg
22,E:\MedicalData\kagglechallenge\Dermnet\train/Warts Molluscum and other Viral Infections/herpes-zoster-173.jpg
22,E:\MedicalData\kagglechallenge\Dermnet\train/Warts Molluscum and other Viral Infections/herpes-zoster-174.jpg
22,E:\MedicalData\kagglechallenge\Dermnet\train/Warts Molluscum and other Viral Infections/herpes-zoster-178.jpg
22,E:\MedicalData\kagglechallenge\Dermnet\train/Warts Molluscum and other Viral Infections/herpes-zoster-179.jpg
22,E:\MedicalData\kagglechallenge\Dermnet\train/Warts Molluscum and other Viral Infections/herpes-zoster-18.jpg
22,E:\MedicalData\kagglechallenge\Dermnet\train/Warts Molluscum and other Viral Infections/herpes-zoster-181.jpg
22,E:\MedicalData\kagglechallenge\Dermnet\train/Warts Molluscum and other Viral Infections/herpes-zoster-183.jpg
22,E:\MedicalData\kagglechallenge\Dermnet\train/Warts Molluscum and other Viral Infections/herpes-zoster-185.jpg
22,E:\MedicalData\kagglechallenge\Dermnet\train/Warts Molluscum and other Viral Infections/herpes-zoster-186.jpg
22,E:\MedicalData\kagglechallenge\Dermnet\train/Warts Molluscum and other Viral Infections/herpes-zoster-189.jpg
22,E:\MedicalData\kagglechallenge\Dermnet\train/Warts Molluscum and other Viral Infections/herpes-zoster-19.jpg
22,E:\MedicalData\kagglechallenge\Dermnet\train/Warts Molluscum and other Viral Infections/herpes-zoster-195.jpg
22,E:\MedicalData\kagglechallenge\Dermnet\train/Warts Molluscum and other Viral Infections/herpes-zoster-196.jpg
22,E:\MedicalData\kagglechallenge\Dermnet\train/Warts Molluscum and other Viral Infections/herpes-zoster-197.jpg
22,E:\MedicalData\kagglechallenge\Dermnet\train/Warts Molluscum and other Viral Infections/herpes-zoster-198.jpg
22,E:\MedicalData\kagglechallenge\Dermnet\train/Warts Molluscum and other Viral Infections/herpes-zoster-199.jpg
22,E:\MedicalData\kagglechallenge\Dermnet\train/Warts Molluscum and other Viral Infections/herpes-zoster-2.jpg
22,E:\MedicalData\kagglechallenge\Dermnet\train/Warts Molluscum and other Viral Infections/herpes-zoster-20.jpg
22,E:\MedicalData\kagglechallenge\Dermnet\train/Warts Molluscum and other Viral Infections/herpes-zoster-201.jpg
22,E:\MedicalData\kagglechallenge\Dermnet\train/Warts Molluscum and other Viral Infections/herpes-zoster-202.jpg
22,E:\MedicalData\kagglechallenge\Dermnet\train/Warts Molluscum and other Viral Infections/herpes-zoster-79.jpg
22,E:\MedicalData\kagglechallenge\Dermnet\train/Warts Molluscum and other Viral Infections/herpes-zoster-8.jpg
22,E:\MedicalData\kagglechallenge\Dermnet\train/Warts Molluscum and other Viral Infections/herpes-zoster-80.jpg
22,E:\MedicalData\kagglechallenge\Dermnet\train/Warts Molluscum and other Viral Infections/herpes-zoster-81.jpg
22,E:\MedicalData\kagglechallenge\Dermnet\train/Warts Molluscum and other Viral Infections/herpes-zoster-83.jpg
22,E:\MedicalData\kagglechallenge\Dermnet\train/Warts Molluscum and other Viral Infections/herpes-zoster-84.jpg
22,E:\MedicalData\kagglechallenge\Dermnet\train/Warts Molluscum and other Viral Infections/herpes-zoster-85.jpg
22,E:\MedicalData\kagglechallenge\Dermnet\train/Warts Molluscum and other Viral Infections/herpes-zoster-86.jpg
22,E:\MedicalData\kagglechallenge\Dermnet\train/Warts Molluscum and other Viral Infections/herpes-zoster-87.jpg
22,E:\MedicalData\kagglechallenge\Dermnet\train/Warts Molluscum and other Viral Infections/herpes-zoster-89.jpg
22,E:\MedicalData\kagglechallenge\Dermnet\train/Warts Molluscum and other Viral Infections/herpes-zoster-9.jpg
22,E:\MedicalData\kagglechallenge\Dermnet\train/Warts Molluscum and other Viral Infections/herpes-zoster-90.jpg
22,E:\MedicalData\kagglechallenge\Dermnet\train/Warts Molluscum and other Viral Infections/herpes-zoster-91.jpg
22,E:\MedicalData\kagglechallenge\Dermnet\train/Warts Molluscum and other Viral Infections/herpes-zoster-94.jpg
22,E:\MedicalData\kagglechallenge\Dermnet\train/Warts Molluscum and other Viral Infections/herpes-zoster-95.jpg
22,E:\MedicalData\kagglechallenge\Dermnet\train/Warts Molluscum and other Viral Infections/herpes-zoster-97.jpg
22,E:\MedicalData\kagglechallenge\Dermnet\train/Warts Molluscum and other Viral Infections/herpes-zoster-98.jpg
22,E:\MedicalData\kagglechallenge\Dermnet\train/Warts Molluscum and other Viral Infections/herpetic-Whitlow-1020.jpg
22,E:\MedicalData\kagglechallenge\Dermnet\train/Warts Molluscum and other Viral Infections/herpetic-Whitlow-10205.jpg
22,E:\MedicalData\kagglechallenge\Dermnet\train/Warts Molluscum and other Viral Infections/molluscum-contagiosum-10.jpg
22,E:\MedicalData\kagglechallenge\Dermnet\train/Warts Molluscum and other Viral Infections/molluscum-contagiosum-100.jpg
22,E:\MedicalData\kagglechallenge\Dermnet\train/Warts Molluscum and other Viral Infections/molluscum-contagiosum-101.jpg
22,E:\MedicalData\kagglechallenge\Dermnet\train/Warts Molluscum and other Viral Infections/molluscum-contagiosum-103.jpg
22,E:\MedicalData\kagglechallenge\Dermnet\train/Warts Molluscum and other Viral Infections/molluscum-contagiosum-104.jpg
22,E:\MedicalData\kagglechallenge\Dermnet\train/Warts Molluscum and other Viral Infections/molluscum-contagiosum-105.jpg
22,E:\MedicalData\kagglechallenge\Dermnet\train/Warts Molluscum and other Viral Infections/molluscum-contagiosum-106.jpg
22,E:\MedicalData\kagglechallenge\Dermnet\train/Warts Molluscum and other Viral Infections/molluscum-contagiosum-107.jpg
22,E:\MedicalData\kagglechallenge\Dermnet\train/Warts Molluscum and other Viral Infections/molluscum-contagiosum-109.jpg
22,E:\MedicalData\kagglechallenge\Dermnet\train/Warts Molluscum and other Viral Infections/molluscum-contagiosum-11.jpg
22,E:\MedicalData\kagglechallenge\Dermnet\train/Warts Molluscum and other Viral Infections/molluscum-contagiosum-111.jpg
22,E:\MedicalData\kagglechallenge\Dermnet\train/Warts Molluscum and other Viral Infections/molluscum-contagiosum-112.jpg
22,E:\MedicalData\kagglechallenge\Dermnet\train/Warts Molluscum and other Viral Infections/molluscum-contagiosum-114.jpg
22,E:\MedicalData\kagglechallenge\Dermnet\train/Warts Molluscum and other Viral Infections/molluscum-contagiosum-117.jpg
22,E:\MedicalData\kagglechallenge\Dermnet\train/Warts Molluscum and other Viral Infections/molluscum-contagiosum-118.jpg
22,E:\MedicalData\kagglechallenge\Dermnet\train/Warts Molluscum and other Viral Infections/molluscum-contagiosum-119.jpg
22,E:\MedicalData\kagglechallenge\Dermnet\train/Warts Molluscum and other Viral Infections/molluscum-contagiosum-12.jpg
22,E:\MedicalData\kagglechallenge\Dermnet\train/Warts Molluscum and other Viral Infections/molluscum-contagiosum-120.jpg
22,E:\MedicalData\kagglechallenge\Dermnet\train/Warts Molluscum and other Viral Infections/molluscum-contagiosum-121.jpg
22,E:\MedicalData\kagglechallenge\Dermnet\train/Warts Molluscum and other Viral Infections/molluscum-contagiosum-122.jpg
22,E:\MedicalData\kagglechallenge\Dermnet\train/Warts Molluscum and other Viral Infections/molluscum-contagiosum-124.jpg
22,E:\MedicalData\kagglechallenge\Dermnet\train/Warts Molluscum and other Viral Infections/molluscum-contagiosum-126.jpg
22,E:\MedicalData\kagglechallenge\Dermnet\train/Warts Molluscum and other Viral Infections/molluscum-contagiosum-128.jpg
22,E:\MedicalData\kagglechallenge\Dermnet\train/Warts Molluscum and other Viral Infections/molluscum-contagiosum-133.jpg
22,E:\MedicalData\kagglechallenge\Dermnet\train/Warts Molluscum and other Viral Infections/molluscum-contagiosum-134.jpg
22,E:\MedicalData\kagglechallenge\Dermnet\train/Warts Molluscum and other Viral Infections/molluscum-contagiosum-135.jpg
22,E:\MedicalData\kagglechallenge\Dermnet\train/Warts Molluscum and other Viral Infections/molluscum-contagiosum-136.jpg
22,E:\MedicalData\kagglechallenge\Dermnet\train/Warts Molluscum and other Viral Infections/molluscum-contagiosum-137.jpg
22,E:\MedicalData\kagglechallenge\Dermnet\train/Warts Molluscum and other Viral Infections/molluscum-contagiosum-138.jpg
22,E:\MedicalData\kagglechallenge\Dermnet\train/Warts Molluscum and other Viral Infections/molluscum-contagiosum-139.jpg
22,E:\MedicalData\kagglechallenge\Dermnet\train/Warts Molluscum and other Viral Infections/molluscum-contagiosum-140.jpg
22,E:\MedicalData\kagglechallenge\Dermnet\train/Warts Molluscum and other Viral Infections/molluscum-contagiosum-141.jpg
22,E:\MedicalData\kagglechallenge\Dermnet\train/Warts Molluscum and other Viral Infections/molluscum-contagiosum-143.jpg
22,E:\MedicalData\kagglechallenge\Dermnet\train/Warts Molluscum and other Viral Infections/molluscum-contagiosum-145.jpg
22,E:\MedicalData\kagglechallenge\Dermnet\train/Warts Molluscum and other Viral Infections/molluscum-contagiosum-148.jpg
22,E:\MedicalData\kagglechallenge\Dermnet\train/Warts Molluscum and other Viral Infections/molluscum-contagiosum-150.jpg
22,E:\MedicalData\kagglechallenge\Dermnet\train/Warts Molluscum and other Viral Infections/molluscum-contagiosum-151.jpg
22,E:\MedicalData\kagglechallenge\Dermnet\train/Warts Molluscum and other Viral Infections/molluscum-contagiosum-153.jpg
22,E:\MedicalData\kagglechallenge\Dermnet\train/Warts Molluscum and other Viral Infections/molluscum-contagiosum-156.jpg
22,E:\MedicalData\kagglechallenge\Dermnet\train/Warts Molluscum and other Viral Infections/molluscum-contagiosum-158.jpg
22,E:\MedicalData\kagglechallenge\Dermnet\train/Warts Molluscum and other Viral Infections/molluscum-contagiosum-159.jpg
22,E:\MedicalData\kagglechallenge\Dermnet\train/Warts Molluscum and other Viral Infections/molluscum-contagiosum-16.jpg
22,E:\MedicalData\kagglechallenge\Dermnet\train/Warts Molluscum and other Viral Infections/molluscum-contagiosum-162.jpg
22,E:\MedicalData\kagglechallenge\Dermnet\train/Warts Molluscum and other Viral Infections/molluscum-contagiosum-163.jpg
22,E:\MedicalData\kagglechallenge\Dermnet\train/Warts Molluscum and other Viral Infections/molluscum-contagiosum-165.jpg
22,E:\MedicalData\kagglechallenge\Dermnet\train/Warts Molluscum and other Viral Infections/molluscum-contagiosum-166.jpg
22,E:\MedicalData\kagglechallenge\Dermnet\train/Warts Molluscum and other Viral Infections/molluscum-contagiosum-169.jpg
22,E:\MedicalData\kagglechallenge\Dermnet\train/Warts Molluscum and other Viral Infections/molluscum-contagiosum-17.jpg
22,E:\MedicalData\kagglechallenge\Dermnet\train/Warts Molluscum and other Viral Infections/molluscum-contagiosum-171.jpg
22,E:\MedicalData\kagglechallenge\Dermnet\train/Warts Molluscum and other Viral Infections/molluscum-contagiosum-18.jpg
22,E:\MedicalData\kagglechallenge\Dermnet\train/Warts Molluscum and other Viral Infections/molluscum-contagiosum-19.jpg
22,E:\MedicalData\kagglechallenge\Dermnet\train/Warts Molluscum and other Viral Infections/molluscum-contagiosum-2.jpg
22,E:\MedicalData\kagglechallenge\Dermnet\train/Warts Molluscum and other Viral Infections/molluscum-contagiosum-20.jpg
22,E:\MedicalData\kagglechallenge\Dermnet\train/Warts Molluscum and other Viral Infections/molluscum-contagiosum-22.jpg
22,E:\MedicalData\kagglechallenge\Dermnet\train/Warts Molluscum and other Viral Infections/molluscum-contagiosum-24.jpg
22,E:\MedicalData\kagglechallenge\Dermnet\train/Warts Molluscum and other Viral Infections/molluscum-contagiosum-26.jpg
22,E:\MedicalData\kagglechallenge\Dermnet\train/Warts Molluscum and other Viral Infections/molluscum-contagiosum-27.jpg
22,E:\MedicalData\kagglechallenge\Dermnet\train/Warts Molluscum and other Viral Infections/molluscum-contagiosum-29.jpg
22,E:\MedicalData\kagglechallenge\Dermnet\train/Warts Molluscum and other Viral Infections/molluscum-contagiosum-3.jpg
22,E:\MedicalData\kagglechallenge\Dermnet\train/Warts Molluscum and other Viral Infections/molluscum-contagiosum-31.jpg
22,E:\MedicalData\kagglechallenge\Dermnet\train/Warts Molluscum and other Viral Infections/molluscum-contagiosum-32.jpg
22,E:\MedicalData\kagglechallenge\Dermnet\train/Warts Molluscum and other Viral Infections/molluscum-contagiosum-35.jpg
22,E:\MedicalData\kagglechallenge\Dermnet\train/Warts Molluscum and other Viral Infections/molluscum-contagiosum-36.jpg
22,E:\MedicalData\kagglechallenge\Dermnet\train/Warts Molluscum and other Viral Infections/molluscum-contagiosum-37.jpg
22,E:\MedicalData\kagglechallenge\Dermnet\train/Warts Molluscum and other Viral Infections/molluscum-contagiosum-38.jpg
22,E:\MedicalData\kagglechallenge\Dermnet\train/Warts Molluscum and other Viral Infections/molluscum-contagiosum-39.jpg
22,E:\MedicalData\kagglechallenge\Dermnet\train/Warts Molluscum and other Viral Infections/molluscum-contagiosum-4.jpg
22,E:\MedicalData\kagglechallenge\Dermnet\train/Warts Molluscum and other Viral Infections/molluscum-contagiosum-40.jpg
22,E:\MedicalData\kagglechallenge\Dermnet\train/Warts Molluscum and other Viral Infections/molluscum-contagiosum-87.jpg
22,E:\MedicalData\kagglechallenge\Dermnet\train/Warts Molluscum and other Viral Infections/molluscum-contagiosum-88.jpg
22,E:\MedicalData\kagglechallenge\Dermnet\train/Warts Molluscum and other Viral Infections/molluscum-contagiosum-89.jpg
22,E:\MedicalData\kagglechallenge\Dermnet\train/Warts Molluscum and other Viral Infections/molluscum-contagiosum-9.jpg
22,E:\MedicalData\kagglechallenge\Dermnet\train/Warts Molluscum and other Viral Infections/molluscum-contagiosum-90.jpg
22,E:\MedicalData\kagglechallenge\Dermnet\train/Warts Molluscum and other Viral Infections/molluscum-contagiosum-92.jpg
22,E:\MedicalData\kagglechallenge\Dermnet\train/Warts Molluscum and other Viral Infections/molluscum-contagiosum-93.jpg
22,E:\MedicalData\kagglechallenge\Dermnet\train/Warts Molluscum and other Viral Infections/molluscum-contagiosum-94.jpg
22,E:\MedicalData\kagglechallenge\Dermnet\train/Warts Molluscum and other Viral Infections/molluscum-contagiosum-96.jpg
22,E:\MedicalData\kagglechallenge\Dermnet\train/Warts Molluscum and other Viral Infections/molluscum-contagiosum-97.jpg
22,E:\MedicalData\kagglechallenge\Dermnet\train/Warts Molluscum and other Viral Infections/molluscum-contagiosum-99.jpg
22,E:\MedicalData\kagglechallenge\Dermnet\train/Warts Molluscum and other Viral Infections/orf-2.jpg
22,E:\MedicalData\kagglechallenge\Dermnet\train/Warts Molluscum and other Viral Infections/orf-3.jpg
22,E:\MedicalData\kagglechallenge\Dermnet\train/Warts Molluscum and other Viral Infections/orf-4.jpg
22,E:\MedicalData\kagglechallenge\Dermnet\train/Warts Molluscum and other Viral Infections/orf-5.jpg
22,E:\MedicalData\kagglechallenge\Dermnet\train/Warts Molluscum and other Viral Infections/small-pox-1.jpg
22,E:\MedicalData\kagglechallenge\Dermnet\train/Warts Molluscum and other Viral Infections/small-pox-2.jpg
22,E:\MedicalData\kagglechallenge\Dermnet\train/Warts Molluscum and other Viral Infections/small-pox-3.jpg
22,E:\MedicalData\kagglechallenge\Dermnet\train/Warts Molluscum and other Viral Infections/varicella-1.jpg
22,E:\MedicalData\kagglechallenge\Dermnet\train/Warts Molluscum and other Viral Infections/varicella-10.jpg
22,E:\MedicalData\kagglechallenge\Dermnet\train/Warts Molluscum and other Viral Infections/varicella-11.jpg
22,E:\MedicalData\kagglechallenge\Dermnet\train/Warts Molluscum and other Viral Infections/varicella-14.jpg
22,E:\MedicalData\kagglechallenge\Dermnet\train/Warts Molluscum and other Viral Infections/varicella-15.jpg
22,E:\MedicalData\kagglechallenge\Dermnet\train/Warts Molluscum and other Viral Infections/varicella-17.jpg
22,E:\MedicalData\kagglechallenge\Dermnet\train/Warts Molluscum and other Viral Infections/varicella-19.jpg
22,E:\MedicalData\kagglechallenge\Dermnet\train/Warts Molluscum and other Viral Infections/varicella-2.jpg
22,E:\MedicalData\kagglechallenge\Dermnet\train/Warts Molluscum and other Viral Infections/varicella-23.jpg
22,E:\MedicalData\kagglechallenge\Dermnet\train/Warts Molluscum and other Viral Infections/varicella-24.jpg
22,E:\MedicalData\kagglechallenge\Dermnet\train/Warts Molluscum and other Viral Infections/varicella-26.jpg
22,E:\MedicalData\kagglechallenge\Dermnet\train/Warts Molluscum and other Viral Infections/varicella-27.jpg
22,E:\MedicalData\kagglechallenge\Dermnet\train/Warts Molluscum and other Viral Infections/varicella-28.jpg
22,E:\MedicalData\kagglechallenge\Dermnet\train/Warts Molluscum and other Viral Infections/varicella-30.jpg
22,E:\MedicalData\kagglechallenge\Dermnet\train/Warts Molluscum and other Viral Infections/varicella-31.jpg
22,E:\MedicalData\kagglechallenge\Dermnet\train/Warts Molluscum and other Viral Infections/varicella-32.jpg
22,E:\MedicalData\kagglechallenge\Dermnet\train/Warts Molluscum and other Viral Infections/varicella-34.jpg
22,E:\MedicalData\kagglechallenge\Dermnet\train/Warts Molluscum and other Viral Infections/varicella-37.jpg
22,E:\MedicalData\kagglechallenge\Dermnet\train/Warts Molluscum and other Viral Infections/varicella-38.jpg
22,E:\MedicalData\kagglechallenge\Dermnet\train/Warts Molluscum and other Viral Infections/varicella-39.jpg
22,E:\MedicalData\kagglechallenge\Dermnet\train/Warts Molluscum and other Viral Infections/varicella-4.jpg
22,E:\MedicalData\kagglechallenge\Dermnet\train/Warts Molluscum and other Viral Infections/varicella-40.jpg
22,E:\MedicalData\kagglechallenge\Dermnet\train/Warts Molluscum and other Viral Infections/varicella-41.jpg
22,E:\MedicalData\kagglechallenge\Dermnet\train/Warts Molluscum and other Viral Infections/varicella-42.jpg
22,E:\MedicalData\kagglechallenge\Dermnet\train/Warts Molluscum and other Viral Infections/varicella-43.jpg
22,E:\MedicalData\kagglechallenge\Dermnet\train/Warts Molluscum and other Viral Infections/varicella-44.jpg
22,E:\MedicalData\kagglechallenge\Dermnet\train/Warts Molluscum and other Viral Infections/varicella-46.jpg
22,E:\MedicalData\kagglechallenge\Dermnet\train/Warts Molluscum and other Viral Infections/varicella-47.jpg
22,E:\MedicalData\kagglechallenge\Dermnet\train/Warts Molluscum and other Viral Infections/varicella-48.jpg
22,E:\MedicalData\kagglechallenge\Dermnet\train/Warts Molluscum and other Viral Infections/varicella-5.jpg
22,E:\MedicalData\kagglechallenge\Dermnet\train/Warts Molluscum and other Viral Infections/varicella-51.jpg
22,E:\MedicalData\kagglechallenge\Dermnet\train/Warts Molluscum and other Viral Infections/varicella-53.jpg
22,E:\MedicalData\kagglechallenge\Dermnet\train/Warts Molluscum and other Viral Infections/varicella-55.jpg
22,E:\MedicalData\kagglechallenge\Dermnet\train/Warts Molluscum and other Viral Infections/varicella-57.jpg
22,E:\MedicalData\kagglechallenge\Dermnet\train/Warts Molluscum and other Viral Infections/varicella-58.jpg
22,E:\MedicalData\kagglechallenge\Dermnet\train/Warts Molluscum and other Viral Infections/varicella-6.jpg
22,E:\MedicalData\kagglechallenge\Dermnet\train/Warts Molluscum and other Viral Infections/varicella-60.jpg
22,E:\MedicalData\kagglechallenge\Dermnet\train/Warts Molluscum and other Viral Infections/varicella-7.jpg
22,E:\MedicalData\kagglechallenge\Dermnet\train/Warts Molluscum and other Viral Infections/varicella-8.jpg
22,E:\MedicalData\kagglechallenge\Dermnet\train/Warts Molluscum and other Viral Infections/varicella-9.jpg
22,E:\MedicalData\kagglechallenge\Dermnet\train/Warts Molluscum and other Viral Infections/warts-1.jpg
22,E:\MedicalData\kagglechallenge\Dermnet\train/Warts Molluscum and other Viral Infections/warts-10.jpg
22,E:\MedicalData\kagglechallenge\Dermnet\train/Warts Molluscum and other Viral Infections/warts-11.jpg
22,E:\MedicalData\kagglechallenge\Dermnet\train/Warts Molluscum and other Viral Infections/warts-12.jpg
22,E:\MedicalData\kagglechallenge\Dermnet\train/Warts Molluscum and other Viral Infections/warts-15.jpg
22,E:\MedicalData\kagglechallenge\Dermnet\train/Warts Molluscum and other Viral Infections/warts-16.jpg
22,E:\MedicalData\kagglechallenge\Dermnet\train/Warts Molluscum and other Viral Infections/warts-17.jpg
22,E:\MedicalData\kagglechallenge\Dermnet\train/Warts Molluscum and other Viral Infections/warts-18.jpg
22,E:\MedicalData\kagglechallenge\Dermnet\train/Warts Molluscum and other Viral Infections/warts-19.jpg
22,E:\MedicalData\kagglechallenge\Dermnet\train/Warts Molluscum and other Viral Infections/warts-20.jpg
22,E:\MedicalData\kagglechallenge\Dermnet\train/Warts Molluscum and other Viral Infections/warts-22.jpg
22,E:\MedicalData\kagglechallenge\Dermnet\train/Warts Molluscum and other Viral Infections/warts-23.jpg
22,E:\MedicalData\kagglechallenge\Dermnet\train/Warts Molluscum and other Viral Infections/warts-25.jpg
22,E:\MedicalData\kagglechallenge\Dermnet\train/Warts Molluscum and other Viral Infections/warts-3.jpg
22,E:\MedicalData\kagglechallenge\Dermnet\train/Warts Molluscum and other Viral Infections/warts-31.jpg
22,E:\MedicalData\kagglechallenge\Dermnet\train/Warts Molluscum and other Viral Infections/warts-32.jpg
22,E:\MedicalData\kagglechallenge\Dermnet\train/Warts Molluscum and other Viral Infections/warts-33.jpg
22,E:\MedicalData\kagglechallenge\Dermnet\train/Warts Molluscum and other Viral Infections/warts-34.jpg
22,E:\MedicalData\kagglechallenge\Dermnet\train/Warts Molluscum and other Viral Infections/warts-36.jpg
22,E:\MedicalData\kagglechallenge\Dermnet\train/Warts Molluscum and other Viral Infections/warts-38.jpg
22,E:\MedicalData\kagglechallenge\Dermnet\train/Warts Molluscum and other Viral Infections/warts-39.jpg
22,E:\MedicalData\kagglechallenge\Dermnet\train/Warts Molluscum and other Viral Infections/warts-4.jpg
22,E:\MedicalData\kagglechallenge\Dermnet\train/Warts Molluscum and other Viral Infections/warts-40.jpg
22,E:\MedicalData\kagglechallenge\Dermnet\train/Warts Molluscum and other Viral Infections/warts-41.jpg
22,E:\MedicalData\kagglechallenge\Dermnet\train/Warts Molluscum and other Viral Infections/warts-42.jpg
22,E:\MedicalData\kagglechallenge\Dermnet\train/Warts Molluscum and other Viral Infections/warts-6.jpg
22,E:\MedicalData\kagglechallenge\Dermnet\train/Warts Molluscum and other Viral Infections/warts-7.jpg
22,E:\MedicalData\kagglechallenge\Dermnet\train/Warts Molluscum and other Viral Infections/warts-9.jpg
22,E:\MedicalData\kagglechallenge\Dermnet\train/Warts Molluscum and other Viral Infections/warts-common-10.jpg
22,E:\MedicalData\kagglechallenge\Dermnet\train/Warts Molluscum and other Viral Infections/warts-common-100.jpg
22,E:\MedicalData\kagglechallenge\Dermnet\train/Warts Molluscum and other Viral Infections/warts-common-101.jpg
22,E:\MedicalData\kagglechallenge\Dermnet\train/Warts Molluscum and other Viral Infections/warts-common-103.jpg
22,E:\MedicalData\kagglechallenge\Dermnet\train/Warts Molluscum and other Viral Infections/warts-common-104.jpg
22,E:\MedicalData\kagglechallenge\Dermnet\train/Warts Molluscum and other Viral Infections/warts-common-105.jpg
22,E:\MedicalData\kagglechallenge\Dermnet\train/Warts Molluscum and other Viral Infections/warts-common-106.jpg
22,E:\MedicalData\kagglechallenge\Dermnet\train/Warts Molluscum and other Viral Infections/warts-common-107.jpg
22,E:\MedicalData\kagglechallenge\Dermnet\train/Warts Molluscum and other Viral Infections/warts-common-108.jpg
22,E:\MedicalData\kagglechallenge\Dermnet\train/Warts Molluscum and other Viral Infections/warts-common-109.jpg
22,E:\MedicalData\kagglechallenge\Dermnet\train/Warts Molluscum and other Viral Infections/warts-common-11.jpg
22,E:\MedicalData\kagglechallenge\Dermnet\train/Warts Molluscum and other Viral Infections/warts-common-110.jpg
22,E:\MedicalData\kagglechallenge\Dermnet\train/Warts Molluscum and other Viral Infections/warts-common-111.jpg
22,E:\MedicalData\kagglechallenge\Dermnet\train/Warts Molluscum and other Viral Infections/warts-common-112.jpg
22,E:\MedicalData\kagglechallenge\Dermnet\train/Warts Molluscum and other Viral Infections/warts-common-113.jpg
22,E:\MedicalData\kagglechallenge\Dermnet\train/Warts Molluscum and other Viral Infections/warts-common-114.jpg
22,E:\MedicalData\kagglechallenge\Dermnet\train/Warts Molluscum and other Viral Infections/warts-common-115.jpg
22,E:\MedicalData\kagglechallenge\Dermnet\train/Warts Molluscum and other Viral Infections/warts-common-116.jpg
22,E:\MedicalData\kagglechallenge\Dermnet\train/Warts Molluscum and other Viral Infections/warts-common-117.jpg
22,E:\MedicalData\kagglechallenge\Dermnet\train/Warts Molluscum and other Viral Infections/warts-common-12.jpg
22,E:\MedicalData\kagglechallenge\Dermnet\train/Warts Molluscum and other Viral Infections/warts-common-14.jpg
22,E:\MedicalData\kagglechallenge\Dermnet\train/Warts Molluscum and other Viral Infections/warts-common-16.jpg
22,E:\MedicalData\kagglechallenge\Dermnet\train/Warts Molluscum and other Viral Infections/warts-common-17.jpg
22,E:\MedicalData\kagglechallenge\Dermnet\train/Warts Molluscum and other Viral Infections/warts-common-18.jpg
22,E:\MedicalData\kagglechallenge\Dermnet\train/Warts Molluscum and other Viral Infections/warts-common-2.jpg
22,E:\MedicalData\kagglechallenge\Dermnet\train/Warts Molluscum and other Viral Infections/warts-common-21.jpg
22,E:\MedicalData\kagglechallenge\Dermnet\train/Warts Molluscum and other Viral Infections/warts-common-27.jpg
22,E:\MedicalData\kagglechallenge\Dermnet\train/Warts Molluscum and other Viral Infections/warts-common-29.jpg
22,E:\MedicalData\kagglechallenge\Dermnet\train/Warts Molluscum and other Viral Infections/warts-common-3.jpg
22,E:\MedicalData\kagglechallenge\Dermnet\train/Warts Molluscum and other Viral Infections/warts-common-30.jpg
22,E:\MedicalData\kagglechallenge\Dermnet\train/Warts Molluscum and other Viral Infections/warts-common-31.jpg
22,E:\MedicalData\kagglechallenge\Dermnet\train/Warts Molluscum and other Viral Infections/warts-common-32.jpg
22,E:\MedicalData\kagglechallenge\Dermnet\train/Warts Molluscum and other Viral Infections/warts-common-33.jpg
22,E:\MedicalData\kagglechallenge\Dermnet\train/Warts Molluscum and other Viral Infections/warts-common-34.jpg
22,E:\MedicalData\kagglechallenge\Dermnet\train/Warts Molluscum and other Viral Infections/warts-common-35.jpg
22,E:\MedicalData\kagglechallenge\Dermnet\train/Warts Molluscum and other Viral Infections/warts-common-36.jpg
22,E:\MedicalData\kagglechallenge\Dermnet\train/Warts Molluscum and other Viral Infections/warts-common-37.jpg
22,E:\MedicalData\kagglechallenge\Dermnet\train/Warts Molluscum and other Viral Infections/warts-common-38.jpg
22,E:\MedicalData\kagglechallenge\Dermnet\train/Warts Molluscum and other Viral Infections/warts-common-39.jpg
22,E:\MedicalData\kagglechallenge\Dermnet\train/Warts Molluscum and other Viral Infections/warts-common-4.jpg
22,E:\MedicalData\kagglechallenge\Dermnet\train/Warts Molluscum and other Viral Infections/warts-common-40.jpg
22,E:\MedicalData\kagglechallenge\Dermnet\train/Warts Molluscum and other Viral Infections/warts-common-42.jpg
22,E:\MedicalData\kagglechallenge\Dermnet\train/Warts Molluscum and other Viral Infections/warts-common-45.jpg
22,E:\MedicalData\kagglechallenge\Dermnet\train/Warts Molluscum and other Viral Infections/warts-common-46.jpg
22,E:\MedicalData\kagglechallenge\Dermnet\train/Warts Molluscum and other Viral Infections/warts-common-47.jpg
22,E:\MedicalData\kagglechallenge\Dermnet\train/Warts Molluscum and other Viral Infections/warts-common-48.jpg
22,E:\MedicalData\kagglechallenge\Dermnet\train/Warts Molluscum and other Viral Infections/warts-common-49.jpg
22,E:\MedicalData\kagglechallenge\Dermnet\train/Warts Molluscum and other Viral Infections/warts-common-50.jpg
22,E:\MedicalData\kagglechallenge\Dermnet\train/Warts Molluscum and other Viral Infections/warts-common-51.jpg
22,E:\MedicalData\kagglechallenge\Dermnet\train/Warts Molluscum and other Viral Infections/warts-common-52.jpg
22,E:\MedicalData\kagglechallenge\Dermnet\train/Warts Molluscum and other Viral Infections/warts-common-54.jpg
22,E:\MedicalData\kagglechallenge\Dermnet\train/Warts Molluscum and other Viral Infections/warts-common-55.jpg
22,E:\MedicalData\kagglechallenge\Dermnet\train/Warts Molluscum and other Viral Infections/warts-common-59.jpg
22,E:\MedicalData\kagglechallenge\Dermnet\train/Warts Molluscum and other Viral Infections/warts-common-6.jpg
22,E:\MedicalData\kagglechallenge\Dermnet\train/Warts Molluscum and other Viral Infections/warts-common-60.jpg
22,E:\MedicalData\kagglechallenge\Dermnet\train/Warts Molluscum and other Viral Infections/warts-common-61.jpg
22,E:\MedicalData\kagglechallenge\Dermnet\train/Warts Molluscum and other Viral Infections/warts-common-63.jpg
22,E:\MedicalData\kagglechallenge\Dermnet\train/Warts Molluscum and other Viral Infections/warts-common-66.jpg
22,E:\MedicalData\kagglechallenge\Dermnet\train/Warts Molluscum and other Viral Infections/warts-common-67.jpg
22,E:\MedicalData\kagglechallenge\Dermnet\train/Warts Molluscum and other Viral Infections/warts-common-69.jpg
22,E:\MedicalData\kagglechallenge\Dermnet\train/Warts Molluscum and other Viral Infections/warts-common-7.jpg
22,E:\MedicalData\kagglechallenge\Dermnet\train/Warts Molluscum and other Viral Infections/warts-common-70.jpg
22,E:\MedicalData\kagglechallenge\Dermnet\train/Warts Molluscum and other Viral Infections/warts-common-71.jpg
22,E:\MedicalData\kagglechallenge\Dermnet\train/Warts Molluscum and other Viral Infections/warts-common-75.jpg
22,E:\MedicalData\kagglechallenge\Dermnet\train/Warts Molluscum and other Viral Infections/warts-common-76.jpg
22,E:\MedicalData\kagglechallenge\Dermnet\train/Warts Molluscum and other Viral Infections/warts-common-77.jpg
22,E:\MedicalData\kagglechallenge\Dermnet\train/Warts Molluscum and other Viral Infections/warts-common-78.jpg
22,E:\MedicalData\kagglechallenge\Dermnet\train/Warts Molluscum and other Viral Infections/warts-common-79.jpg
22,E:\MedicalData\kagglechallenge\Dermnet\train/Warts Molluscum and other Viral Infections/warts-common-80.jpg
22,E:\MedicalData\kagglechallenge\Dermnet\train/Warts Molluscum and other Viral Infections/warts-common-81.jpg
22,E:\MedicalData\kagglechallenge\Dermnet\train/Warts Molluscum and other Viral Infections/warts-common-82.jpg
22,E:\MedicalData\kagglechallenge\Dermnet\train/Warts Molluscum and other Viral Infections/warts-common-83.jpg
22,E:\MedicalData\kagglechallenge\Dermnet\train/Warts Molluscum and other Viral Infections/warts-common-85.jpg
22,E:\MedicalData\kagglechallenge\Dermnet\train/Warts Molluscum and other Viral Infections/warts-common-86.jpg
22,E:\MedicalData\kagglechallenge\Dermnet\train/Warts Molluscum and other Viral Infections/warts-common-88.jpg
22,E:\MedicalData\kagglechallenge\Dermnet\train/Warts Molluscum and other Viral Infections/warts-common-89.jpg
22,E:\MedicalData\kagglechallenge\Dermnet\train/Warts Molluscum and other Viral Infections/warts-common-9.jpg
22,E:\MedicalData\kagglechallenge\Dermnet\train/Warts Molluscum and other Viral Infections/warts-common-92.jpg
22,E:\MedicalData\kagglechallenge\Dermnet\train/Warts Molluscum and other Viral Infections/warts-common-93.jpg
22,E:\MedicalData\kagglechallenge\Dermnet\train/Warts Molluscum and other Viral Infections/warts-common-94.jpg
22,E:\MedicalData\kagglechallenge\Dermnet\train/Warts Molluscum and other Viral Infections/warts-common-95.jpg
22,E:\MedicalData\kagglechallenge\Dermnet\train/Warts Molluscum and other Viral Infections/warts-common-97.jpg
22,E:\MedicalData\kagglechallenge\Dermnet\train/Warts Molluscum and other Viral Infections/warts-common-98.jpg
22,E:\MedicalData\kagglechallenge\Dermnet\train/Warts Molluscum and other Viral Infections/warts-common-99.jpg
22,E:\MedicalData\kagglechallenge\Dermnet\train/Warts Molluscum and other Viral Infections/warts-cryotherapy-1.jpg
22,E:\MedicalData\kagglechallenge\Dermnet\train/Warts Molluscum and other Viral Infections/warts-cryotherapy-10.jpg
22,E:\MedicalData\kagglechallenge\Dermnet\train/Warts Molluscum and other Viral Infections/warts-cryotherapy-11.jpg
22,E:\MedicalData\kagglechallenge\Dermnet\train/Warts Molluscum and other Viral Infections/warts-cryotherapy-12.jpg
22,E:\MedicalData\kagglechallenge\Dermnet\train/Warts Molluscum and other Viral Infections/warts-cryotherapy-13.jpg
22,E:\MedicalData\kagglechallenge\Dermnet\train/Warts Molluscum and other Viral Infections/warts-cryotherapy-14.jpg
22,E:\MedicalData\kagglechallenge\Dermnet\train/Warts Molluscum and other Viral Infections/warts-cryotherapy-16.jpg
22,E:\MedicalData\kagglechallenge\Dermnet\train/Warts Molluscum and other Viral Infections/warts-cryotherapy-17.jpg
22,E:\MedicalData\kagglechallenge\Dermnet\train/Warts Molluscum and other Viral Infections/warts-cryotherapy-18.jpg
22,E:\MedicalData\kagglechallenge\Dermnet\train/Warts Molluscum and other Viral Infections/warts-cryotherapy-19.jpg
22,E:\MedicalData\kagglechallenge\Dermnet\train/Warts Molluscum and other Viral Infections/warts-cryotherapy-2.jpg
22,E:\MedicalData\kagglechallenge\Dermnet\train/Warts Molluscum and other Viral Infections/warts-cryotherapy-20.jpg
22,E:\MedicalData\kagglechallenge\Dermnet\train/Warts Molluscum and other Viral Infections/warts-cryotherapy-23.jpg
22,E:\MedicalData\kagglechallenge\Dermnet\train/Warts Molluscum and other Viral Infections/warts-cryotherapy-24.jpg
22,E:\MedicalData\kagglechallenge\Dermnet\train/Warts Molluscum and other Viral Infections/warts-cryotherapy-25.jpg
22,E:\MedicalData\kagglechallenge\Dermnet\train/Warts Molluscum and other Viral Infections/warts-cryotherapy-27.jpg
22,E:\MedicalData\kagglechallenge\Dermnet\train/Warts Molluscum and other Viral Infections/warts-cryotherapy-28.jpg
22,E:\MedicalData\kagglechallenge\Dermnet\train/Warts Molluscum and other Viral Infections/warts-cryotherapy-29.jpg
22,E:\MedicalData\kagglechallenge\Dermnet\train/Warts Molluscum and other Viral Infections/warts-cryotherapy-3.jpg
22,E:\MedicalData\kagglechallenge\Dermnet\train/Warts Molluscum and other Viral Infections/warts-cryotherapy-31.jpg
22,E:\MedicalData\kagglechallenge\Dermnet\train/Warts Molluscum and other Viral Infections/warts-cryotherapy-32.jpg
22,E:\MedicalData\kagglechallenge\Dermnet\train/Warts Molluscum and other Viral Infections/warts-cryotherapy-34.jpg
22,E:\MedicalData\kagglechallenge\Dermnet\train/Warts Molluscum and other Viral Infections/warts-cryotherapy-35.jpg
22,E:\MedicalData\kagglechallenge\Dermnet\train/Warts Molluscum and other Viral Infections/warts-cryotherapy-4.jpg
22,E:\MedicalData\kagglechallenge\Dermnet\train/Warts Molluscum and other Viral Infections/warts-cryotherapy-8.jpg
22,E:\MedicalData\kagglechallenge\Dermnet\train/Warts Molluscum and other Viral Infections/warts-cryotherapy-9.jpg
22,E:\MedicalData\kagglechallenge\Dermnet\train/Warts Molluscum and other Viral Infections/warts-digitate-10.jpg
22,E:\MedicalData\kagglechallenge\Dermnet\train/Warts Molluscum and other Viral Infections/warts-digitate-11.jpg
22,E:\MedicalData\kagglechallenge\Dermnet\train/Warts Molluscum and other Viral Infections/warts-digitate-12.jpg
22,E:\MedicalData\kagglechallenge\Dermnet\train/Warts Molluscum and other Viral Infections/warts-digitate-13.jpg
22,E:\MedicalData\kagglechallenge\Dermnet\train/Warts Molluscum and other Viral Infections/warts-digitate-14.jpg
22,E:\MedicalData\kagglechallenge\Dermnet\train/Warts Molluscum and other Viral Infections/warts-digitate-15.jpg
22,E:\MedicalData\kagglechallenge\Dermnet\train/Warts Molluscum and other Viral Infections/warts-digitate-16.jpg
22,E:\MedicalData\kagglechallenge\Dermnet\train/Warts Molluscum and other Viral Infections/warts-digitate-17.jpg
22,E:\MedicalData\kagglechallenge\Dermnet\train/Warts Molluscum and other Viral Infections/warts-digitate-19.jpg
22,E:\MedicalData\kagglechallenge\Dermnet\train/Warts Molluscum and other Viral Infections/warts-digitate-2.jpg
22,E:\MedicalData\kagglechallenge\Dermnet\train/Warts Molluscum and other Viral Infections/warts-digitate-20.jpg
22,E:\MedicalData\kagglechallenge\Dermnet\train/Warts Molluscum and other Viral Infections/warts-digitate-21.jpg
22,E:\MedicalData\kagglechallenge\Dermnet\train/Warts Molluscum and other Viral Infections/warts-digitate-24.jpg
22,E:\MedicalData\kagglechallenge\Dermnet\train/Warts Molluscum and other Viral Infections/warts-digitate-25.jpg
22,E:\MedicalData\kagglechallenge\Dermnet\train/Warts Molluscum and other Viral Infections/warts-digitate-26.jpg
22,E:\MedicalData\kagglechallenge\Dermnet\train/Warts Molluscum and other Viral Infections/warts-digitate-27.jpg
22,E:\MedicalData\kagglechallenge\Dermnet\train/Warts Molluscum and other Viral Infections/warts-digitate-28.jpg
22,E:\MedicalData\kagglechallenge\Dermnet\train/Warts Molluscum and other Viral Infections/warts-digitate-29.jpg
22,E:\MedicalData\kagglechallenge\Dermnet\train/Warts Molluscum and other Viral Infections/warts-digitate-3.jpg
22,E:\MedicalData\kagglechallenge\Dermnet\train/Warts Molluscum and other Viral Infections/warts-digitate-31.jpg
22,E:\MedicalData\kagglechallenge\Dermnet\train/Warts Molluscum and other Viral Infections/warts-digitate-32.jpg
22,E:\MedicalData\kagglechallenge\Dermnet\train/Warts Molluscum and other Viral Infections/warts-digitate-34.jpg
22,E:\MedicalData\kagglechallenge\Dermnet\train/Warts Molluscum and other Viral Infections/warts-digitate-39.jpg
22,E:\MedicalData\kagglechallenge\Dermnet\train/Warts Molluscum and other Viral Infections/warts-digitate-4.jpg
22,E:\MedicalData\kagglechallenge\Dermnet\train/Warts Molluscum and other Viral Infections/warts-digitate-41.jpg
22,E:\MedicalData\kagglechallenge\Dermnet\train/Warts Molluscum and other Viral Infections/warts-digitate-43.jpg
22,E:\MedicalData\kagglechallenge\Dermnet\train/Warts Molluscum and other Viral Infections/warts-digitate-44.jpg
22,E:\MedicalData\kagglechallenge\Dermnet\train/Warts Molluscum and other Viral Infections/warts-digitate-46.jpg
22,E:\MedicalData\kagglechallenge\Dermnet\train/Warts Molluscum and other Viral Infections/warts-digitate-47.jpg
22,E:\MedicalData\kagglechallenge\Dermnet\train/Warts Molluscum and other Viral Infections/warts-digitate-49.jpg
22,E:\MedicalData\kagglechallenge\Dermnet\train/Warts Molluscum and other Viral Infections/warts-digitate-5.jpg
22,E:\MedicalData\kagglechallenge\Dermnet\train/Warts Molluscum and other Viral Infections/warts-digitate-50.jpg
22,E:\MedicalData\kagglechallenge\Dermnet\train/Warts Molluscum and other Viral Infections/warts-digitate-51.jpg
22,E:\MedicalData\kagglechallenge\Dermnet\train/Warts Molluscum and other Viral Infections/warts-digitate-52.jpg
22,E:\MedicalData\kagglechallenge\Dermnet\train/Warts Molluscum and other Viral Infections/warts-digitate-53.jpg
22,E:\MedicalData\kagglechallenge\Dermnet\train/Warts Molluscum and other Viral Infections/warts-digitate-55.jpg
22,E:\MedicalData\kagglechallenge\Dermnet\train/Warts Molluscum and other Viral Infections/warts-digitate-56.jpg
22,E:\MedicalData\kagglechallenge\Dermnet\train/Warts Molluscum and other Viral Infections/warts-digitate-57.jpg
22,E:\MedicalData\kagglechallenge\Dermnet\train/Warts Molluscum and other Viral Infections/warts-digitate-58.jpg
22,E:\MedicalData\kagglechallenge\Dermnet\train/Warts Molluscum and other Viral Infections/warts-digitate-59.jpg
22,E:\MedicalData\kagglechallenge\Dermnet\train/Warts Molluscum and other Viral Infections/warts-digitate-6.jpg
22,E:\MedicalData\kagglechallenge\Dermnet\train/Warts Molluscum and other Viral Infections/warts-digitate-61.jpg
22,E:\MedicalData\kagglechallenge\Dermnet\train/Warts Molluscum and other Viral Infections/warts-digitate-63.jpg
22,E:\MedicalData\kagglechallenge\Dermnet\train/Warts Molluscum and other Viral Infections/warts-digitate-64.jpg
22,E:\MedicalData\kagglechallenge\Dermnet\train/Warts Molluscum and other Viral Infections/warts-digitate-7.jpg
22,E:\MedicalData\kagglechallenge\Dermnet\train/Warts Molluscum and other Viral Infections/warts-digitate-8.jpg
22,E:\MedicalData\kagglechallenge\Dermnet\train/Warts Molluscum and other Viral Infections/warts-flat-1.jpg
22,E:\MedicalData\kagglechallenge\Dermnet\train/Warts Molluscum and other Viral Infections/warts-flat-10.jpg
22,E:\MedicalData\kagglechallenge\Dermnet\train/Warts Molluscum and other Viral Infections/warts-flat-11.jpg
22,E:\MedicalData\kagglechallenge\Dermnet\train/Warts Molluscum and other Viral Infections/warts-flat-13.jpg
22,E:\MedicalData\kagglechallenge\Dermnet\train/Warts Molluscum and other Viral Infections/warts-flat-16.jpg
22,E:\MedicalData\kagglechallenge\Dermnet\train/Warts Molluscum and other Viral Infections/warts-flat-17.jpg
22,E:\MedicalData\kagglechallenge\Dermnet\train/Warts Molluscum and other Viral Infections/warts-flat-18.jpg
22,E:\MedicalData\kagglechallenge\Dermnet\train/Warts Molluscum and other Viral Infections/warts-flat-2.jpg
22,E:\MedicalData\kagglechallenge\Dermnet\train/Warts Molluscum and other Viral Infections/warts-flat-22.jpg
22,E:\MedicalData\kagglechallenge\Dermnet\train/Warts Molluscum and other Viral Infections/warts-flat-23.jpg
22,E:\MedicalData\kagglechallenge\Dermnet\train/Warts Molluscum and other Viral Infections/warts-flat-25.jpg
22,E:\MedicalData\kagglechallenge\Dermnet\train/Warts Molluscum and other Viral Infections/warts-flat-29.jpg
22,E:\MedicalData\kagglechallenge\Dermnet\train/Warts Molluscum and other Viral Infections/warts-flat-30.jpg
22,E:\MedicalData\kagglechallenge\Dermnet\train/Warts Molluscum and other Viral Infections/warts-flat-31.jpg
22,E:\MedicalData\kagglechallenge\Dermnet\train/Warts Molluscum and other Viral Infections/warts-flat-32.jpg
22,E:\MedicalData\kagglechallenge\Dermnet\train/Warts Molluscum and other Viral Infections/warts-flat-33.jpg
22,E:\MedicalData\kagglechallenge\Dermnet\train/Warts Molluscum and other Viral Infections/warts-flat-34.jpg
22,E:\MedicalData\kagglechallenge\Dermnet\train/Warts Molluscum and other Viral Infections/warts-flat-35.jpg
22,E:\MedicalData\kagglechallenge\Dermnet\train/Warts Molluscum and other Viral Infections/warts-flat-36.jpg
22,E:\MedicalData\kagglechallenge\Dermnet\train/Warts Molluscum and other Viral Infections/warts-flat-38.jpg
22,E:\MedicalData\kagglechallenge\Dermnet\train/Warts Molluscum and other Viral Infections/warts-flat-4.jpg
22,E:\MedicalData\kagglechallenge\Dermnet\train/Warts Molluscum and other Viral Infections/warts-flat-40.jpg
22,E:\MedicalData\kagglechallenge\Dermnet\train/Warts Molluscum and other Viral Infections/warts-flat-41.jpg
22,E:\MedicalData\kagglechallenge\Dermnet\train/Warts Molluscum and other Viral Infections/warts-flat-42.jpg
22,E:\MedicalData\kagglechallenge\Dermnet\train/Warts Molluscum and other Viral Infections/warts-flat-43.jpg
22,E:\MedicalData\kagglechallenge\Dermnet\train/Warts Molluscum and other Viral Infections/warts-flat-44.jpg
22,E:\MedicalData\kagglechallenge\Dermnet\train/Warts Molluscum and other Viral Infections/warts-flat-45.jpg
22,E:\MedicalData\kagglechallenge\Dermnet\train/Warts Molluscum and other Viral Infections/warts-flat-46.jpg
22,E:\MedicalData\kagglechallenge\Dermnet\train/Warts Molluscum and other Viral Infections/warts-flat-47.jpg
22,E:\MedicalData\kagglechallenge\Dermnet\train/Warts Molluscum and other Viral Infections/warts-flat-48.jpg
22,E:\MedicalData\kagglechallenge\Dermnet\train/Warts Molluscum and other Viral Infections/warts-flat-49.jpg
22,E:\MedicalData\kagglechallenge\Dermnet\train/Warts Molluscum and other Viral Infections/warts-flat-5.jpg
22,E:\MedicalData\kagglechallenge\Dermnet\train/Warts Molluscum and other Viral Infections/warts-flat-50.jpg
22,E:\MedicalData\kagglechallenge\Dermnet\train/Warts Molluscum and other Viral Infections/warts-flat-51.jpg
22,E:\MedicalData\kagglechallenge\Dermnet\train/Warts Molluscum and other Viral Infections/warts-flat-53.jpg
22,E:\MedicalData\kagglechallenge\Dermnet\train/Warts Molluscum and other Viral Infections/warts-flat-54.jpg
22,E:\MedicalData\kagglechallenge\Dermnet\train/Warts Molluscum and other Viral Infections/warts-flat-55.jpg
22,E:\MedicalData\kagglechallenge\Dermnet\train/Warts Molluscum and other Viral Infections/warts-flat-56.jpg
22,E:\MedicalData\kagglechallenge\Dermnet\train/Warts Molluscum and other Viral Infections/warts-flat-58.jpg
22,E:\MedicalData\kagglechallenge\Dermnet\train/Warts Molluscum and other Viral Infections/warts-flat-59.jpg
22,E:\MedicalData\kagglechallenge\Dermnet\train/Warts Molluscum and other Viral Infections/warts-flat-6.jpg
22,E:\MedicalData\kagglechallenge\Dermnet\train/Warts Molluscum and other Viral Infections/warts-flat-60.jpg
22,E:\MedicalData\kagglechallenge\Dermnet\train/Warts Molluscum and other Viral Infections/warts-flat-61.jpg
22,E:\MedicalData\kagglechallenge\Dermnet\train/Warts Molluscum and other Viral Infections/warts-flat-63.jpg
22,E:\MedicalData\kagglechallenge\Dermnet\train/Warts Molluscum and other Viral Infections/warts-flat-64.jpg
22,E:\MedicalData\kagglechallenge\Dermnet\train/Warts Molluscum and other Viral Infections/warts-flat-65.jpg
22,E:\MedicalData\kagglechallenge\Dermnet\train/Warts Molluscum and other Viral Infections/warts-flat-66.jpg
22,E:\MedicalData\kagglechallenge\Dermnet\train/Warts Molluscum and other Viral Infections/warts-flat-67.jpg
22,E:\MedicalData\kagglechallenge\Dermnet\train/Warts Molluscum and other Viral Infections/warts-flat-68.jpg
22,E:\MedicalData\kagglechallenge\Dermnet\train/Warts Molluscum and other Viral Infections/warts-flat-69.jpg
22,E:\MedicalData\kagglechallenge\Dermnet\train/Warts Molluscum and other Viral Infections/warts-flat-70.jpg
22,E:\MedicalData\kagglechallenge\Dermnet\train/Warts Molluscum and other Viral Infections/warts-flat-71.jpg
22,E:\MedicalData\kagglechallenge\Dermnet\train/Warts Molluscum and other Viral Infections/warts-flat-72.jpg
22,E:\MedicalData\kagglechallenge\Dermnet\train/Warts Molluscum and other Viral Infections/warts-immunocompromised-1.jpg
22,E:\MedicalData\kagglechallenge\Dermnet\train/Warts Molluscum and other Viral Infections/warts-immunocompromised-10.jpg
22,E:\MedicalData\kagglechallenge\Dermnet\train/Warts Molluscum and other Viral Infections/warts-immunocompromised-11.jpg
22,E:\MedicalData\kagglechallenge\Dermnet\train/Warts Molluscum and other Viral Infections/warts-immunocompromised-2.jpg
22,E:\MedicalData\kagglechallenge\Dermnet\train/Warts Molluscum and other Viral Infections/warts-immunocompromised-3.jpg
22,E:\MedicalData\kagglechallenge\Dermnet\train/Warts Molluscum and other Viral Infections/warts-immunocompromised-4.jpg
22,E:\MedicalData\kagglechallenge\Dermnet\train/Warts Molluscum and other Viral Infections/warts-immunocompromised-7.jpg
22,E:\MedicalData\kagglechallenge\Dermnet\train/Warts Molluscum and other Viral Infections/warts-immunocompromised-9.jpg
22,E:\MedicalData\kagglechallenge\Dermnet\train/Warts Molluscum and other Viral Infections/warts-oral-1.jpg
22,E:\MedicalData\kagglechallenge\Dermnet\train/Warts Molluscum and other Viral Infections/warts-oral-2.jpg
22,E:\MedicalData\kagglechallenge\Dermnet\train/Warts Molluscum and other Viral Infections/warts-oral-3.jpg
22,E:\MedicalData\kagglechallenge\Dermnet\train/Warts Molluscum and other Viral Infections/warts-oral-4.jpg
22,E:\MedicalData\kagglechallenge\Dermnet\train/Warts Molluscum and other Viral Infections/warts-oral-5.jpg
22,E:\MedicalData\kagglechallenge\Dermnet\train/Warts Molluscum and other Viral Infections/warts-oral-7.jpg
22,E:\MedicalData\kagglechallenge\Dermnet\train/Warts Molluscum and other Viral Infections/warts-periungual-10.jpg
22,E:\MedicalData\kagglechallenge\Dermnet\train/Warts Molluscum and other Viral Infections/warts-periungual-11.jpg
22,E:\MedicalData\kagglechallenge\Dermnet\train/Warts Molluscum and other Viral Infections/warts-periungual-12.jpg
22,E:\MedicalData\kagglechallenge\Dermnet\train/Warts Molluscum and other Viral Infections/warts-periungual-14.jpg
22,E:\MedicalData\kagglechallenge\Dermnet\train/Warts Molluscum and other Viral Infections/warts-periungual-16.jpg
22,E:\MedicalData\kagglechallenge\Dermnet\train/Warts Molluscum and other Viral Infections/warts-periungual-17.jpg
22,E:\MedicalData\kagglechallenge\Dermnet\train/Warts Molluscum and other Viral Infections/warts-periungual-19.jpg
22,E:\MedicalData\kagglechallenge\Dermnet\train/Warts Molluscum and other Viral Infections/warts-periungual-2.jpg
22,E:\MedicalData\kagglechallenge\Dermnet\train/Warts Molluscum and other Viral Infections/warts-periungual-20.jpg
22,E:\MedicalData\kagglechallenge\Dermnet\train/Warts Molluscum and other Viral Infections/warts-periungual-21.jpg
22,E:\MedicalData\kagglechallenge\Dermnet\train/Warts Molluscum and other Viral Infections/warts-periungual-22.jpg
22,E:\MedicalData\kagglechallenge\Dermnet\train/Warts Molluscum and other Viral Infections/warts-periungual-23.jpg
22,E:\MedicalData\kagglechallenge\Dermnet\train/Warts Molluscum and other Viral Infections/warts-periungual-3.jpg
22,E:\MedicalData\kagglechallenge\Dermnet\train/Warts Molluscum and other Viral Infections/warts-periungual-4.jpg
22,E:\MedicalData\kagglechallenge\Dermnet\train/Warts Molluscum and other Viral Infections/warts-periungual-7.jpg
22,E:\MedicalData\kagglechallenge\Dermnet\train/Warts Molluscum and other Viral Infections/warts-periungual-8.jpg
22,E:\MedicalData\kagglechallenge\Dermnet\train/Warts Molluscum and other Viral Infections/warts-periungual-9.jpg
22,E:\MedicalData\kagglechallenge\Dermnet\train/Warts Molluscum and other Viral Infections/warts-plantar-1.jpg
22,E:\MedicalData\kagglechallenge\Dermnet\train/Warts Molluscum and other Viral Infections/warts-plantar-10.jpg
22,E:\MedicalData\kagglechallenge\Dermnet\train/Warts Molluscum and other Viral Infections/warts-plantar-102.jpg
22,E:\MedicalData\kagglechallenge\Dermnet\train/Warts Molluscum and other Viral Infections/warts-plantar-104.jpg
22,E:\MedicalData\kagglechallenge\Dermnet\train/Warts Molluscum and other Viral Infections/warts-plantar-105.jpg
22,E:\MedicalData\kagglechallenge\Dermnet\train/Warts Molluscum and other Viral Infections/warts-plantar-107.jpg
22,E:\MedicalData\kagglechallenge\Dermnet\train/Warts Molluscum and other Viral Infections/warts-plantar-109.jpg
22,E:\MedicalData\kagglechallenge\Dermnet\train/Warts Molluscum and other Viral Infections/warts-plantar-11.jpg
22,E:\MedicalData\kagglechallenge\Dermnet\train/Warts Molluscum and other Viral Infections/warts-plantar-110.jpg
22,E:\MedicalData\kagglechallenge\Dermnet\train/Warts Molluscum and other Viral Infections/warts-plantar-112.jpg
22,E:\MedicalData\kagglechallenge\Dermnet\train/Warts Molluscum and other Viral Infections/warts-plantar-113.jpg
22,E:\MedicalData\kagglechallenge\Dermnet\train/Warts Molluscum and other Viral Infections/warts-plantar-114.jpg
22,E:\MedicalData\kagglechallenge\Dermnet\train/Warts Molluscum and other Viral Infections/warts-plantar-116.jpg
22,E:\MedicalData\kagglechallenge\Dermnet\train/Warts Molluscum and other Viral Infections/warts-plantar-117.jpg
22,E:\MedicalData\kagglechallenge\Dermnet\train/Warts Molluscum and other Viral Infections/warts-plantar-118.jpg
22,E:\MedicalData\kagglechallenge\Dermnet\train/Warts Molluscum and other Viral Infections/warts-plantar-119.jpg
22,E:\MedicalData\kagglechallenge\Dermnet\train/Warts Molluscum and other Viral Infections/warts-plantar-12.jpg
22,E:\MedicalData\kagglechallenge\Dermnet\train/Warts Molluscum and other Viral Infections/warts-plantar-13.jpg
22,E:\MedicalData\kagglechallenge\Dermnet\train/Warts Molluscum and other Viral Infections/warts-plantar-14.jpg
22,E:\MedicalData\kagglechallenge\Dermnet\train/Warts Molluscum and other Viral Infections/warts-plantar-17.jpg
22,E:\MedicalData\kagglechallenge\Dermnet\train/Warts Molluscum and other Viral Infections/warts-plantar-18.jpg
22,E:\MedicalData\kagglechallenge\Dermnet\train/Warts Molluscum and other Viral Infections/warts-plantar-19.jpg
22,E:\MedicalData\kagglechallenge\Dermnet\train/Warts Molluscum and other Viral Infections/warts-plantar-2.jpg
22,E:\MedicalData\kagglechallenge\Dermnet\train/Warts Molluscum and other Viral Infections/warts-plantar-20.jpg
22,E:\MedicalData\kagglechallenge\Dermnet\train/Warts Molluscum and other Viral Infections/warts-plantar-21.jpg
22,E:\MedicalData\kagglechallenge\Dermnet\train/Warts Molluscum and other Viral Infections/warts-plantar-24.jpg
22,E:\MedicalData\kagglechallenge\Dermnet\train/Warts Molluscum and other Viral Infections/warts-plantar-25.jpg
22,E:\MedicalData\kagglechallenge\Dermnet\train/Warts Molluscum and other Viral Infections/warts-plantar-26.jpg
22,E:\MedicalData\kagglechallenge\Dermnet\train/Warts Molluscum and other Viral Infections/warts-plantar-28.jpg
22,E:\MedicalData\kagglechallenge\Dermnet\train/Warts Molluscum and other Viral Infections/warts-plantar-29.jpg
22,E:\MedicalData\kagglechallenge\Dermnet\train/Warts Molluscum and other Viral Infections/warts-plantar-3.jpg
22,E:\MedicalData\kagglechallenge\Dermnet\train/Warts Molluscum and other Viral Infections/warts-plantar-30.jpg
22,E:\MedicalData\kagglechallenge\Dermnet\train/Warts Molluscum and other Viral Infections/warts-plantar-31.jpg
22,E:\MedicalData\kagglechallenge\Dermnet\train/Warts Molluscum and other Viral Infections/warts-plantar-32.jpg
22,E:\MedicalData\kagglechallenge\Dermnet\train/Warts Molluscum and other Viral Infections/warts-plantar-33.jpg
22,E:\MedicalData\kagglechallenge\Dermnet\train/Warts Molluscum and other Viral Infections/warts-plantar-34.jpg
22,E:\MedicalData\kagglechallenge\Dermnet\train/Warts Molluscum and other Viral Infections/warts-plantar-35.jpg
22,E:\MedicalData\kagglechallenge\Dermnet\train/Warts Molluscum and other Viral Infections/warts-plantar-37.jpg
22,E:\MedicalData\kagglechallenge\Dermnet\train/Warts Molluscum and other Viral Infections/warts-plantar-38.jpg
22,E:\MedicalData\kagglechallenge\Dermnet\train/Warts Molluscum and other Viral Infections/warts-plantar-39.jpg
22,E:\MedicalData\kagglechallenge\Dermnet\train/Warts Molluscum and other Viral Infections/warts-plantar-40.jpg
22,E:\MedicalData\kagglechallenge\Dermnet\train/Warts Molluscum and other Viral Infections/warts-plantar-41.jpg
22,E:\MedicalData\kagglechallenge\Dermnet\train/Warts Molluscum and other Viral Infections/warts-plantar-43.jpg
22,E:\MedicalData\kagglechallenge\Dermnet\train/Warts Molluscum and other Viral Infections/warts-plantar-46.jpg
22,E:\MedicalData\kagglechallenge\Dermnet\train/Warts Molluscum and other Viral Infections/warts-plantar-48.jpg
22,E:\MedicalData\kagglechallenge\Dermnet\train/Warts Molluscum and other Viral Infections/warts-plantar-49.jpg
22,E:\MedicalData\kagglechallenge\Dermnet\train/Warts Molluscum and other Viral Infections/warts-plantar-5.jpg
22,E:\MedicalData\kagglechallenge\Dermnet\train/Warts Molluscum and other Viral Infections/warts-plantar-50.jpg
22,E:\MedicalData\kagglechallenge\Dermnet\train/Warts Molluscum and other Viral Infections/warts-plantar-51.jpg
22,E:\MedicalData\kagglechallenge\Dermnet\train/Warts Molluscum and other Viral Infections/warts-plantar-53.jpg
22,E:\MedicalData\kagglechallenge\Dermnet\train/Warts Molluscum and other Viral Infections/warts-plantar-55.jpg
22,E:\MedicalData\kagglechallenge\Dermnet\train/Warts Molluscum and other Viral Infections/warts-plantar-56.jpg
22,E:\MedicalData\kagglechallenge\Dermnet\train/Warts Molluscum and other Viral Infections/warts-plantar-57.jpg
22,E:\MedicalData\kagglechallenge\Dermnet\train/Warts Molluscum and other Viral Infections/warts-plantar-60.jpg
22,E:\MedicalData\kagglechallenge\Dermnet\train/Warts Molluscum and other Viral Infections/warts-plantar-61.jpg
22,E:\MedicalData\kagglechallenge\Dermnet\train/Warts Molluscum and other Viral Infections/warts-plantar-62.jpg
22,E:\MedicalData\kagglechallenge\Dermnet\train/Warts Molluscum and other Viral Infections/warts-plantar-63.jpg
22,E:\MedicalData\kagglechallenge\Dermnet\train/Warts Molluscum and other Viral Infections/warts-plantar-64.jpg
22,E:\MedicalData\kagglechallenge\Dermnet\train/Warts Molluscum and other Viral Infections/warts-plantar-65.jpg
22,E:\MedicalData\kagglechallenge\Dermnet\train/Warts Molluscum and other Viral Infections/warts-plantar-66.jpg
22,E:\MedicalData\kagglechallenge\Dermnet\train/Warts Molluscum and other Viral Infections/warts-plantar-68.jpg
22,E:\MedicalData\kagglechallenge\Dermnet\train/Warts Molluscum and other Viral Infections/warts-plantar-69.jpg
22,E:\MedicalData\kagglechallenge\Dermnet\train/Warts Molluscum and other Viral Infections/warts-plantar-72.jpg
22,E:\MedicalData\kagglechallenge\Dermnet\train/Warts Molluscum and other Viral Infections/warts-plantar-73.jpg
22,E:\MedicalData\kagglechallenge\Dermnet\train/Warts Molluscum and other Viral Infections/warts-plantar-74.jpg
22,E:\MedicalData\kagglechallenge\Dermnet\train/Warts Molluscum and other Viral Infections/warts-plantar-75.jpg
22,E:\MedicalData\kagglechallenge\Dermnet\train/Warts Molluscum and other Viral Infections/warts-plantar-77.jpg
22,E:\MedicalData\kagglechallenge\Dermnet\train/Warts Molluscum and other Viral Infections/warts-plantar-78.jpg
22,E:\MedicalData\kagglechallenge\Dermnet\train/Warts Molluscum and other Viral Infections/warts-plantar-80.jpg
22,E:\MedicalData\kagglechallenge\Dermnet\train/Warts Molluscum and other Viral Infections/warts-plantar-81.jpg
22,E:\MedicalData\kagglechallenge\Dermnet\train/Warts Molluscum and other Viral Infections/warts-plantar-82.jpg
22,E:\MedicalData\kagglechallenge\Dermnet\train/Warts Molluscum and other Viral Infections/warts-plantar-83.jpg
22,E:\MedicalData\kagglechallenge\Dermnet\train/Warts Molluscum and other Viral Infections/warts-plantar-84.jpg
22,E:\MedicalData\kagglechallenge\Dermnet\train/Warts Molluscum and other Viral Infections/warts-plantar-85.jpg
22,E:\MedicalData\kagglechallenge\Dermnet\train/Warts Molluscum and other Viral Infections/warts-plantar-86.jpg
22,E:\MedicalData\kagglechallenge\Dermnet\train/Warts Molluscum and other Viral Infections/warts-plantar-87.jpg
22,E:\MedicalData\kagglechallenge\Dermnet\train/Warts Molluscum and other Viral Infections/warts-plantar-89.jpg
22,E:\MedicalData\kagglechallenge\Dermnet\train/Warts Molluscum and other Viral Infections/warts-plantar-9.jpg
22,E:\MedicalData\kagglechallenge\Dermnet\train/Warts Molluscum and other Viral Infections/warts-plantar-90.jpg
22,E:\MedicalData\kagglechallenge\Dermnet\train/Warts Molluscum and other Viral Infections/warts-plantar-91.jpg
22,E:\MedicalData\kagglechallenge\Dermnet\train/Warts Molluscum and other Viral Infections/warts-plantar-95.jpg
22,E:\MedicalData\kagglechallenge\Dermnet\train/Warts Molluscum and other Viral Infections/warts-plantar-97.jpg
22,E:\MedicalData\kagglechallenge\Dermnet\train/Warts Molluscum and other Viral Infections/warts-plantar-98.jpg
22,E:\MedicalData\kagglechallenge\Dermnet\train/Warts Molluscum and other Viral Infections/warts-plantar-99.jpg
22,E:\MedicalData\kagglechallenge\Dermnet\train/Warts Molluscum and other Viral Infections/warts-treatment-1.jpg
22,E:\MedicalData\kagglechallenge\Dermnet\train/Warts Molluscum and other Viral Infections/warts-treatment-3.jpg
0,E:\MedicalData\kagglechallenge\Dermnet\test/Acne and Rosacea Photos/07PerioralDermEye.jpg
0,E:\MedicalData\kagglechallenge\Dermnet\test/Acne and Rosacea Photos/07Rhinophyma1.jpg
0,E:\MedicalData\kagglechallenge\Dermnet\test/Acne and Rosacea Photos/07rhnophymas0321051.jpg
0,E:\MedicalData\kagglechallenge\Dermnet\test/Acne and Rosacea Photos/07RosaceaFulFAce.jpg
0,E:\MedicalData\kagglechallenge\Dermnet\test/Acne and Rosacea Photos/07RosaceaMilia0120.jpg
0,E:\MedicalData\kagglechallenge\Dermnet\test/Acne and Rosacea Photos/07RosaceaOK0828063.jpg
0,E:\MedicalData\kagglechallenge\Dermnet\test/Acne and Rosacea Photos/07sebDerem1101051.jpg
0,E:\MedicalData\kagglechallenge\Dermnet\test/Acne and Rosacea Photos/07SteroidPerioral.jpg
0,E:\MedicalData\kagglechallenge\Dermnet\test/Acne and Rosacea Photos/07SteroidPerioral1.jpg
0,E:\MedicalData\kagglechallenge\Dermnet\test/Acne and Rosacea Photos/07VascularFace0120.jpg
0,E:\MedicalData\kagglechallenge\Dermnet\test/Acne and Rosacea Photos/08PerioralDerm1.jpg
0,E:\MedicalData\kagglechallenge\Dermnet\test/Acne and Rosacea Photos/acne-closed-comedo-003.jpg
0,E:\MedicalData\kagglechallenge\Dermnet\test/Acne and Rosacea Photos/acne-closed-comedo-1.jpg
0,E:\MedicalData\kagglechallenge\Dermnet\test/Acne and Rosacea Photos/acne-closed-comedo-13.jpg
0,E:\MedicalData\kagglechallenge\Dermnet\test/Acne and Rosacea Photos/acne-closed-comedo-15.jpg
0,E:\MedicalData\kagglechallenge\Dermnet\test/Acne and Rosacea Photos/acne-closed-comedo-16.jpg
0,E:\MedicalData\kagglechallenge\Dermnet\test/Acne and Rosacea Photos/acne-closed-comedo-2.jpg
0,E:\MedicalData\kagglechallenge\Dermnet\test/Acne and Rosacea Photos/acne-closed-comedo-21.jpg
0,E:\MedicalData\kagglechallenge\Dermnet\test/Acne and Rosacea Photos/acne-closed-comedo-22.jpg
0,E:\MedicalData\kagglechallenge\Dermnet\test/Acne and Rosacea Photos/acne-closed-comedo-24.jpg
0,E:\MedicalData\kagglechallenge\Dermnet\test/Acne and Rosacea Photos/acne-closed-comedo-25.jpg
0,E:\MedicalData\kagglechallenge\Dermnet\test/Acne and Rosacea Photos/acne-closed-comedo-26.jpg
0,E:\MedicalData\kagglechallenge\Dermnet\test/Acne and Rosacea Photos/acne-closed-comedo-29.jpg
0,E:\MedicalData\kagglechallenge\Dermnet\test/Acne and Rosacea Photos/acne-closed-comedo-3.jpg
0,E:\MedicalData\kagglechallenge\Dermnet\test/Acne and Rosacea Photos/acne-closed-comedo-31.jpg
0,E:\MedicalData\kagglechallenge\Dermnet\test/Acne and Rosacea Photos/acne-closed-comedo-36.jpg
0,E:\MedicalData\kagglechallenge\Dermnet\test/Acne and Rosacea Photos/acne-cystic-101.jpg
0,E:\MedicalData\kagglechallenge\Dermnet\test/Acne and Rosacea Photos/acne-cystic-112.jpg
0,E:\MedicalData\kagglechallenge\Dermnet\test/Acne and Rosacea Photos/acne-cystic-114.jpg
0,E:\MedicalData\kagglechallenge\Dermnet\test/Acne and Rosacea Photos/acne-cystic-120.jpg
0,E:\MedicalData\kagglechallenge\Dermnet\test/Acne and Rosacea Photos/acne-cystic-122.jpg
0,E:\MedicalData\kagglechallenge\Dermnet\test/Acne and Rosacea Photos/acne-cystic-126.jpg
0,E:\MedicalData\kagglechallenge\Dermnet\test/Acne and Rosacea Photos/acne-cystic-128.jpg
0,E:\MedicalData\kagglechallenge\Dermnet\test/Acne and Rosacea Photos/acne-cystic-131.jpg
0,E:\MedicalData\kagglechallenge\Dermnet\test/Acne and Rosacea Photos/acne-cystic-133.jpg
0,E:\MedicalData\kagglechallenge\Dermnet\test/Acne and Rosacea Photos/acne-cystic-135.jpg
0,E:\MedicalData\kagglechallenge\Dermnet\test/Acne and Rosacea Photos/acne-cystic-137.jpg
0,E:\MedicalData\kagglechallenge\Dermnet\test/Acne and Rosacea Photos/acne-cystic-141.jpg
0,E:\MedicalData\kagglechallenge\Dermnet\test/Acne and Rosacea Photos/acne-cystic-148.jpg
0,E:\MedicalData\kagglechallenge\Dermnet\test/Acne and Rosacea Photos/acne-cystic-149.jpg
0,E:\MedicalData\kagglechallenge\Dermnet\test/Acne and Rosacea Photos/acne-cystic-18.jpg
0,E:\MedicalData\kagglechallenge\Dermnet\test/Acne and Rosacea Photos/acne-cystic-19.jpg
0,E:\MedicalData\kagglechallenge\Dermnet\test/Acne and Rosacea Photos/acne-cystic-3.jpg
0,E:\MedicalData\kagglechallenge\Dermnet\test/Acne and Rosacea Photos/acne-cystic-33.jpg
0,E:\MedicalData\kagglechallenge\Dermnet\test/Acne and Rosacea Photos/acne-cystic-40.jpg
0,E:\MedicalData\kagglechallenge\Dermnet\test/Acne and Rosacea Photos/acne-cystic-44.jpg
0,E:\MedicalData\kagglechallenge\Dermnet\test/Acne and Rosacea Photos/acne-cystic-45.jpg
0,E:\MedicalData\kagglechallenge\Dermnet\test/Acne and Rosacea Photos/acne-cystic-46.jpg
0,E:\MedicalData\kagglechallenge\Dermnet\test/Acne and Rosacea Photos/acne-cystic-52.jpg
0,E:\MedicalData\kagglechallenge\Dermnet\test/Acne and Rosacea Photos/acne-cystic-53.jpg
0,E:\MedicalData\kagglechallenge\Dermnet\test/Acne and Rosacea Photos/acne-cystic-55.jpg
0,E:\MedicalData\kagglechallenge\Dermnet\test/Acne and Rosacea Photos/acne-cystic-6.jpg
0,E:\MedicalData\kagglechallenge\Dermnet\test/Acne and Rosacea Photos/acne-cystic-61.jpg
0,E:\MedicalData\kagglechallenge\Dermnet\test/Acne and Rosacea Photos/acne-cystic-85.jpg
0,E:\MedicalData\kagglechallenge\Dermnet\test/Acne and Rosacea Photos/acne-cystic-86.jpg
0,E:\MedicalData\kagglechallenge\Dermnet\test/Acne and Rosacea Photos/acne-cystic-89.jpg
0,E:\MedicalData\kagglechallenge\Dermnet\test/Acne and Rosacea Photos/acne-cystic-90.jpg
0,E:\MedicalData\kagglechallenge\Dermnet\test/Acne and Rosacea Photos/acne-cystic-92.jpg
0,E:\MedicalData\kagglechallenge\Dermnet\test/Acne and Rosacea Photos/acne-cystic-95.jpg
0,E:\MedicalData\kagglechallenge\Dermnet\test/Acne and Rosacea Photos/acne-cystic-97.jpg
0,E:\MedicalData\kagglechallenge\Dermnet\test/Acne and Rosacea Photos/acne-cystic-98.jpg
0,E:\MedicalData\kagglechallenge\Dermnet\test/Acne and Rosacea Photos/acne-cystic-99.jpg
0,E:\MedicalData\kagglechallenge\Dermnet\test/Acne and Rosacea Photos/acne-excoriated-12.jpg
0,E:\MedicalData\kagglechallenge\Dermnet\test/Acne and Rosacea Photos/acne-excoriated-14.jpg
0,E:\MedicalData\kagglechallenge\Dermnet\test/Acne and Rosacea Photos/acne-excoriated-18.jpg
0,E:\MedicalData\kagglechallenge\Dermnet\test/Acne and Rosacea Photos/acne-excoriated-19.jpg
0,E:\MedicalData\kagglechallenge\Dermnet\test/Acne and Rosacea Photos/acne-excoriated-2.jpg
0,E:\MedicalData\kagglechallenge\Dermnet\test/Acne and Rosacea Photos/acne-excoriated-22.jpg
0,E:\MedicalData\kagglechallenge\Dermnet\test/Acne and Rosacea Photos/acne-excoriated-4.jpg
0,E:\MedicalData\kagglechallenge\Dermnet\test/Acne and Rosacea Photos/acne-histology-4.jpg
0,E:\MedicalData\kagglechallenge\Dermnet\test/Acne and Rosacea Photos/acne-histology-5.jpg
0,E:\MedicalData\kagglechallenge\Dermnet\test/Acne and Rosacea Photos/acne-infantile-10.jpg
0,E:\MedicalData\kagglechallenge\Dermnet\test/Acne and Rosacea Photos/acne-infantile-12.jpg
0,E:\MedicalData\kagglechallenge\Dermnet\test/Acne and Rosacea Photos/acne-infantile-6.jpg
0,E:\MedicalData\kagglechallenge\Dermnet\test/Acne and Rosacea Photos/acne-open-comedo-1.jpg
0,E:\MedicalData\kagglechallenge\Dermnet\test/Acne and Rosacea Photos/acne-open-comedo-10.jpg
0,E:\MedicalData\kagglechallenge\Dermnet\test/Acne and Rosacea Photos/acne-open-comedo-12.jpg
0,E:\MedicalData\kagglechallenge\Dermnet\test/Acne and Rosacea Photos/acne-open-comedo-13.jpg
0,E:\MedicalData\kagglechallenge\Dermnet\test/Acne and Rosacea Photos/acne-open-comedo-14.jpg
0,E:\MedicalData\kagglechallenge\Dermnet\test/Acne and Rosacea Photos/acne-open-comedo-15.jpg
0,E:\MedicalData\kagglechallenge\Dermnet\test/Acne and Rosacea Photos/acne-open-comedo-16.jpg
0,E:\MedicalData\kagglechallenge\Dermnet\test/Acne and Rosacea Photos/acne-open-comedo-18.jpg
0,E:\MedicalData\kagglechallenge\Dermnet\test/Acne and Rosacea Photos/acne-open-comedo-24.jpg
0,E:\MedicalData\kagglechallenge\Dermnet\test/Acne and Rosacea Photos/acne-open-comedo-26.jpg
0,E:\MedicalData\kagglechallenge\Dermnet\test/Acne and Rosacea Photos/acne-open-comedo-27.jpg
0,E:\MedicalData\kagglechallenge\Dermnet\test/Acne and Rosacea Photos/acne-open-comedo-30.jpg
0,E:\MedicalData\kagglechallenge\Dermnet\test/Acne and Rosacea Photos/acne-open-comedo-31.jpg
0,E:\MedicalData\kagglechallenge\Dermnet\test/Acne and Rosacea Photos/acne-open-comedo-36.jpg
0,E:\MedicalData\kagglechallenge\Dermnet\test/Acne and Rosacea Photos/acne-open-comedo-37.jpg
0,E:\MedicalData\kagglechallenge\Dermnet\test/Acne and Rosacea Photos/acne-open-comedo-48.jpg
0,E:\MedicalData\kagglechallenge\Dermnet\test/Acne and Rosacea Photos/acne-open-comedo-57.jpg
0,E:\MedicalData\kagglechallenge\Dermnet\test/Acne and Rosacea Photos/acne-open-comedo-58.jpg
0,E:\MedicalData\kagglechallenge\Dermnet\test/Acne and Rosacea Photos/acne-open-comedo-61.jpg
0,E:\MedicalData\kagglechallenge\Dermnet\test/Acne and Rosacea Photos/acne-open-comedo-62.jpg
0,E:\MedicalData\kagglechallenge\Dermnet\test/Acne and Rosacea Photos/acne-open-comedo-63.jpg
0,E:\MedicalData\kagglechallenge\Dermnet\test/Acne and Rosacea Photos/acne-open-comedo-67.jpg
0,E:\MedicalData\kagglechallenge\Dermnet\test/Acne and Rosacea Photos/acne-open-comedo-69.jpg
0,E:\MedicalData\kagglechallenge\Dermnet\test/Acne and Rosacea Photos/acne-open-comedo-7.jpg
0,E:\MedicalData\kagglechallenge\Dermnet\test/Acne and Rosacea Photos/acne-open-comedo-72.jpg
0,E:\MedicalData\kagglechallenge\Dermnet\test/Acne and Rosacea Photos/acne-primary-lesion-2.jpg
0,E:\MedicalData\kagglechallenge\Dermnet\test/Acne and Rosacea Photos/acne-primary-lesion-3.jpg
0,E:\MedicalData\kagglechallenge\Dermnet\test/Acne and Rosacea Photos/acne-primary-lesion-5.jpg
0,E:\MedicalData\kagglechallenge\Dermnet\test/Acne and Rosacea Photos/acne-pustular-13.jpg
0,E:\MedicalData\kagglechallenge\Dermnet\test/Acne and Rosacea Photos/acne-pustular-15.jpg
0,E:\MedicalData\kagglechallenge\Dermnet\test/Acne and Rosacea Photos/acne-pustular-17.jpg
0,E:\MedicalData\kagglechallenge\Dermnet\test/Acne and Rosacea Photos/acne-pustular-20.jpg
0,E:\MedicalData\kagglechallenge\Dermnet\test/Acne and Rosacea Photos/acne-pustular-22.jpg
0,E:\MedicalData\kagglechallenge\Dermnet\test/Acne and Rosacea Photos/acne-pustular-26.jpg
0,E:\MedicalData\kagglechallenge\Dermnet\test/Acne and Rosacea Photos/acne-pustular-34.jpg
0,E:\MedicalData\kagglechallenge\Dermnet\test/Acne and Rosacea Photos/acne-pustular-37.jpg
0,E:\MedicalData\kagglechallenge\Dermnet\test/Acne and Rosacea Photos/acne-pustular-38.jpg
0,E:\MedicalData\kagglechallenge\Dermnet\test/Acne and Rosacea Photos/acne-pustular-41.jpg
0,E:\MedicalData\kagglechallenge\Dermnet\test/Acne and Rosacea Photos/acne-pustular-51.jpg
0,E:\MedicalData\kagglechallenge\Dermnet\test/Acne and Rosacea Photos/acne-pustular-55.jpg
0,E:\MedicalData\kagglechallenge\Dermnet\test/Acne and Rosacea Photos/acne-pustular-59.jpg
0,E:\MedicalData\kagglechallenge\Dermnet\test/Acne and Rosacea Photos/acne-pustular-61.jpg
0,E:\MedicalData\kagglechallenge\Dermnet\test/Acne and Rosacea Photos/acne-pustular-66.jpg
0,E:\MedicalData\kagglechallenge\Dermnet\test/Acne and Rosacea Photos/acne-pustular-67.jpg
0,E:\MedicalData\kagglechallenge\Dermnet\test/Acne and Rosacea Photos/acne-pustular-7.jpg
0,E:\MedicalData\kagglechallenge\Dermnet\test/Acne and Rosacea Photos/acne-pustular-8.jpg
0,E:\MedicalData\kagglechallenge\Dermnet\test/Acne and Rosacea Photos/acne-scar-2.jpg
0,E:\MedicalData\kagglechallenge\Dermnet\test/Acne and Rosacea Photos/acne-scar-5.jpg
0,E:\MedicalData\kagglechallenge\Dermnet\test/Acne and Rosacea Photos/ComedonesEars-1.jpg
0,E:\MedicalData\kagglechallenge\Dermnet\test/Acne and Rosacea Photos/fordyce-spots-1.jpg
0,E:\MedicalData\kagglechallenge\Dermnet\test/Acne and Rosacea Photos/fordyce-spots-3.jpg
0,E:\MedicalData\kagglechallenge\Dermnet\test/Acne and Rosacea Photos/fordyce-spots-4.jpg
0,E:\MedicalData\kagglechallenge\Dermnet\test/Acne and Rosacea Photos/fordyce-spots-5.jpg
0,E:\MedicalData\kagglechallenge\Dermnet\test/Acne and Rosacea Photos/fordyce-spots-6.jpg
0,E:\MedicalData\kagglechallenge\Dermnet\test/Acne and Rosacea Photos/fordyce-spots-7.jpg
0,E:\MedicalData\kagglechallenge\Dermnet\test/Acne and Rosacea Photos/Forest-2.jpg
0,E:\MedicalData\kagglechallenge\Dermnet\test/Acne and Rosacea Photos/hidradenitis-suppurativa-10.jpg
0,E:\MedicalData\kagglechallenge\Dermnet\test/Acne and Rosacea Photos/hidradenitis-suppurativa-107.jpg
0,E:\MedicalData\kagglechallenge\Dermnet\test/Acne and Rosacea Photos/hidradenitis-suppurativa-12.jpg
0,E:\MedicalData\kagglechallenge\Dermnet\test/Acne and Rosacea Photos/hidradenitis-suppurativa-14.jpg
0,E:\MedicalData\kagglechallenge\Dermnet\test/Acne and Rosacea Photos/hidradenitis-suppurativa-2.jpg
0,E:\MedicalData\kagglechallenge\Dermnet\test/Acne and Rosacea Photos/hidradenitis-suppurativa-20.jpg
0,E:\MedicalData\kagglechallenge\Dermnet\test/Acne and Rosacea Photos/hidradenitis-suppurativa-21.jpg
0,E:\MedicalData\kagglechallenge\Dermnet\test/Acne and Rosacea Photos/hidradenitis-suppurativa-25.jpg
0,E:\MedicalData\kagglechallenge\Dermnet\test/Acne and Rosacea Photos/hidradenitis-suppurativa-27.jpg
0,E:\MedicalData\kagglechallenge\Dermnet\test/Acne and Rosacea Photos/hidradenitis-suppurativa-29.jpg
0,E:\MedicalData\kagglechallenge\Dermnet\test/Acne and Rosacea Photos/hidradenitis-suppurativa-3.jpg
0,E:\MedicalData\kagglechallenge\Dermnet\test/Acne and Rosacea Photos/hidradenitis-suppurativa-34.jpg
0,E:\MedicalData\kagglechallenge\Dermnet\test/Acne and Rosacea Photos/hidradenitis-suppurativa-37.jpg
0,E:\MedicalData\kagglechallenge\Dermnet\test/Acne and Rosacea Photos/hidradenitis-suppurativa-39.jpg
0,E:\MedicalData\kagglechallenge\Dermnet\test/Acne and Rosacea Photos/hidradenitis-suppurativa-40.jpg
0,E:\MedicalData\kagglechallenge\Dermnet\test/Acne and Rosacea Photos/hidradenitis-suppurativa-43.jpg
0,E:\MedicalData\kagglechallenge\Dermnet\test/Acne and Rosacea Photos/hidradenitis-suppurativa-45.jpg
0,E:\MedicalData\kagglechallenge\Dermnet\test/Acne and Rosacea Photos/hidradenitis-suppurativa-46.jpg
0,E:\MedicalData\kagglechallenge\Dermnet\test/Acne and Rosacea Photos/hidradenitis-suppurativa-49.jpg
0,E:\MedicalData\kagglechallenge\Dermnet\test/Acne and Rosacea Photos/hidradenitis-suppurativa-50.jpg
0,E:\MedicalData\kagglechallenge\Dermnet\test/Acne and Rosacea Photos/hidradenitis-suppurativa-6.jpg
0,E:\MedicalData\kagglechallenge\Dermnet\test/Acne and Rosacea Photos/hidradenitis-suppurativa-60.jpg
0,E:\MedicalData\kagglechallenge\Dermnet\test/Acne and Rosacea Photos/hidradenitis-suppurativa-62.jpg
0,E:\MedicalData\kagglechallenge\Dermnet\test/Acne and Rosacea Photos/hidradenitis-suppurativa-64.jpg
0,E:\MedicalData\kagglechallenge\Dermnet\test/Acne and Rosacea Photos/hidradenitis-suppurativa-66.jpg
0,E:\MedicalData\kagglechallenge\Dermnet\test/Acne and Rosacea Photos/hidradenitis-suppurativa-69.jpg
0,E:\MedicalData\kagglechallenge\Dermnet\test/Acne and Rosacea Photos/hidradenitis-suppurativa-84.jpg
0,E:\MedicalData\kagglechallenge\Dermnet\test/Acne and Rosacea Photos/hidradenitis-suppurativa-86.jpg
0,E:\MedicalData\kagglechallenge\Dermnet\test/Acne and Rosacea Photos/hidradenitis-suppurativa-87.jpg
0,E:\MedicalData\kagglechallenge\Dermnet\test/Acne and Rosacea Photos/hidradenitis-suppurativa-90.jpg
0,E:\MedicalData\kagglechallenge\Dermnet\test/Acne and Rosacea Photos/hidradenitis-suppurativa-93.jpg
0,E:\MedicalData\kagglechallenge\Dermnet\test/Acne and Rosacea Photos/hidradenitis-suppurativa-94.jpg
0,E:\MedicalData\kagglechallenge\Dermnet\test/Acne and Rosacea Photos/hidradenitis-suppurativa-95.jpg
0,E:\MedicalData\kagglechallenge\Dermnet\test/Acne and Rosacea Photos/hidradenitis-suppurativa-97.jpg
0,E:\MedicalData\kagglechallenge\Dermnet\test/Acne and Rosacea Photos/hidradenitis-suppurativa-99.jpg
0,E:\MedicalData\kagglechallenge\Dermnet\test/Acne and Rosacea Photos/Hidradenitis-Suppurativa-Areola-2.jpg
0,E:\MedicalData\kagglechallenge\Dermnet\test/Acne and Rosacea Photos/hyperhidrosis-5.jpg
0,E:\MedicalData\kagglechallenge\Dermnet\test/Acne and Rosacea Photos/milia-14.jpg
0,E:\MedicalData\kagglechallenge\Dermnet\test/Acne and Rosacea Photos/milia-18.jpg
0,E:\MedicalData\kagglechallenge\Dermnet\test/Acne and Rosacea Photos/milia-3.jpg
0,E:\MedicalData\kagglechallenge\Dermnet\test/Acne and Rosacea Photos/minocycline-pigmentation-10.jpg
0,E:\MedicalData\kagglechallenge\Dermnet\test/Acne and Rosacea Photos/minocycline-pigmentation-3.jpg
0,E:\MedicalData\kagglechallenge\Dermnet\test/Acne and Rosacea Photos/nevus-comedonicus-2.jpg
0,E:\MedicalData\kagglechallenge\Dermnet\test/Acne and Rosacea Photos/perioral-dermatitis-1.jpg
0,E:\MedicalData\kagglechallenge\Dermnet\test/Acne and Rosacea Photos/perioral-dermatitis-10.jpg
0,E:\MedicalData\kagglechallenge\Dermnet\test/Acne and Rosacea Photos/perioral-dermatitis-100.jpg
0,E:\MedicalData\kagglechallenge\Dermnet\test/Acne and Rosacea Photos/perioral-dermatitis-101.jpg
0,E:\MedicalData\kagglechallenge\Dermnet\test/Acne and Rosacea Photos/perioral-dermatitis-102.jpg
0,E:\MedicalData\kagglechallenge\Dermnet\test/Acne and Rosacea Photos/perioral-dermatitis-106.jpg
0,E:\MedicalData\kagglechallenge\Dermnet\test/Acne and Rosacea Photos/perioral-dermatitis-109.jpg
0,E:\MedicalData\kagglechallenge\Dermnet\test/Acne and Rosacea Photos/perioral-dermatitis-113.jpg
0,E:\MedicalData\kagglechallenge\Dermnet\test/Acne and Rosacea Photos/perioral-dermatitis-114.jpg
0,E:\MedicalData\kagglechallenge\Dermnet\test/Acne and Rosacea Photos/perioral-dermatitis-115.jpg
0,E:\MedicalData\kagglechallenge\Dermnet\test/Acne and Rosacea Photos/perioral-dermatitis-116.jpg
0,E:\MedicalData\kagglechallenge\Dermnet\test/Acne and Rosacea Photos/perioral-dermatitis-119.jpg
0,E:\MedicalData\kagglechallenge\Dermnet\test/Acne and Rosacea Photos/perioral-dermatitis-121.jpg
0,E:\MedicalData\kagglechallenge\Dermnet\test/Acne and Rosacea Photos/perioral-dermatitis-122.jpg
0,E:\MedicalData\kagglechallenge\Dermnet\test/Acne and Rosacea Photos/perioral-dermatitis-123.jpg
0,E:\MedicalData\kagglechallenge\Dermnet\test/Acne and Rosacea Photos/perioral-dermatitis-125.jpg
0,E:\MedicalData\kagglechallenge\Dermnet\test/Acne and Rosacea Photos/perioral-dermatitis-127.jpg
0,E:\MedicalData\kagglechallenge\Dermnet\test/Acne and Rosacea Photos/perioral-dermatitis-129.jpg
0,E:\MedicalData\kagglechallenge\Dermnet\test/Acne and Rosacea Photos/perioral-dermatitis-130.jpg
0,E:\MedicalData\kagglechallenge\Dermnet\test/Acne and Rosacea Photos/perioral-dermatitis-134.jpg
0,E:\MedicalData\kagglechallenge\Dermnet\test/Acne and Rosacea Photos/perioral-dermatitis-138.jpg
0,E:\MedicalData\kagglechallenge\Dermnet\test/Acne and Rosacea Photos/perioral-dermatitis-16.jpg
0,E:\MedicalData\kagglechallenge\Dermnet\test/Acne and Rosacea Photos/perioral-dermatitis-17.jpg
0,E:\MedicalData\kagglechallenge\Dermnet\test/Acne and Rosacea Photos/perioral-dermatitis-2.jpg
0,E:\MedicalData\kagglechallenge\Dermnet\test/Acne and Rosacea Photos/perioral-dermatitis-22.jpg
0,E:\MedicalData\kagglechallenge\Dermnet\test/Acne and Rosacea Photos/perioral-dermatitis-24.jpg
0,E:\MedicalData\kagglechallenge\Dermnet\test/Acne and Rosacea Photos/perioral-dermatitis-26.jpg
0,E:\MedicalData\kagglechallenge\Dermnet\test/Acne and Rosacea Photos/perioral-dermatitis-27.jpg
0,E:\MedicalData\kagglechallenge\Dermnet\test/Acne and Rosacea Photos/perioral-dermatitis-28.jpg
0,E:\MedicalData\kagglechallenge\Dermnet\test/Acne and Rosacea Photos/perioral-dermatitis-29.jpg
0,E:\MedicalData\kagglechallenge\Dermnet\test/Acne and Rosacea Photos/perioral-dermatitis-32.jpg
0,E:\MedicalData\kagglechallenge\Dermnet\test/Acne and Rosacea Photos/perioral-dermatitis-33.jpg
0,E:\MedicalData\kagglechallenge\Dermnet\test/Acne and Rosacea Photos/perioral-dermatitis-35.jpg
0,E:\MedicalData\kagglechallenge\Dermnet\test/Acne and Rosacea Photos/perioral-dermatitis-38.jpg
0,E:\MedicalData\kagglechallenge\Dermnet\test/Acne and Rosacea Photos/perioral-dermatitis-42.jpg
0,E:\MedicalData\kagglechallenge\Dermnet\test/Acne and Rosacea Photos/perioral-dermatitis-50.jpg
0,E:\MedicalData\kagglechallenge\Dermnet\test/Acne and Rosacea Photos/perioral-dermatitis-57.jpg
0,E:\MedicalData\kagglechallenge\Dermnet\test/Acne and Rosacea Photos/perioral-dermatitis-59.jpg
0,E:\MedicalData\kagglechallenge\Dermnet\test/Acne and Rosacea Photos/perioral-dermatitis-83.jpg
0,E:\MedicalData\kagglechallenge\Dermnet\test/Acne and Rosacea Photos/perioral-dermatitis-85.jpg
0,E:\MedicalData\kagglechallenge\Dermnet\test/Acne and Rosacea Photos/perioral-dermatitis-87.jpg
0,E:\MedicalData\kagglechallenge\Dermnet\test/Acne and Rosacea Photos/perioral-dermatitis-88.jpg
0,E:\MedicalData\kagglechallenge\Dermnet\test/Acne and Rosacea Photos/perioral-dermatitis-9.jpg
0,E:\MedicalData\kagglechallenge\Dermnet\test/Acne and Rosacea Photos/perioral-dermatitis-90.jpg
0,E:\MedicalData\kagglechallenge\Dermnet\test/Acne and Rosacea Photos/perioral-dermatitis-92.jpg
0,E:\MedicalData\kagglechallenge\Dermnet\test/Acne and Rosacea Photos/perioral-dermatitis-99.jpg
0,E:\MedicalData\kagglechallenge\Dermnet\test/Acne and Rosacea Photos/rhinophyma-4.jpg
0,E:\MedicalData\kagglechallenge\Dermnet\test/Acne and Rosacea Photos/rosacea-10.jpg
0,E:\MedicalData\kagglechallenge\Dermnet\test/Acne and Rosacea Photos/rosacea-100.jpg
0,E:\MedicalData\kagglechallenge\Dermnet\test/Acne and Rosacea Photos/rosacea-103.jpg
0,E:\MedicalData\kagglechallenge\Dermnet\test/Acne and Rosacea Photos/rosacea-107.jpg
0,E:\MedicalData\kagglechallenge\Dermnet\test/Acne and Rosacea Photos/rosacea-111.jpg
0,E:\MedicalData\kagglechallenge\Dermnet\test/Acne and Rosacea Photos/rosacea-114.jpg
0,E:\MedicalData\kagglechallenge\Dermnet\test/Acne and Rosacea Photos/rosacea-116.jpg
0,E:\MedicalData\kagglechallenge\Dermnet\test/Acne and Rosacea Photos/rosacea-117.jpg
0,E:\MedicalData\kagglechallenge\Dermnet\test/Acne and Rosacea Photos/rosacea-118.jpg
0,E:\MedicalData\kagglechallenge\Dermnet\test/Acne and Rosacea Photos/rosacea-14.jpg
0,E:\MedicalData\kagglechallenge\Dermnet\test/Acne and Rosacea Photos/rosacea-15.jpg
0,E:\MedicalData\kagglechallenge\Dermnet\test/Acne and Rosacea Photos/rosacea-17.jpg
0,E:\MedicalData\kagglechallenge\Dermnet\test/Acne and Rosacea Photos/rosacea-25.jpg
0,E:\MedicalData\kagglechallenge\Dermnet\test/Acne and Rosacea Photos/rosacea-27.jpg
0,E:\MedicalData\kagglechallenge\Dermnet\test/Acne and Rosacea Photos/rosacea-29.jpg
0,E:\MedicalData\kagglechallenge\Dermnet\test/Acne and Rosacea Photos/rosacea-3.jpg
0,E:\MedicalData\kagglechallenge\Dermnet\test/Acne and Rosacea Photos/rosacea-30.jpg
0,E:\MedicalData\kagglechallenge\Dermnet\test/Acne and Rosacea Photos/rosacea-31.jpg
0,E:\MedicalData\kagglechallenge\Dermnet\test/Acne and Rosacea Photos/rosacea-34.jpg
0,E:\MedicalData\kagglechallenge\Dermnet\test/Acne and Rosacea Photos/rosacea-36.jpg
0,E:\MedicalData\kagglechallenge\Dermnet\test/Acne and Rosacea Photos/rosacea-38.jpg
0,E:\MedicalData\kagglechallenge\Dermnet\test/Acne and Rosacea Photos/rosacea-39.jpg
0,E:\MedicalData\kagglechallenge\Dermnet\test/Acne and Rosacea Photos/rosacea-47.jpg
0,E:\MedicalData\kagglechallenge\Dermnet\test/Acne and Rosacea Photos/rosacea-50.jpg
0,E:\MedicalData\kagglechallenge\Dermnet\test/Acne and Rosacea Photos/rosacea-53.jpg
0,E:\MedicalData\kagglechallenge\Dermnet\test/Acne and Rosacea Photos/rosacea-58.jpg
0,E:\MedicalData\kagglechallenge\Dermnet\test/Acne and Rosacea Photos/rosacea-59.jpg
0,E:\MedicalData\kagglechallenge\Dermnet\test/Acne and Rosacea Photos/rosacea-60.jpg
0,E:\MedicalData\kagglechallenge\Dermnet\test/Acne and Rosacea Photos/rosacea-62.jpg
0,E:\MedicalData\kagglechallenge\Dermnet\test/Acne and Rosacea Photos/rosacea-67.jpg
0,E:\MedicalData\kagglechallenge\Dermnet\test/Acne and Rosacea Photos/rosacea-68.jpg
0,E:\MedicalData\kagglechallenge\Dermnet\test/Acne and Rosacea Photos/rosacea-74.jpg
0,E:\MedicalData\kagglechallenge\Dermnet\test/Acne and Rosacea Photos/rosacea-76.jpg
0,E:\MedicalData\kagglechallenge\Dermnet\test/Acne and Rosacea Photos/rosacea-79.jpg
0,E:\MedicalData\kagglechallenge\Dermnet\test/Acne and Rosacea Photos/rosacea-84.jpg
0,E:\MedicalData\kagglechallenge\Dermnet\test/Acne and Rosacea Photos/rosacea-88.jpg
0,E:\MedicalData\kagglechallenge\Dermnet\test/Acne and Rosacea Photos/rosacea-9.jpg
0,E:\MedicalData\kagglechallenge\Dermnet\test/Acne and Rosacea Photos/rosacea-93.jpg
0,E:\MedicalData\kagglechallenge\Dermnet\test/Acne and Rosacea Photos/rosacea-99.jpg
0,E:\MedicalData\kagglechallenge\Dermnet\test/Acne and Rosacea Photos/rosacea-nose-10.jpg
0,E:\MedicalData\kagglechallenge\Dermnet\test/Acne and Rosacea Photos/rosacea-nose-16.jpg
0,E:\MedicalData\kagglechallenge\Dermnet\test/Acne and Rosacea Photos/rosacea-nose-2.jpg
0,E:\MedicalData\kagglechallenge\Dermnet\test/Acne and Rosacea Photos/rosacea-nose-20.jpg
0,E:\MedicalData\kagglechallenge\Dermnet\test/Acne and Rosacea Photos/rosacea-nose-24.jpg
0,E:\MedicalData\kagglechallenge\Dermnet\test/Acne and Rosacea Photos/rosacea-nose-29.jpg
0,E:\MedicalData\kagglechallenge\Dermnet\test/Acne and Rosacea Photos/rosacea-nose-30.jpg
0,E:\MedicalData\kagglechallenge\Dermnet\test/Acne and Rosacea Photos/rosacea-nose-33.jpg
0,E:\MedicalData\kagglechallenge\Dermnet\test/Acne and Rosacea Photos/rosacea-nose-34.jpg
0,E:\MedicalData\kagglechallenge\Dermnet\test/Acne and Rosacea Photos/rosacea-nose-37.jpg
0,E:\MedicalData\kagglechallenge\Dermnet\test/Acne and Rosacea Photos/rosacea-nose-40.jpg
0,E:\MedicalData\kagglechallenge\Dermnet\test/Acne and Rosacea Photos/rosacea-nose-44.jpg
0,E:\MedicalData\kagglechallenge\Dermnet\test/Acne and Rosacea Photos/rosacea-nose-45.jpg
0,E:\MedicalData\kagglechallenge\Dermnet\test/Acne and Rosacea Photos/rosacea-nose-48.jpg
0,E:\MedicalData\kagglechallenge\Dermnet\test/Acne and Rosacea Photos/rosacea-nose-49.jpg
0,E:\MedicalData\kagglechallenge\Dermnet\test/Acne and Rosacea Photos/rosacea-nose-5.jpg
0,E:\MedicalData\kagglechallenge\Dermnet\test/Acne and Rosacea Photos/rosacea-nose-53.jpg
0,E:\MedicalData\kagglechallenge\Dermnet\test/Acne and Rosacea Photos/rosacea-nose-61.jpg
0,E:\MedicalData\kagglechallenge\Dermnet\test/Acne and Rosacea Photos/rosacea-nose-66.jpg
0,E:\MedicalData\kagglechallenge\Dermnet\test/Acne and Rosacea Photos/rosacea-nose-7.jpg
0,E:\MedicalData\kagglechallenge\Dermnet\test/Acne and Rosacea Photos/rosacea-steroid-1.jpg
0,E:\MedicalData\kagglechallenge\Dermnet\test/Acne and Rosacea Photos/rosacea-steroid-8.jpg
0,E:\MedicalData\kagglechallenge\Dermnet\test/Acne and Rosacea Photos/Sebaceous-glands-Areola-4.jpg
0,E:\MedicalData\kagglechallenge\Dermnet\test/Acne and Rosacea Photos/sebaceous-glands-upper-lip-2.jpg
1,E:\MedicalData\kagglechallenge\Dermnet\test/Actinic Keratosis Basal Cell Carcinoma and other Malignant Lesions/actinic-cheilitis-sq-cell-lip-19.jpg
1,E:\MedicalData\kagglechallenge\Dermnet\test/Actinic Keratosis Basal Cell Carcinoma and other Malignant Lesions/actinic-cheilitis-sq-cell-lip-20.jpg
1,E:\MedicalData\kagglechallenge\Dermnet\test/Actinic Keratosis Basal Cell Carcinoma and other Malignant Lesions/actinic-cheilitis-sq-cell-lip-46.jpg
1,E:\MedicalData\kagglechallenge\Dermnet\test/Actinic Keratosis Basal Cell Carcinoma and other Malignant Lesions/actinic-cheilitis-sq-cell-lip-47.jpg
1,E:\MedicalData\kagglechallenge\Dermnet\test/Actinic Keratosis Basal Cell Carcinoma and other Malignant Lesions/actinic-cheilitis-sq-cell-lip-53.jpg
1,E:\MedicalData\kagglechallenge\Dermnet\test/Actinic Keratosis Basal Cell Carcinoma and other Malignant Lesions/actinic-cheilitis-sq-cell-lip-6.jpg
1,E:\MedicalData\kagglechallenge\Dermnet\test/Actinic Keratosis Basal Cell Carcinoma and other Malignant Lesions/actinic-cheilitis-sq-cell-lip-9.jpg
1,E:\MedicalData\kagglechallenge\Dermnet\test/Actinic Keratosis Basal Cell Carcinoma and other Malignant Lesions/actinic-keratosis-5FU-10.jpg
1,E:\MedicalData\kagglechallenge\Dermnet\test/Actinic Keratosis Basal Cell Carcinoma and other Malignant Lesions/actinic-keratosis-5FU-15.jpg
1,E:\MedicalData\kagglechallenge\Dermnet\test/Actinic Keratosis Basal Cell Carcinoma and other Malignant Lesions/actinic-keratosis-5FU-28.jpg
1,E:\MedicalData\kagglechallenge\Dermnet\test/Actinic Keratosis Basal Cell Carcinoma and other Malignant Lesions/actinic-keratosis-5FU-32.jpg
1,E:\MedicalData\kagglechallenge\Dermnet\test/Actinic Keratosis Basal Cell Carcinoma and other Malignant Lesions/actinic-keratosis-5FU-35.jpg
1,E:\MedicalData\kagglechallenge\Dermnet\test/Actinic Keratosis Basal Cell Carcinoma and other Malignant Lesions/actinic-keratosis-5FU-38.jpg
1,E:\MedicalData\kagglechallenge\Dermnet\test/Actinic Keratosis Basal Cell Carcinoma and other Malignant Lesions/actinic-keratosis-5FU-42.jpg
1,E:\MedicalData\kagglechallenge\Dermnet\test/Actinic Keratosis Basal Cell Carcinoma and other Malignant Lesions/actinic-keratosis-5FU-50.jpg
1,E:\MedicalData\kagglechallenge\Dermnet\test/Actinic Keratosis Basal Cell Carcinoma and other Malignant Lesions/actinic-keratosis-5FU-55.jpg
1,E:\MedicalData\kagglechallenge\Dermnet\test/Actinic Keratosis Basal Cell Carcinoma and other Malignant Lesions/actinic-keratosis-5FU-58.jpg
1,E:\MedicalData\kagglechallenge\Dermnet\test/Actinic Keratosis Basal Cell Carcinoma and other Malignant Lesions/actinic-keratosis-5FU-61.jpg
1,E:\MedicalData\kagglechallenge\Dermnet\test/Actinic Keratosis Basal Cell Carcinoma and other Malignant Lesions/actinic-keratosis-5FU-65.jpg
1,E:\MedicalData\kagglechallenge\Dermnet\test/Actinic Keratosis Basal Cell Carcinoma and other Malignant Lesions/actinic-keratosis-arm-2.jpg
1,E:\MedicalData\kagglechallenge\Dermnet\test/Actinic Keratosis Basal Cell Carcinoma and other Malignant Lesions/actinic-keratosis-arm-3.jpg
1,E:\MedicalData\kagglechallenge\Dermnet\test/Actinic Keratosis Basal Cell Carcinoma and other Malignant Lesions/actinic-keratosis-ear-1.jpg
1,E:\MedicalData\kagglechallenge\Dermnet\test/Actinic Keratosis Basal Cell Carcinoma and other Malignant Lesions/actinic-keratosis-ear-12.jpg
1,E:\MedicalData\kagglechallenge\Dermnet\test/Actinic Keratosis Basal Cell Carcinoma and other Malignant Lesions/actinic-keratosis-face-15.jpg
1,E:\MedicalData\kagglechallenge\Dermnet\test/Actinic Keratosis Basal Cell Carcinoma and other Malignant Lesions/actinic-keratosis-face-16.jpg
1,E:\MedicalData\kagglechallenge\Dermnet\test/Actinic Keratosis Basal Cell Carcinoma and other Malignant Lesions/actinic-keratosis-face-27.jpg
1,E:\MedicalData\kagglechallenge\Dermnet\test/Actinic Keratosis Basal Cell Carcinoma and other Malignant Lesions/actinic-keratosis-face-33.jpg
1,E:\MedicalData\kagglechallenge\Dermnet\test/Actinic Keratosis Basal Cell Carcinoma and other Malignant Lesions/actinic-keratosis-face-39.jpg
1,E:\MedicalData\kagglechallenge\Dermnet\test/Actinic Keratosis Basal Cell Carcinoma and other Malignant Lesions/actinic-keratosis-face-43.jpg
1,E:\MedicalData\kagglechallenge\Dermnet\test/Actinic Keratosis Basal Cell Carcinoma and other Malignant Lesions/actinic-keratosis-face-48.jpg
1,E:\MedicalData\kagglechallenge\Dermnet\test/Actinic Keratosis Basal Cell Carcinoma and other Malignant Lesions/actinic-keratosis-face-56.jpg
1,E:\MedicalData\kagglechallenge\Dermnet\test/Actinic Keratosis Basal Cell Carcinoma and other Malignant Lesions/actinic-keratosis-face-60.jpg
1,E:\MedicalData\kagglechallenge\Dermnet\test/Actinic Keratosis Basal Cell Carcinoma and other Malignant Lesions/actinic-keratosis-face-9.jpg
1,E:\MedicalData\kagglechallenge\Dermnet\test/Actinic Keratosis Basal Cell Carcinoma and other Malignant Lesions/actinic-keratosis-hand-11.jpg
1,E:\MedicalData\kagglechallenge\Dermnet\test/Actinic Keratosis Basal Cell Carcinoma and other Malignant Lesions/actinic-keratosis-hand-12.jpg
1,E:\MedicalData\kagglechallenge\Dermnet\test/Actinic Keratosis Basal Cell Carcinoma and other Malignant Lesions/actinic-keratosis-hand-18.jpg
1,E:\MedicalData\kagglechallenge\Dermnet\test/Actinic Keratosis Basal Cell Carcinoma and other Malignant Lesions/actinic-keratosis-hand-36.jpg
1,E:\MedicalData\kagglechallenge\Dermnet\test/Actinic Keratosis Basal Cell Carcinoma and other Malignant Lesions/actinic-keratosis-horn-1.jpg
1,E:\MedicalData\kagglechallenge\Dermnet\test/Actinic Keratosis Basal Cell Carcinoma and other Malignant Lesions/actinic-keratosis-horn-11.jpg
1,E:\MedicalData\kagglechallenge\Dermnet\test/Actinic Keratosis Basal Cell Carcinoma and other Malignant Lesions/actinic-keratosis-horn-13.jpg
1,E:\MedicalData\kagglechallenge\Dermnet\test/Actinic Keratosis Basal Cell Carcinoma and other Malignant Lesions/actinic-keratosis-horn-15.jpg
1,E:\MedicalData\kagglechallenge\Dermnet\test/Actinic Keratosis Basal Cell Carcinoma and other Malignant Lesions/actinic-keratosis-horn-23.jpg
1,E:\MedicalData\kagglechallenge\Dermnet\test/Actinic Keratosis Basal Cell Carcinoma and other Malignant Lesions/actinic-keratosis-horn-24.jpg
1,E:\MedicalData\kagglechallenge\Dermnet\test/Actinic Keratosis Basal Cell Carcinoma and other Malignant Lesions/actinic-keratosis-horn-27.jpg
1,E:\MedicalData\kagglechallenge\Dermnet\test/Actinic Keratosis Basal Cell Carcinoma and other Malignant Lesions/actinic-keratosis-horn-4.jpg
1,E:\MedicalData\kagglechallenge\Dermnet\test/Actinic Keratosis Basal Cell Carcinoma and other Malignant Lesions/actinic-keratosis-horn-6.jpg
1,E:\MedicalData\kagglechallenge\Dermnet\test/Actinic Keratosis Basal Cell Carcinoma and other Malignant Lesions/actinic-keratosis-horn-8.jpg
1,E:\MedicalData\kagglechallenge\Dermnet\test/Actinic Keratosis Basal Cell Carcinoma and other Malignant Lesions/actinic-keratosis-horn-9.jpg
1,E:\MedicalData\kagglechallenge\Dermnet\test/Actinic Keratosis Basal Cell Carcinoma and other Malignant Lesions/actinic-keratosis-lesion-11.jpg
1,E:\MedicalData\kagglechallenge\Dermnet\test/Actinic Keratosis Basal Cell Carcinoma and other Malignant Lesions/actinic-keratosis-lesion-2.jpg
1,E:\MedicalData\kagglechallenge\Dermnet\test/Actinic Keratosis Basal Cell Carcinoma and other Malignant Lesions/actinic-keratosis-lesion-22.jpg
1,E:\MedicalData\kagglechallenge\Dermnet\test/Actinic Keratosis Basal Cell Carcinoma and other Malignant Lesions/actinic-keratosis-lesion-24.jpg
1,E:\MedicalData\kagglechallenge\Dermnet\test/Actinic Keratosis Basal Cell Carcinoma and other Malignant Lesions/actinic-keratosis-lesion-31.jpg
1,E:\MedicalData\kagglechallenge\Dermnet\test/Actinic Keratosis Basal Cell Carcinoma and other Malignant Lesions/actinic-keratosis-lesion-32.jpg
1,E:\MedicalData\kagglechallenge\Dermnet\test/Actinic Keratosis Basal Cell Carcinoma and other Malignant Lesions/actinic-keratosis-lesion-34.jpg
1,E:\MedicalData\kagglechallenge\Dermnet\test/Actinic Keratosis Basal Cell Carcinoma and other Malignant Lesions/actinic-keratosis-lesion-36.jpg
1,E:\MedicalData\kagglechallenge\Dermnet\test/Actinic Keratosis Basal Cell Carcinoma and other Malignant Lesions/actinic-keratosis-lesion-39.jpg
1,E:\MedicalData\kagglechallenge\Dermnet\test/Actinic Keratosis Basal Cell Carcinoma and other Malignant Lesions/actinic-keratosis-lesion-41.jpg
1,E:\MedicalData\kagglechallenge\Dermnet\test/Actinic Keratosis Basal Cell Carcinoma and other Malignant Lesions/actinic-keratosis-lesion-46.jpg
1,E:\MedicalData\kagglechallenge\Dermnet\test/Actinic Keratosis Basal Cell Carcinoma and other Malignant Lesions/actinic-keratosis-lesion-48.jpg
1,E:\MedicalData\kagglechallenge\Dermnet\test/Actinic Keratosis Basal Cell Carcinoma and other Malignant Lesions/actinic-keratosis-lesion-52.jpg
1,E:\MedicalData\kagglechallenge\Dermnet\test/Actinic Keratosis Basal Cell Carcinoma and other Malignant Lesions/actinic-keratosis-lesion-56.jpg
1,E:\MedicalData\kagglechallenge\Dermnet\test/Actinic Keratosis Basal Cell Carcinoma and other Malignant Lesions/actinic-keratosis-lesion-57.jpg
1,E:\MedicalData\kagglechallenge\Dermnet\test/Actinic Keratosis Basal Cell Carcinoma and other Malignant Lesions/actinic-keratosis-lesion-9.jpg
1,E:\MedicalData\kagglechallenge\Dermnet\test/Actinic Keratosis Basal Cell Carcinoma and other Malignant Lesions/actinic-keratosis-nose-1.jpg
1,E:\MedicalData\kagglechallenge\Dermnet\test/Actinic Keratosis Basal Cell Carcinoma and other Malignant Lesions/actinic-keratosis-nose-14.jpg
1,E:\MedicalData\kagglechallenge\Dermnet\test/Actinic Keratosis Basal Cell Carcinoma and other Malignant Lesions/actinic-keratosis-pigmented-3.jpg
1,E:\MedicalData\kagglechallenge\Dermnet\test/Actinic Keratosis Basal Cell Carcinoma and other Malignant Lesions/actinic-keratosis-pigmented-4.jpg
1,E:\MedicalData\kagglechallenge\Dermnet\test/Actinic Keratosis Basal Cell Carcinoma and other Malignant Lesions/actinic-keratosis-pigmented-7.jpg
1,E:\MedicalData\kagglechallenge\Dermnet\test/Actinic Keratosis Basal Cell Carcinoma and other Malignant Lesions/arsenical-keratoses-5.jpg
1,E:\MedicalData\kagglechallenge\Dermnet\test/Actinic Keratosis Basal Cell Carcinoma and other Malignant Lesions/arsenical-keratoses-6.jpg
1,E:\MedicalData\kagglechallenge\Dermnet\test/Actinic Keratosis Basal Cell Carcinoma and other Malignant Lesions/basal-cell-carcinoma-aldara-1.jpg
1,E:\MedicalData\kagglechallenge\Dermnet\test/Actinic Keratosis Basal Cell Carcinoma and other Malignant Lesions/basal-cell-carcinoma-aldara-6.jpg
1,E:\MedicalData\kagglechallenge\Dermnet\test/Actinic Keratosis Basal Cell Carcinoma and other Malignant Lesions/basal-cell-carcinoma-arm-1.jpg
1,E:\MedicalData\kagglechallenge\Dermnet\test/Actinic Keratosis Basal Cell Carcinoma and other Malignant Lesions/basal-cell-carcinoma-ear-1.jpg
1,E:\MedicalData\kagglechallenge\Dermnet\test/Actinic Keratosis Basal Cell Carcinoma and other Malignant Lesions/basal-cell-carcinoma-ear-19.jpg
1,E:\MedicalData\kagglechallenge\Dermnet\test/Actinic Keratosis Basal Cell Carcinoma and other Malignant Lesions/basal-cell-carcinoma-ear-23.jpg
1,E:\MedicalData\kagglechallenge\Dermnet\test/Actinic Keratosis Basal Cell Carcinoma and other Malignant Lesions/basal-cell-carcinoma-ear-25.jpg
1,E:\MedicalData\kagglechallenge\Dermnet\test/Actinic Keratosis Basal Cell Carcinoma and other Malignant Lesions/basal-cell-carcinoma-ear-37.jpg
1,E:\MedicalData\kagglechallenge\Dermnet\test/Actinic Keratosis Basal Cell Carcinoma and other Malignant Lesions/basal-cell-carcinoma-ear-6.jpg
1,E:\MedicalData\kagglechallenge\Dermnet\test/Actinic Keratosis Basal Cell Carcinoma and other Malignant Lesions/basal-cell-carcinoma-face-12.jpg
1,E:\MedicalData\kagglechallenge\Dermnet\test/Actinic Keratosis Basal Cell Carcinoma and other Malignant Lesions/basal-cell-carcinoma-face-17.jpg
1,E:\MedicalData\kagglechallenge\Dermnet\test/Actinic Keratosis Basal Cell Carcinoma and other Malignant Lesions/basal-cell-carcinoma-face-2.jpg
1,E:\MedicalData\kagglechallenge\Dermnet\test/Actinic Keratosis Basal Cell Carcinoma and other Malignant Lesions/basal-cell-carcinoma-face-22.jpg
1,E:\MedicalData\kagglechallenge\Dermnet\test/Actinic Keratosis Basal Cell Carcinoma and other Malignant Lesions/basal-cell-carcinoma-face-26.jpg
1,E:\MedicalData\kagglechallenge\Dermnet\test/Actinic Keratosis Basal Cell Carcinoma and other Malignant Lesions/basal-cell-carcinoma-face-27.jpg
1,E:\MedicalData\kagglechallenge\Dermnet\test/Actinic Keratosis Basal Cell Carcinoma and other Malignant Lesions/basal-cell-carcinoma-face-29.jpg
1,E:\MedicalData\kagglechallenge\Dermnet\test/Actinic Keratosis Basal Cell Carcinoma and other Malignant Lesions/basal-cell-carcinoma-face-30.jpg
1,E:\MedicalData\kagglechallenge\Dermnet\test/Actinic Keratosis Basal Cell Carcinoma and other Malignant Lesions/basal-cell-carcinoma-face-33.jpg
1,E:\MedicalData\kagglechallenge\Dermnet\test/Actinic Keratosis Basal Cell Carcinoma and other Malignant Lesions/basal-cell-carcinoma-face-35.jpg
1,E:\MedicalData\kagglechallenge\Dermnet\test/Actinic Keratosis Basal Cell Carcinoma and other Malignant Lesions/basal-cell-carcinoma-face-36.jpg
1,E:\MedicalData\kagglechallenge\Dermnet\test/Actinic Keratosis Basal Cell Carcinoma and other Malignant Lesions/basal-cell-carcinoma-face-39.jpg
1,E:\MedicalData\kagglechallenge\Dermnet\test/Actinic Keratosis Basal Cell Carcinoma and other Malignant Lesions/basal-cell-carcinoma-face-41.jpg
1,E:\MedicalData\kagglechallenge\Dermnet\test/Actinic Keratosis Basal Cell Carcinoma and other Malignant Lesions/basal-cell-carcinoma-face-43.jpg
1,E:\MedicalData\kagglechallenge\Dermnet\test/Actinic Keratosis Basal Cell Carcinoma and other Malignant Lesions/basal-cell-carcinoma-histology-5.jpg
1,E:\MedicalData\kagglechallenge\Dermnet\test/Actinic Keratosis Basal Cell Carcinoma and other Malignant Lesions/basal-cell-carcinoma-lesion-124.jpg
1,E:\MedicalData\kagglechallenge\Dermnet\test/Actinic Keratosis Basal Cell Carcinoma and other Malignant Lesions/basal-cell-carcinoma-lesion-125.jpg
1,E:\MedicalData\kagglechallenge\Dermnet\test/Actinic Keratosis Basal Cell Carcinoma and other Malignant Lesions/basal-cell-carcinoma-lesion-16.jpg
1,E:\MedicalData\kagglechallenge\Dermnet\test/Actinic Keratosis Basal Cell Carcinoma and other Malignant Lesions/basal-cell-carcinoma-lesion-19.jpg
1,E:\MedicalData\kagglechallenge\Dermnet\test/Actinic Keratosis Basal Cell Carcinoma and other Malignant Lesions/basal-cell-carcinoma-lesion-20.jpg
1,E:\MedicalData\kagglechallenge\Dermnet\test/Actinic Keratosis Basal Cell Carcinoma and other Malignant Lesions/basal-cell-carcinoma-lesion-22.jpg
1,E:\MedicalData\kagglechallenge\Dermnet\test/Actinic Keratosis Basal Cell Carcinoma and other Malignant Lesions/basal-cell-carcinoma-lesion-23.jpg
1,E:\MedicalData\kagglechallenge\Dermnet\test/Actinic Keratosis Basal Cell Carcinoma and other Malignant Lesions/basal-cell-carcinoma-lesion-27.jpg
1,E:\MedicalData\kagglechallenge\Dermnet\test/Actinic Keratosis Basal Cell Carcinoma and other Malignant Lesions/basal-cell-carcinoma-lesion-28.jpg
1,E:\MedicalData\kagglechallenge\Dermnet\test/Actinic Keratosis Basal Cell Carcinoma and other Malignant Lesions/basal-cell-carcinoma-lesion-34.jpg
1,E:\MedicalData\kagglechallenge\Dermnet\test/Actinic Keratosis Basal Cell Carcinoma and other Malignant Lesions/basal-cell-carcinoma-lesion-43.jpg
1,E:\MedicalData\kagglechallenge\Dermnet\test/Actinic Keratosis Basal Cell Carcinoma and other Malignant Lesions/basal-cell-carcinoma-lesion-55.jpg
1,E:\MedicalData\kagglechallenge\Dermnet\test/Actinic Keratosis Basal Cell Carcinoma and other Malignant Lesions/basal-cell-carcinoma-lesion-59.jpg
1,E:\MedicalData\kagglechallenge\Dermnet\test/Actinic Keratosis Basal Cell Carcinoma and other Malignant Lesions/basal-cell-carcinoma-lesion-68.jpg
1,E:\MedicalData\kagglechallenge\Dermnet\test/Actinic Keratosis Basal Cell Carcinoma and other Malignant Lesions/basal-cell-carcinoma-lesion-70.jpg
1,E:\MedicalData\kagglechallenge\Dermnet\test/Actinic Keratosis Basal Cell Carcinoma and other Malignant Lesions/basal-cell-carcinoma-lesion-75.jpg
1,E:\MedicalData\kagglechallenge\Dermnet\test/Actinic Keratosis Basal Cell Carcinoma and other Malignant Lesions/basal-cell-carcinoma-lesion-84.jpg
1,E:\MedicalData\kagglechallenge\Dermnet\test/Actinic Keratosis Basal Cell Carcinoma and other Malignant Lesions/basal-cell-carcinoma-lesion-86.jpg
1,E:\MedicalData\kagglechallenge\Dermnet\test/Actinic Keratosis Basal Cell Carcinoma and other Malignant Lesions/basal-cell-carcinoma-lesion-88.jpg
1,E:\MedicalData\kagglechallenge\Dermnet\test/Actinic Keratosis Basal Cell Carcinoma and other Malignant Lesions/basal-cell-carcinoma-lesion-89.jpg
1,E:\MedicalData\kagglechallenge\Dermnet\test/Actinic Keratosis Basal Cell Carcinoma and other Malignant Lesions/basal-cell-carcinoma-lesion-92.jpg
1,E:\MedicalData\kagglechallenge\Dermnet\test/Actinic Keratosis Basal Cell Carcinoma and other Malignant Lesions/basal-cell-carcinoma-lid-14.jpg
1,E:\MedicalData\kagglechallenge\Dermnet\test/Actinic Keratosis Basal Cell Carcinoma and other Malignant Lesions/basal-cell-carcinoma-lid-27.jpg
1,E:\MedicalData\kagglechallenge\Dermnet\test/Actinic Keratosis Basal Cell Carcinoma and other Malignant Lesions/basal-cell-carcinoma-lid-28.jpg
1,E:\MedicalData\kagglechallenge\Dermnet\test/Actinic Keratosis Basal Cell Carcinoma and other Malignant Lesions/basal-cell-carcinoma-lid-33.jpg
1,E:\MedicalData\kagglechallenge\Dermnet\test/Actinic Keratosis Basal Cell Carcinoma and other Malignant Lesions/basal-cell-carcinoma-lip-28.jpg
1,E:\MedicalData\kagglechallenge\Dermnet\test/Actinic Keratosis Basal Cell Carcinoma and other Malignant Lesions/basal-cell-carcinoma-lip-33.jpg
1,E:\MedicalData\kagglechallenge\Dermnet\test/Actinic Keratosis Basal Cell Carcinoma and other Malignant Lesions/basal-cell-carcinoma-lip-5.jpg
1,E:\MedicalData\kagglechallenge\Dermnet\test/Actinic Keratosis Basal Cell Carcinoma and other Malignant Lesions/basal-cell-carcinoma-lip-6.jpg
1,E:\MedicalData\kagglechallenge\Dermnet\test/Actinic Keratosis Basal Cell Carcinoma and other Malignant Lesions/basal-cell-carcinoma-nose-11.jpg
1,E:\MedicalData\kagglechallenge\Dermnet\test/Actinic Keratosis Basal Cell Carcinoma and other Malignant Lesions/basal-cell-carcinoma-nose-17.jpg
1,E:\MedicalData\kagglechallenge\Dermnet\test/Actinic Keratosis Basal Cell Carcinoma and other Malignant Lesions/basal-cell-carcinoma-nose-18.jpg
1,E:\MedicalData\kagglechallenge\Dermnet\test/Actinic Keratosis Basal Cell Carcinoma and other Malignant Lesions/basal-cell-carcinoma-nose-25.jpg
1,E:\MedicalData\kagglechallenge\Dermnet\test/Actinic Keratosis Basal Cell Carcinoma and other Malignant Lesions/basal-cell-carcinoma-nose-26.jpg
1,E:\MedicalData\kagglechallenge\Dermnet\test/Actinic Keratosis Basal Cell Carcinoma and other Malignant Lesions/basal-cell-carcinoma-nose-28.jpg
1,E:\MedicalData\kagglechallenge\Dermnet\test/Actinic Keratosis Basal Cell Carcinoma and other Malignant Lesions/basal-cell-carcinoma-nose-3.jpg
1,E:\MedicalData\kagglechallenge\Dermnet\test/Actinic Keratosis Basal Cell Carcinoma and other Malignant Lesions/basal-cell-carcinoma-nose-37.jpg
1,E:\MedicalData\kagglechallenge\Dermnet\test/Actinic Keratosis Basal Cell Carcinoma and other Malignant Lesions/basal-cell-carcinoma-nose-42.jpg
1,E:\MedicalData\kagglechallenge\Dermnet\test/Actinic Keratosis Basal Cell Carcinoma and other Malignant Lesions/basal-cell-carcinoma-nose-45.jpg
1,E:\MedicalData\kagglechallenge\Dermnet\test/Actinic Keratosis Basal Cell Carcinoma and other Malignant Lesions/basal-cell-carcinoma-nose-46.jpg
1,E:\MedicalData\kagglechallenge\Dermnet\test/Actinic Keratosis Basal Cell Carcinoma and other Malignant Lesions/basal-cell-carcinoma-nose-48.jpg
1,E:\MedicalData\kagglechallenge\Dermnet\test/Actinic Keratosis Basal Cell Carcinoma and other Malignant Lesions/basal-cell-carcinoma-nose-5.jpg
1,E:\MedicalData\kagglechallenge\Dermnet\test/Actinic Keratosis Basal Cell Carcinoma and other Malignant Lesions/basal-cell-carcinoma-nose-50.jpg
1,E:\MedicalData\kagglechallenge\Dermnet\test/Actinic Keratosis Basal Cell Carcinoma and other Malignant Lesions/basal-cell-carcinoma-nose-60.jpg
1,E:\MedicalData\kagglechallenge\Dermnet\test/Actinic Keratosis Basal Cell Carcinoma and other Malignant Lesions/basal-cell-carcinoma-nose-64.jpg
1,E:\MedicalData\kagglechallenge\Dermnet\test/Actinic Keratosis Basal Cell Carcinoma and other Malignant Lesions/basal-cell-carcinoma-pigmented-1.jpg
1,E:\MedicalData\kagglechallenge\Dermnet\test/Actinic Keratosis Basal Cell Carcinoma and other Malignant Lesions/basal-cell-carcinoma-pigmented-15.jpg
1,E:\MedicalData\kagglechallenge\Dermnet\test/Actinic Keratosis Basal Cell Carcinoma and other Malignant Lesions/basal-cell-carcinoma-pigmented-19.jpg
1,E:\MedicalData\kagglechallenge\Dermnet\test/Actinic Keratosis Basal Cell Carcinoma and other Malignant Lesions/basal-cell-carcinoma-pigmented-21.jpg
1,E:\MedicalData\kagglechallenge\Dermnet\test/Actinic Keratosis Basal Cell Carcinoma and other Malignant Lesions/basal-cell-carcinoma-pigmented-28.jpg
1,E:\MedicalData\kagglechallenge\Dermnet\test/Actinic Keratosis Basal Cell Carcinoma and other Malignant Lesions/basal-cell-carcinoma-pigmented-31.jpg
1,E:\MedicalData\kagglechallenge\Dermnet\test/Actinic Keratosis Basal Cell Carcinoma and other Malignant Lesions/basal-cell-carcinoma-pigmented-32.jpg
1,E:\MedicalData\kagglechallenge\Dermnet\test/Actinic Keratosis Basal Cell Carcinoma and other Malignant Lesions/basal-cell-carcinoma-pigmented-42.jpg
1,E:\MedicalData\kagglechallenge\Dermnet\test/Actinic Keratosis Basal Cell Carcinoma and other Malignant Lesions/basal-cell-carcinoma-pigmented-46.jpg
1,E:\MedicalData\kagglechallenge\Dermnet\test/Actinic Keratosis Basal Cell Carcinoma and other Malignant Lesions/basal-cell-carcinoma-pigmented-58.jpg
1,E:\MedicalData\kagglechallenge\Dermnet\test/Actinic Keratosis Basal Cell Carcinoma and other Malignant Lesions/basal-cell-carcinoma-pigmented-63.jpg
1,E:\MedicalData\kagglechallenge\Dermnet\test/Actinic Keratosis Basal Cell Carcinoma and other Malignant Lesions/basal-cell-carcinoma-pigmented-69.jpg
1,E:\MedicalData\kagglechallenge\Dermnet\test/Actinic Keratosis Basal Cell Carcinoma and other Malignant Lesions/basal-cell-carcinoma-pigmented-70.jpg
1,E:\MedicalData\kagglechallenge\Dermnet\test/Actinic Keratosis Basal Cell Carcinoma and other Malignant Lesions/basal-cell-carcinoma-pigmented-71.jpg
1,E:\MedicalData\kagglechallenge\Dermnet\test/Actinic Keratosis Basal Cell Carcinoma and other Malignant Lesions/basal-cell-carcinoma-pigmented-8.jpg
1,E:\MedicalData\kagglechallenge\Dermnet\test/Actinic Keratosis Basal Cell Carcinoma and other Malignant Lesions/basal-cell-carcinoma-scalp-11.jpg
1,E:\MedicalData\kagglechallenge\Dermnet\test/Actinic Keratosis Basal Cell Carcinoma and other Malignant Lesions/basal-cell-carcinoma-scalp-5.jpg
1,E:\MedicalData\kagglechallenge\Dermnet\test/Actinic Keratosis Basal Cell Carcinoma and other Malignant Lesions/basal-cell-carcinoma-sclerosing-3.jpg
1,E:\MedicalData\kagglechallenge\Dermnet\test/Actinic Keratosis Basal Cell Carcinoma and other Malignant Lesions/basal-cell-carcinoma-superficial-11.jpg
1,E:\MedicalData\kagglechallenge\Dermnet\test/Actinic Keratosis Basal Cell Carcinoma and other Malignant Lesions/basal-cell-carcinoma-superficial-16.jpg
1,E:\MedicalData\kagglechallenge\Dermnet\test/Actinic Keratosis Basal Cell Carcinoma and other Malignant Lesions/basal-cell-carcinoma-superficial-32.jpg
1,E:\MedicalData\kagglechallenge\Dermnet\test/Actinic Keratosis Basal Cell Carcinoma and other Malignant Lesions/basal-cell-carcinoma-superficial-33.jpg
1,E:\MedicalData\kagglechallenge\Dermnet\test/Actinic Keratosis Basal Cell Carcinoma and other Malignant Lesions/basal-cell-carcinoma-superficial-37.jpg
1,E:\MedicalData\kagglechallenge\Dermnet\test/Actinic Keratosis Basal Cell Carcinoma and other Malignant Lesions/basal-cell-carcinoma-superficial-41.jpg
1,E:\MedicalData\kagglechallenge\Dermnet\test/Actinic Keratosis Basal Cell Carcinoma and other Malignant Lesions/basal-cell-carcinoma-superficial-44.jpg
1,E:\MedicalData\kagglechallenge\Dermnet\test/Actinic Keratosis Basal Cell Carcinoma and other Malignant Lesions/basal-cell-carcinoma-superficial-5.jpg
1,E:\MedicalData\kagglechallenge\Dermnet\test/Actinic Keratosis Basal Cell Carcinoma and other Malignant Lesions/basal-cell-carcinoma-superficial-50.jpg
1,E:\MedicalData\kagglechallenge\Dermnet\test/Actinic Keratosis Basal Cell Carcinoma and other Malignant Lesions/basal-cell-carcinoma-superficial-61.jpg
1,E:\MedicalData\kagglechallenge\Dermnet\test/Actinic Keratosis Basal Cell Carcinoma and other Malignant Lesions/basal-cell-carcinoma-superficial-62.jpg
1,E:\MedicalData\kagglechallenge\Dermnet\test/Actinic Keratosis Basal Cell Carcinoma and other Malignant Lesions/basal-cell-carcinoma-trunk-ext-12.jpg
1,E:\MedicalData\kagglechallenge\Dermnet\test/Actinic Keratosis Basal Cell Carcinoma and other Malignant Lesions/basal-cell-carcinoma-trunk-ext-8.jpg
1,E:\MedicalData\kagglechallenge\Dermnet\test/Actinic Keratosis Basal Cell Carcinoma and other Malignant Lesions/basal-cell-carcinoma-trunk-ext-9.jpg
1,E:\MedicalData\kagglechallenge\Dermnet\test/Actinic Keratosis Basal Cell Carcinoma and other Malignant Lesions/basal-cell-nevus-syndrome-7.jpg
1,E:\MedicalData\kagglechallenge\Dermnet\test/Actinic Keratosis Basal Cell Carcinoma and other Malignant Lesions/basal-cell-nevus-syndrome-9.jpg
1,E:\MedicalData\kagglechallenge\Dermnet\test/Actinic Keratosis Basal Cell Carcinoma and other Malignant Lesions/bowens-disease-17.jpg
1,E:\MedicalData\kagglechallenge\Dermnet\test/Actinic Keratosis Basal Cell Carcinoma and other Malignant Lesions/bowens-disease-22.jpg
1,E:\MedicalData\kagglechallenge\Dermnet\test/Actinic Keratosis Basal Cell Carcinoma and other Malignant Lesions/bowens-disease-26.jpg
1,E:\MedicalData\kagglechallenge\Dermnet\test/Actinic Keratosis Basal Cell Carcinoma and other Malignant Lesions/bowens-disease-32.jpg
1,E:\MedicalData\kagglechallenge\Dermnet\test/Actinic Keratosis Basal Cell Carcinoma and other Malignant Lesions/bowens-disease-36.jpg
1,E:\MedicalData\kagglechallenge\Dermnet\test/Actinic Keratosis Basal Cell Carcinoma and other Malignant Lesions/bowens-disease-45.jpg
1,E:\MedicalData\kagglechallenge\Dermnet\test/Actinic Keratosis Basal Cell Carcinoma and other Malignant Lesions/bowens-disease-48.jpg
1,E:\MedicalData\kagglechallenge\Dermnet\test/Actinic Keratosis Basal Cell Carcinoma and other Malignant Lesions/bowens-disease-54.jpg
1,E:\MedicalData\kagglechallenge\Dermnet\test/Actinic Keratosis Basal Cell Carcinoma and other Malignant Lesions/bowens-disease-60.jpg
1,E:\MedicalData\kagglechallenge\Dermnet\test/Actinic Keratosis Basal Cell Carcinoma and other Malignant Lesions/bowens-disease-62.jpg
1,E:\MedicalData\kagglechallenge\Dermnet\test/Actinic Keratosis Basal Cell Carcinoma and other Malignant Lesions/bowens-disease-67.jpg
1,E:\MedicalData\kagglechallenge\Dermnet\test/Actinic Keratosis Basal Cell Carcinoma and other Malignant Lesions/bowens-disease-76.jpg
1,E:\MedicalData\kagglechallenge\Dermnet\test/Actinic Keratosis Basal Cell Carcinoma and other Malignant Lesions/bowens-disease-82.jpg
1,E:\MedicalData\kagglechallenge\Dermnet\test/Actinic Keratosis Basal Cell Carcinoma and other Malignant Lesions/bowens-disease-83.jpg
1,E:\MedicalData\kagglechallenge\Dermnet\test/Actinic Keratosis Basal Cell Carcinoma and other Malignant Lesions/bowens-disease-87.jpg
1,E:\MedicalData\kagglechallenge\Dermnet\test/Actinic Keratosis Basal Cell Carcinoma and other Malignant Lesions/bowens-disease-90.jpg
1,E:\MedicalData\kagglechallenge\Dermnet\test/Actinic Keratosis Basal Cell Carcinoma and other Malignant Lesions/ctcl-113.jpg
1,E:\MedicalData\kagglechallenge\Dermnet\test/Actinic Keratosis Basal Cell Carcinoma and other Malignant Lesions/ctcl-114.jpg
1,E:\MedicalData\kagglechallenge\Dermnet\test/Actinic Keratosis Basal Cell Carcinoma and other Malignant Lesions/ctcl-115.jpg
1,E:\MedicalData\kagglechallenge\Dermnet\test/Actinic Keratosis Basal Cell Carcinoma and other Malignant Lesions/ctcl-119.jpg
1,E:\MedicalData\kagglechallenge\Dermnet\test/Actinic Keratosis Basal Cell Carcinoma and other Malignant Lesions/ctcl-120.jpg
1,E:\MedicalData\kagglechallenge\Dermnet\test/Actinic Keratosis Basal Cell Carcinoma and other Malignant Lesions/ctcl-24.jpg
1,E:\MedicalData\kagglechallenge\Dermnet\test/Actinic Keratosis Basal Cell Carcinoma and other Malignant Lesions/ctcl-27.jpg
1,E:\MedicalData\kagglechallenge\Dermnet\test/Actinic Keratosis Basal Cell Carcinoma and other Malignant Lesions/ctcl-46.jpg
1,E:\MedicalData\kagglechallenge\Dermnet\test/Actinic Keratosis Basal Cell Carcinoma and other Malignant Lesions/ctcl-48.jpg
1,E:\MedicalData\kagglechallenge\Dermnet\test/Actinic Keratosis Basal Cell Carcinoma and other Malignant Lesions/ctcl-54.jpg
1,E:\MedicalData\kagglechallenge\Dermnet\test/Actinic Keratosis Basal Cell Carcinoma and other Malignant Lesions/ctcl-56.jpg
1,E:\MedicalData\kagglechallenge\Dermnet\test/Actinic Keratosis Basal Cell Carcinoma and other Malignant Lesions/ctcl-62.jpg
1,E:\MedicalData\kagglechallenge\Dermnet\test/Actinic Keratosis Basal Cell Carcinoma and other Malignant Lesions/ctcl-65.jpg
1,E:\MedicalData\kagglechallenge\Dermnet\test/Actinic Keratosis Basal Cell Carcinoma and other Malignant Lesions/ctcl-7.jpg
1,E:\MedicalData\kagglechallenge\Dermnet\test/Actinic Keratosis Basal Cell Carcinoma and other Malignant Lesions/ctcl-71.jpg
1,E:\MedicalData\kagglechallenge\Dermnet\test/Actinic Keratosis Basal Cell Carcinoma and other Malignant Lesions/ctcl-78.jpg
1,E:\MedicalData\kagglechallenge\Dermnet\test/Actinic Keratosis Basal Cell Carcinoma and other Malignant Lesions/ctcl-79.jpg
1,E:\MedicalData\kagglechallenge\Dermnet\test/Actinic Keratosis Basal Cell Carcinoma and other Malignant Lesions/ctcl-8.jpg
1,E:\MedicalData\kagglechallenge\Dermnet\test/Actinic Keratosis Basal Cell Carcinoma and other Malignant Lesions/ctcl-80.jpg
1,E:\MedicalData\kagglechallenge\Dermnet\test/Actinic Keratosis Basal Cell Carcinoma and other Malignant Lesions/ctcl-82.jpg
1,E:\MedicalData\kagglechallenge\Dermnet\test/Actinic Keratosis Basal Cell Carcinoma and other Malignant Lesions/ctcl-92.jpg
1,E:\MedicalData\kagglechallenge\Dermnet\test/Actinic Keratosis Basal Cell Carcinoma and other Malignant Lesions/ctcl-96.jpg
1,E:\MedicalData\kagglechallenge\Dermnet\test/Actinic Keratosis Basal Cell Carcinoma and other Malignant Lesions/ctcl-97.jpg
1,E:\MedicalData\kagglechallenge\Dermnet\test/Actinic Keratosis Basal Cell Carcinoma and other Malignant Lesions/cutaneous-horn-2.jpg
1,E:\MedicalData\kagglechallenge\Dermnet\test/Actinic Keratosis Basal Cell Carcinoma and other Malignant Lesions/dermatofibrosarcoma-4.jpg
1,E:\MedicalData\kagglechallenge\Dermnet\test/Actinic Keratosis Basal Cell Carcinoma and other Malignant Lesions/epidermodysplasia-verruciformis-3.jpg
1,E:\MedicalData\kagglechallenge\Dermnet\test/Actinic Keratosis Basal Cell Carcinoma and other Malignant Lesions/extramammary-paget-disease-7.jpg
1,E:\MedicalData\kagglechallenge\Dermnet\test/Actinic Keratosis Basal Cell Carcinoma and other Malignant Lesions/granulation-tissue-12.jpg
1,E:\MedicalData\kagglechallenge\Dermnet\test/Actinic Keratosis Basal Cell Carcinoma and other Malignant Lesions/granulation-tissue-19.jpg
1,E:\MedicalData\kagglechallenge\Dermnet\test/Actinic Keratosis Basal Cell Carcinoma and other Malignant Lesions/granulation-tissue-23.jpg
1,E:\MedicalData\kagglechallenge\Dermnet\test/Actinic Keratosis Basal Cell Carcinoma and other Malignant Lesions/granulation-tissue-28.jpg
1,E:\MedicalData\kagglechallenge\Dermnet\test/Actinic Keratosis Basal Cell Carcinoma and other Malignant Lesions/granulation-tissue-36.jpg
1,E:\MedicalData\kagglechallenge\Dermnet\test/Actinic Keratosis Basal Cell Carcinoma and other Malignant Lesions/granulation-tissue-40.jpg
1,E:\MedicalData\kagglechallenge\Dermnet\test/Actinic Keratosis Basal Cell Carcinoma and other Malignant Lesions/granulation-tissue-8.jpg
1,E:\MedicalData\kagglechallenge\Dermnet\test/Actinic Keratosis Basal Cell Carcinoma and other Malignant Lesions/leukemia-4.jpg
1,E:\MedicalData\kagglechallenge\Dermnet\test/Actinic Keratosis Basal Cell Carcinoma and other Malignant Lesions/leukoplakia-2.jpg
1,E:\MedicalData\kagglechallenge\Dermnet\test/Actinic Keratosis Basal Cell Carcinoma and other Malignant Lesions/merkel-cell-cancer-2.jpg
1,E:\MedicalData\kagglechallenge\Dermnet\test/Actinic Keratosis Basal Cell Carcinoma and other Malignant Lesions/metastasis-11.jpg
1,E:\MedicalData\kagglechallenge\Dermnet\test/Actinic Keratosis Basal Cell Carcinoma and other Malignant Lesions/metastasis-15.jpg
1,E:\MedicalData\kagglechallenge\Dermnet\test/Actinic Keratosis Basal Cell Carcinoma and other Malignant Lesions/metastasis-22.jpg
1,E:\MedicalData\kagglechallenge\Dermnet\test/Actinic Keratosis Basal Cell Carcinoma and other Malignant Lesions/metastasis-30.jpg
1,E:\MedicalData\kagglechallenge\Dermnet\test/Actinic Keratosis Basal Cell Carcinoma and other Malignant Lesions/metastasis-32.jpg
1,E:\MedicalData\kagglechallenge\Dermnet\test/Actinic Keratosis Basal Cell Carcinoma and other Malignant Lesions/paget-disease-breast-4.jpg
1,E:\MedicalData\kagglechallenge\Dermnet\test/Actinic Keratosis Basal Cell Carcinoma and other Malignant Lesions/paget-disease-breast-7.jpg
1,E:\MedicalData\kagglechallenge\Dermnet\test/Actinic Keratosis Basal Cell Carcinoma and other Malignant Lesions/squamous-cell-carcinoma-ear-22.jpg
1,E:\MedicalData\kagglechallenge\Dermnet\test/Actinic Keratosis Basal Cell Carcinoma and other Malignant Lesions/squamous-cell-carcinoma-ear-26.jpg
1,E:\MedicalData\kagglechallenge\Dermnet\test/Actinic Keratosis Basal Cell Carcinoma and other Malignant Lesions/squamous-cell-carcinoma-ear-33.jpg
1,E:\MedicalData\kagglechallenge\Dermnet\test/Actinic Keratosis Basal Cell Carcinoma and other Malignant Lesions/squamous-cell-carcinoma-ear-36.jpg
1,E:\MedicalData\kagglechallenge\Dermnet\test/Actinic Keratosis Basal Cell Carcinoma and other Malignant Lesions/squamous-cell-carcinoma-ear-5.jpg
1,E:\MedicalData\kagglechallenge\Dermnet\test/Actinic Keratosis Basal Cell Carcinoma and other Malignant Lesions/squamous-cell-carcinoma-face-1.jpg
1,E:\MedicalData\kagglechallenge\Dermnet\test/Actinic Keratosis Basal Cell Carcinoma and other Malignant Lesions/squamous-cell-carcinoma-face-2.jpg
1,E:\MedicalData\kagglechallenge\Dermnet\test/Actinic Keratosis Basal Cell Carcinoma and other Malignant Lesions/squamous-cell-carcinoma-face-9.jpg
1,E:\MedicalData\kagglechallenge\Dermnet\test/Actinic Keratosis Basal Cell Carcinoma and other Malignant Lesions/squamous-cell-carcinoma-hand-arm-2.jpg
1,E:\MedicalData\kagglechallenge\Dermnet\test/Actinic Keratosis Basal Cell Carcinoma and other Malignant Lesions/squamous-cell-carcinoma-hand-arm-9.jpg
1,E:\MedicalData\kagglechallenge\Dermnet\test/Actinic Keratosis Basal Cell Carcinoma and other Malignant Lesions/squamous-cell-carcinoma-leg-4.jpg
1,E:\MedicalData\kagglechallenge\Dermnet\test/Actinic Keratosis Basal Cell Carcinoma and other Malignant Lesions/squamous-cell-carcinoma-lesion-19.jpg
1,E:\MedicalData\kagglechallenge\Dermnet\test/Actinic Keratosis Basal Cell Carcinoma and other Malignant Lesions/squamous-cell-carcinoma-lesion-23.jpg
1,E:\MedicalData\kagglechallenge\Dermnet\test/Actinic Keratosis Basal Cell Carcinoma and other Malignant Lesions/squamous-cell-carcinoma-lesion-24.jpg
1,E:\MedicalData\kagglechallenge\Dermnet\test/Actinic Keratosis Basal Cell Carcinoma and other Malignant Lesions/squamous-cell-carcinoma-lesion-28.jpg
1,E:\MedicalData\kagglechallenge\Dermnet\test/Actinic Keratosis Basal Cell Carcinoma and other Malignant Lesions/squamous-cell-carcinoma-lesion-3.jpg
1,E:\MedicalData\kagglechallenge\Dermnet\test/Actinic Keratosis Basal Cell Carcinoma and other Malignant Lesions/squamous-cell-carcinoma-lesion-4.jpg
1,E:\MedicalData\kagglechallenge\Dermnet\test/Actinic Keratosis Basal Cell Carcinoma and other Malignant Lesions/squamous-cell-carcinoma-lesion-7.jpg
1,E:\MedicalData\kagglechallenge\Dermnet\test/Actinic Keratosis Basal Cell Carcinoma and other Malignant Lesions/squamous-cell-carcinoma-lesion-8.jpg
1,E:\MedicalData\kagglechallenge\Dermnet\test/Actinic Keratosis Basal Cell Carcinoma and other Malignant Lesions/squamous-cell-carcinoma-lip-22.jpg
1,E:\MedicalData\kagglechallenge\Dermnet\test/Actinic Keratosis Basal Cell Carcinoma and other Malignant Lesions/squamous-cell-carcinoma-lip-27.jpg
1,E:\MedicalData\kagglechallenge\Dermnet\test/Actinic Keratosis Basal Cell Carcinoma and other Malignant Lesions/squamous-cell-carcinoma-lip-3.jpg
1,E:\MedicalData\kagglechallenge\Dermnet\test/Actinic Keratosis Basal Cell Carcinoma and other Malignant Lesions/squamous-cell-carcinoma-nose-6.jpg
1,E:\MedicalData\kagglechallenge\Dermnet\test/Actinic Keratosis Basal Cell Carcinoma and other Malignant Lesions/squamous-cell-carcinoma-vulva-2.jpg
1,E:\MedicalData\kagglechallenge\Dermnet\test/Actinic Keratosis Basal Cell Carcinoma and other Malignant Lesions/verrucous-carcinoma-3.jpg
1,E:\MedicalData\kagglechallenge\Dermnet\test/Actinic Keratosis Basal Cell Carcinoma and other Malignant Lesions/verrucous-carcinoma-6.jpg
2,E:\MedicalData\kagglechallenge\Dermnet\test/Atopic Dermatitis Photos/03DermatitisAreola45.jpg
2,E:\MedicalData\kagglechallenge\Dermnet\test/Atopic Dermatitis Photos/03DermatitisLids1.jpg
2,E:\MedicalData\kagglechallenge\Dermnet\test/Atopic Dermatitis Photos/03EczemaAreolae1.jpg
2,E:\MedicalData\kagglechallenge\Dermnet\test/Atopic Dermatitis Photos/03ichthyosis050127.jpg
2,E:\MedicalData\kagglechallenge\Dermnet\test/Atopic Dermatitis Photos/05atopic0110053.jpg
2,E:\MedicalData\kagglechallenge\Dermnet\test/Atopic Dermatitis Photos/05Atopic011011.jpg
2,E:\MedicalData\kagglechallenge\Dermnet\test/Atopic Dermatitis Photos/05atopic0123066.jpg
2,E:\MedicalData\kagglechallenge\Dermnet\test/Atopic Dermatitis Photos/05atopic0124051.jpg
2,E:\MedicalData\kagglechallenge\Dermnet\test/Atopic Dermatitis Photos/05Atopic0216.jpg
2,E:\MedicalData\kagglechallenge\Dermnet\test/Atopic Dermatitis Photos/05Atopic031011.jpg
2,E:\MedicalData\kagglechallenge\Dermnet\test/Atopic Dermatitis Photos/05atopic0313061.jpg
2,E:\MedicalData\kagglechallenge\Dermnet\test/Atopic Dermatitis Photos/05atopic0313062.jpg
2,E:\MedicalData\kagglechallenge\Dermnet\test/Atopic Dermatitis Photos/05atopic0313064.jpg
2,E:\MedicalData\kagglechallenge\Dermnet\test/Atopic Dermatitis Photos/05Atopic0329044.jpg
2,E:\MedicalData\kagglechallenge\Dermnet\test/Atopic Dermatitis Photos/05Atopic03290445.jpg
2,E:\MedicalData\kagglechallenge\Dermnet\test/Atopic Dermatitis Photos/05atopic041105.jpg
2,E:\MedicalData\kagglechallenge\Dermnet\test/Atopic Dermatitis Photos/05Atopic0504056.jpg
2,E:\MedicalData\kagglechallenge\Dermnet\test/Atopic Dermatitis Photos/05Atopic0504057.jpg
2,E:\MedicalData\kagglechallenge\Dermnet\test/Atopic Dermatitis Photos/05Atopic0712045.jpg
2,E:\MedicalData\kagglechallenge\Dermnet\test/Atopic Dermatitis Photos/05Atopic1006.jpg
2,E:\MedicalData\kagglechallenge\Dermnet\test/Atopic Dermatitis Photos/05atopic110705.jpg
2,E:\MedicalData\kagglechallenge\Dermnet\test/Atopic Dermatitis Photos/05atopic1107051.jpg
2,E:\MedicalData\kagglechallenge\Dermnet\test/Atopic Dermatitis Photos/05Atopic1201.jpg
2,E:\MedicalData\kagglechallenge\Dermnet\test/Atopic Dermatitis Photos/05Atopic12060411.jpg
2,E:\MedicalData\kagglechallenge\Dermnet\test/Atopic Dermatitis Photos/05Atopic12060414.jpg
2,E:\MedicalData\kagglechallenge\Dermnet\test/Atopic Dermatitis Photos/05Atopic12060415.jpg
2,E:\MedicalData\kagglechallenge\Dermnet\test/Atopic Dermatitis Photos/05Atopic12060420.jpg
2,E:\MedicalData\kagglechallenge\Dermnet\test/Atopic Dermatitis Photos/05Atopic12060421.jpg
2,E:\MedicalData\kagglechallenge\Dermnet\test/Atopic Dermatitis Photos/05Atopic12060426.jpg
2,E:\MedicalData\kagglechallenge\Dermnet\test/Atopic Dermatitis Photos/05atopicAdult1118051.jpg
2,E:\MedicalData\kagglechallenge\Dermnet\test/Atopic Dermatitis Photos/05AtopicChild020120.jpg
2,E:\MedicalData\kagglechallenge\Dermnet\test/Atopic Dermatitis Photos/05AtopicChild030120.jpg
2,E:\MedicalData\kagglechallenge\Dermnet\test/Atopic Dermatitis Photos/05atopicChild0719041.jpg
2,E:\MedicalData\kagglechallenge\Dermnet\test/Atopic Dermatitis Photos/05AtopicDerm0112041.jpg
2,E:\MedicalData\kagglechallenge\Dermnet\test/Atopic Dermatitis Photos/05atopicDerm040405ok2.jpg
2,E:\MedicalData\kagglechallenge\Dermnet\test/Atopic Dermatitis Photos/05AtopicFace0105040k1.jpg
2,E:\MedicalData\kagglechallenge\Dermnet\test/Atopic Dermatitis Photos/05AtopicFace010504ok.jpg
2,E:\MedicalData\kagglechallenge\Dermnet\test/Atopic Dermatitis Photos/05atopicFace012405.jpg
2,E:\MedicalData\kagglechallenge\Dermnet\test/Atopic Dermatitis Photos/05AtopicFace1.jpg
2,E:\MedicalData\kagglechallenge\Dermnet\test/Atopic Dermatitis Photos/05atopicFeet0801053.jpg
2,E:\MedicalData\kagglechallenge\Dermnet\test/Atopic Dermatitis Photos/05atopicFlid080105.jpg
2,E:\MedicalData\kagglechallenge\Dermnet\test/Atopic Dermatitis Photos/05atopicFoot082205.jpg
2,E:\MedicalData\kagglechallenge\Dermnet\test/Atopic Dermatitis Photos/05AtopicFossa1q.jpg
2,E:\MedicalData\kagglechallenge\Dermnet\test/Atopic Dermatitis Photos/05AtopicLichenification.jpg
2,E:\MedicalData\kagglechallenge\Dermnet\test/Atopic Dermatitis Photos/05AtopicMouth1216.jpg
2,E:\MedicalData\kagglechallenge\Dermnet\test/Atopic Dermatitis Photos/05child0612051.jpg
2,E:\MedicalData\kagglechallenge\Dermnet\test/Atopic Dermatitis Photos/05diaperDerm112204.jpg
2,E:\MedicalData\kagglechallenge\Dermnet\test/Atopic Dermatitis Photos/05DryFeet060201.jpg
2,E:\MedicalData\kagglechallenge\Dermnet\test/Atopic Dermatitis Photos/05DryFeet060202.jpg
2,E:\MedicalData\kagglechallenge\Dermnet\test/Atopic Dermatitis Photos/05hyperLinearCrease042803.jpg
2,E:\MedicalData\kagglechallenge\Dermnet\test/Atopic Dermatitis Photos/05ichthyosis082205.jpg
2,E:\MedicalData\kagglechallenge\Dermnet\test/Atopic Dermatitis Photos/05Ichthyosis1.jpg
2,E:\MedicalData\kagglechallenge\Dermnet\test/Atopic Dermatitis Photos/05IchthyosisSexLinked0308045.jpg
2,E:\MedicalData\kagglechallenge\Dermnet\test/Atopic Dermatitis Photos/05icththyosis1004041.jpg
2,E:\MedicalData\kagglechallenge\Dermnet\test/Atopic Dermatitis Photos/05icthyosis0124052.jpg
2,E:\MedicalData\kagglechallenge\Dermnet\test/Atopic Dermatitis Photos/05keratosisPilaris020204.jpg
2,E:\MedicalData\kagglechallenge\Dermnet\test/Atopic Dermatitis Photos/05keratosisPilaris0207051.jpg
2,E:\MedicalData\kagglechallenge\Dermnet\test/Atopic Dermatitis Photos/05KeratosisPilaris1.jpg
2,E:\MedicalData\kagglechallenge\Dermnet\test/Atopic Dermatitis Photos/05KeratosisPilaris24.jpg
2,E:\MedicalData\kagglechallenge\Dermnet\test/Atopic Dermatitis Photos/05PityriasisAlba.jpg
2,E:\MedicalData\kagglechallenge\Dermnet\test/Atopic Dermatitis Photos/05PityriasisAlba010504.jpg
2,E:\MedicalData\kagglechallenge\Dermnet\test/Atopic Dermatitis Photos/05PityriasisAlba0412042.jpg
2,E:\MedicalData\kagglechallenge\Dermnet\test/Atopic Dermatitis Photos/05SexLinkedEchthyosis02235.jpg
2,E:\MedicalData\kagglechallenge\Dermnet\test/Atopic Dermatitis Photos/05SexLinkIchthosis0328052.jpg
2,E:\MedicalData\kagglechallenge\Dermnet\test/Atopic Dermatitis Photos/05xlinkedIcthyosis0823041.jpg
2,E:\MedicalData\kagglechallenge\Dermnet\test/Atopic Dermatitis Photos/11IMG001.jpg
2,E:\MedicalData\kagglechallenge\Dermnet\test/Atopic Dermatitis Photos/11IMG006.jpg
2,E:\MedicalData\kagglechallenge\Dermnet\test/Atopic Dermatitis Photos/11IMG017.jpg
2,E:\MedicalData\kagglechallenge\Dermnet\test/Atopic Dermatitis Photos/11IMG018.jpg
2,E:\MedicalData\kagglechallenge\Dermnet\test/Atopic Dermatitis Photos/11IMG019.jpg
2,E:\MedicalData\kagglechallenge\Dermnet\test/Atopic Dermatitis Photos/12IMG003.jpg
2,E:\MedicalData\kagglechallenge\Dermnet\test/Atopic Dermatitis Photos/12IMG006.jpg
2,E:\MedicalData\kagglechallenge\Dermnet\test/Atopic Dermatitis Photos/13IMG011.jpg
2,E:\MedicalData\kagglechallenge\Dermnet\test/Atopic Dermatitis Photos/14IMG010.jpg
2,E:\MedicalData\kagglechallenge\Dermnet\test/Atopic Dermatitis Photos/15IMG001.jpg
2,E:\MedicalData\kagglechallenge\Dermnet\test/Atopic Dermatitis Photos/15IMG002.jpg
2,E:\MedicalData\kagglechallenge\Dermnet\test/Atopic Dermatitis Photos/16IMG007.jpg
2,E:\MedicalData\kagglechallenge\Dermnet\test/Atopic Dermatitis Photos/1IMG011.jpg
2,E:\MedicalData\kagglechallenge\Dermnet\test/Atopic Dermatitis Photos/1IMG015.jpg
2,E:\MedicalData\kagglechallenge\Dermnet\test/Atopic Dermatitis Photos/3IMG006.jpg
2,E:\MedicalData\kagglechallenge\Dermnet\test/Atopic Dermatitis Photos/4IMG005.jpg
2,E:\MedicalData\kagglechallenge\Dermnet\test/Atopic Dermatitis Photos/4IMG006.jpg
2,E:\MedicalData\kagglechallenge\Dermnet\test/Atopic Dermatitis Photos/4th1IMG007.jpg
2,E:\MedicalData\kagglechallenge\Dermnet\test/Atopic Dermatitis Photos/4th1IMG008.jpg
2,E:\MedicalData\kagglechallenge\Dermnet\test/Atopic Dermatitis Photos/4th1IMG013.jpg
2,E:\MedicalData\kagglechallenge\Dermnet\test/Atopic Dermatitis Photos/4th1IMG015.jpg
2,E:\MedicalData\kagglechallenge\Dermnet\test/Atopic Dermatitis Photos/5IMG007.jpg
2,E:\MedicalData\kagglechallenge\Dermnet\test/Atopic Dermatitis Photos/6IMG011.jpg
2,E:\MedicalData\kagglechallenge\Dermnet\test/Atopic Dermatitis Photos/6IMG014.jpg
2,E:\MedicalData\kagglechallenge\Dermnet\test/Atopic Dermatitis Photos/6IMG018.jpg
2,E:\MedicalData\kagglechallenge\Dermnet\test/Atopic Dermatitis Photos/7IMG004.jpg
2,E:\MedicalData\kagglechallenge\Dermnet\test/Atopic Dermatitis Photos/7IMG012.jpg
2,E:\MedicalData\kagglechallenge\Dermnet\test/Atopic Dermatitis Photos/7IMG015.jpg
2,E:\MedicalData\kagglechallenge\Dermnet\test/Atopic Dermatitis Photos/7IMG016.jpg
2,E:\MedicalData\kagglechallenge\Dermnet\test/Atopic Dermatitis Photos/7IMG017.jpg
2,E:\MedicalData\kagglechallenge\Dermnet\test/Atopic Dermatitis Photos/8IMG001.jpg
2,E:\MedicalData\kagglechallenge\Dermnet\test/Atopic Dermatitis Photos/8IMG007.jpg
2,E:\MedicalData\kagglechallenge\Dermnet\test/Atopic Dermatitis Photos/9IMG003.jpg
2,E:\MedicalData\kagglechallenge\Dermnet\test/Atopic Dermatitis Photos/9IMG008.jpg
2,E:\MedicalData\kagglechallenge\Dermnet\test/Atopic Dermatitis Photos/9IMG013.jpg
2,E:\MedicalData\kagglechallenge\Dermnet\test/Atopic Dermatitis Photos/9IMG019.jpg
2,E:\MedicalData\kagglechallenge\Dermnet\test/Atopic Dermatitis Photos/AtopicIMG002-GP3.jpg
2,E:\MedicalData\kagglechallenge\Dermnet\test/Atopic Dermatitis Photos/AtopicIMG013-GP3.jpg
2,E:\MedicalData\kagglechallenge\Dermnet\test/Atopic Dermatitis Photos/IchthosisIMG005-GP3.jpg
2,E:\MedicalData\kagglechallenge\Dermnet\test/Atopic Dermatitis Photos/IchthosisIMG006-GP3.jpg
2,E:\MedicalData\kagglechallenge\Dermnet\test/Atopic Dermatitis Photos/IchthosisIMG012-GP3.jpg
2,E:\MedicalData\kagglechallenge\Dermnet\test/Atopic Dermatitis Photos/IchthosisIMG018-GP3.jpg
2,E:\MedicalData\kagglechallenge\Dermnet\test/Atopic Dermatitis Photos/IchthosisIMG022-GP3.jpg
2,E:\MedicalData\kagglechallenge\Dermnet\test/Atopic Dermatitis Photos/IchthosisIMG024-GP3.jpg
2,E:\MedicalData\kagglechallenge\Dermnet\test/Atopic Dermatitis Photos/IchthosisIMG026-GP3.jpg
2,E:\MedicalData\kagglechallenge\Dermnet\test/Atopic Dermatitis Photos/IchthosisIMG030-GP3.jpg
3,E:\MedicalData\kagglechallenge\Dermnet\test/Bullous Disease Photos/benign-familial-chronic-pemphigus-1.jpg
3,E:\MedicalData\kagglechallenge\Dermnet\test/Bullous Disease Photos/benign-familial-chronic-pemphigus-13.jpg
3,E:\MedicalData\kagglechallenge\Dermnet\test/Bullous Disease Photos/benign-familial-chronic-pemphigus-28.jpg
3,E:\MedicalData\kagglechallenge\Dermnet\test/Bullous Disease Photos/benign-familial-chronic-pemphigus-31.jpg
3,E:\MedicalData\kagglechallenge\Dermnet\test/Bullous Disease Photos/benign-familial-chronic-pemphigus-9.jpg
3,E:\MedicalData\kagglechallenge\Dermnet\test/Bullous Disease Photos/bullous-pemphigoid-101.jpg
3,E:\MedicalData\kagglechallenge\Dermnet\test/Bullous Disease Photos/bullous-pemphigoid-109.jpg
3,E:\MedicalData\kagglechallenge\Dermnet\test/Bullous Disease Photos/bullous-pemphigoid-23.jpg
3,E:\MedicalData\kagglechallenge\Dermnet\test/Bullous Disease Photos/bullous-pemphigoid-31.jpg
3,E:\MedicalData\kagglechallenge\Dermnet\test/Bullous Disease Photos/bullous-pemphigoid-36.jpg
3,E:\MedicalData\kagglechallenge\Dermnet\test/Bullous Disease Photos/bullous-pemphigoid-39.jpg
3,E:\MedicalData\kagglechallenge\Dermnet\test/Bullous Disease Photos/bullous-pemphigoid-43.jpg
3,E:\MedicalData\kagglechallenge\Dermnet\test/Bullous Disease Photos/bullous-pemphigoid-45.jpg
3,E:\MedicalData\kagglechallenge\Dermnet\test/Bullous Disease Photos/bullous-pemphigoid-47.jpg
3,E:\MedicalData\kagglechallenge\Dermnet\test/Bullous Disease Photos/bullous-pemphigoid-5.jpg
3,E:\MedicalData\kagglechallenge\Dermnet\test/Bullous Disease Photos/bullous-pemphigoid-50.jpg
3,E:\MedicalData\kagglechallenge\Dermnet\test/Bullous Disease Photos/bullous-pemphigoid-51.jpg
3,E:\MedicalData\kagglechallenge\Dermnet\test/Bullous Disease Photos/bullous-pemphigoid-57.jpg
3,E:\MedicalData\kagglechallenge\Dermnet\test/Bullous Disease Photos/bullous-pemphigoid-65.jpg
3,E:\MedicalData\kagglechallenge\Dermnet\test/Bullous Disease Photos/bullous-pemphigoid-66.jpg
3,E:\MedicalData\kagglechallenge\Dermnet\test/Bullous Disease Photos/bullous-pemphigoid-68.jpg
3,E:\MedicalData\kagglechallenge\Dermnet\test/Bullous Disease Photos/bullous-pemphigoid-73.jpg
3,E:\MedicalData\kagglechallenge\Dermnet\test/Bullous Disease Photos/bullous-pemphigoid-75.jpg
3,E:\MedicalData\kagglechallenge\Dermnet\test/Bullous Disease Photos/bullous-pemphigoid-8.jpg
3,E:\MedicalData\kagglechallenge\Dermnet\test/Bullous Disease Photos/bullous-pemphigoid-85.jpg
3,E:\MedicalData\kagglechallenge\Dermnet\test/Bullous Disease Photos/bullous-pemphigoid-88.jpg
3,E:\MedicalData\kagglechallenge\Dermnet\test/Bullous Disease Photos/bullous-pemphigoid-90.jpg
3,E:\MedicalData\kagglechallenge\Dermnet\test/Bullous Disease Photos/bullous-pemphigoid-94.jpg
3,E:\MedicalData\kagglechallenge\Dermnet\test/Bullous Disease Photos/bullous-pemphigoid-96.jpg
3,E:\MedicalData\kagglechallenge\Dermnet\test/Bullous Disease Photos/bullous-pemphigoid-98.jpg
3,E:\MedicalData\kagglechallenge\Dermnet\test/Bullous Disease Photos/bullous-pemphigoid-99.jpg
3,E:\MedicalData\kagglechallenge\Dermnet\test/Bullous Disease Photos/chronic-bullous-dermatosis-childhood-1.jpg
3,E:\MedicalData\kagglechallenge\Dermnet\test/Bullous Disease Photos/dariers-disease-11.jpg
3,E:\MedicalData\kagglechallenge\Dermnet\test/Bullous Disease Photos/dariers-disease-22.jpg
3,E:\MedicalData\kagglechallenge\Dermnet\test/Bullous Disease Photos/dariers-disease-3.jpg
3,E:\MedicalData\kagglechallenge\Dermnet\test/Bullous Disease Photos/dariers-disease-38.jpg
3,E:\MedicalData\kagglechallenge\Dermnet\test/Bullous Disease Photos/dariers-disease-41.jpg
3,E:\MedicalData\kagglechallenge\Dermnet\test/Bullous Disease Photos/dariers-disease-44.jpg
3,E:\MedicalData\kagglechallenge\Dermnet\test/Bullous Disease Photos/dariers-disease-45.jpg
3,E:\MedicalData\kagglechallenge\Dermnet\test/Bullous Disease Photos/dariers-disease-51.jpg
3,E:\MedicalData\kagglechallenge\Dermnet\test/Bullous Disease Photos/dariers-disease-55.jpg
3,E:\MedicalData\kagglechallenge\Dermnet\test/Bullous Disease Photos/dariers-disease-56.jpg
3,E:\MedicalData\kagglechallenge\Dermnet\test/Bullous Disease Photos/dariers-disease-65.jpg
3,E:\MedicalData\kagglechallenge\Dermnet\test/Bullous Disease Photos/dermatitis-herpetiformis-14.jpg
3,E:\MedicalData\kagglechallenge\Dermnet\test/Bullous Disease Photos/dermatitis-herpetiformis-15.jpg
3,E:\MedicalData\kagglechallenge\Dermnet\test/Bullous Disease Photos/dermatitis-herpetiformis-2.jpg
3,E:\MedicalData\kagglechallenge\Dermnet\test/Bullous Disease Photos/dermatitis-herpetiformis-29.jpg
3,E:\MedicalData\kagglechallenge\Dermnet\test/Bullous Disease Photos/dermatitis-herpetiformis-4.jpg
3,E:\MedicalData\kagglechallenge\Dermnet\test/Bullous Disease Photos/dermatitis-herpetiformis-41.jpg
3,E:\MedicalData\kagglechallenge\Dermnet\test/Bullous Disease Photos/dermatitis-herpetiformis-43.jpg
3,E:\MedicalData\kagglechallenge\Dermnet\test/Bullous Disease Photos/dermatitis-herpetiformis-57.jpg
3,E:\MedicalData\kagglechallenge\Dermnet\test/Bullous Disease Photos/dermatitis-herpetiformis-62.jpg
3,E:\MedicalData\kagglechallenge\Dermnet\test/Bullous Disease Photos/dermatitis-herpetiformis-70.jpg
3,E:\MedicalData\kagglechallenge\Dermnet\test/Bullous Disease Photos/dermatitis-herpetiformis-72.jpg
3,E:\MedicalData\kagglechallenge\Dermnet\test/Bullous Disease Photos/dermatitis-herpetiformis-78.jpg
3,E:\MedicalData\kagglechallenge\Dermnet\test/Bullous Disease Photos/dermatitis-herpetiformis-80.jpg
3,E:\MedicalData\kagglechallenge\Dermnet\test/Bullous Disease Photos/dermatitis-herpetiformis-96.jpg
3,E:\MedicalData\kagglechallenge\Dermnet\test/Bullous Disease Photos/dermatitis-herpetiformis-98.jpg
3,E:\MedicalData\kagglechallenge\Dermnet\test/Bullous Disease Photos/diabetic-bullae-13.jpg
3,E:\MedicalData\kagglechallenge\Dermnet\test/Bullous Disease Photos/diabetic-bullae-17.jpg
3,E:\MedicalData\kagglechallenge\Dermnet\test/Bullous Disease Photos/diabetic-bullae-26.jpg
3,E:\MedicalData\kagglechallenge\Dermnet\test/Bullous Disease Photos/diabetic-bullae-3.jpg
3,E:\MedicalData\kagglechallenge\Dermnet\test/Bullous Disease Photos/diabetic-bullae-30.jpg
3,E:\MedicalData\kagglechallenge\Dermnet\test/Bullous Disease Photos/diabetic-bullae-31.jpg
3,E:\MedicalData\kagglechallenge\Dermnet\test/Bullous Disease Photos/diabetic-bullae-5.jpg
3,E:\MedicalData\kagglechallenge\Dermnet\test/Bullous Disease Photos/diabetic-bullae-8.jpg
3,E:\MedicalData\kagglechallenge\Dermnet\test/Bullous Disease Photos/epidermolysis-bullosa-12.jpg
3,E:\MedicalData\kagglechallenge\Dermnet\test/Bullous Disease Photos/epidermolysis-bullosa-19.jpg
3,E:\MedicalData\kagglechallenge\Dermnet\test/Bullous Disease Photos/epidermolysis-bullosa-22.jpg
3,E:\MedicalData\kagglechallenge\Dermnet\test/Bullous Disease Photos/epidermolysis-bullosa-35.jpg
3,E:\MedicalData\kagglechallenge\Dermnet\test/Bullous Disease Photos/epidermolysis-bullosa-4.jpg
3,E:\MedicalData\kagglechallenge\Dermnet\test/Bullous Disease Photos/epidermolysis-bullosa-51.jpg
3,E:\MedicalData\kagglechallenge\Dermnet\test/Bullous Disease Photos/epidermolysis-bullosa-6.jpg
3,E:\MedicalData\kagglechallenge\Dermnet\test/Bullous Disease Photos/epidermolysis-bullosa-7.jpg
3,E:\MedicalData\kagglechallenge\Dermnet\test/Bullous Disease Photos/epidermolysis-bullosa-9.jpg
3,E:\MedicalData\kagglechallenge\Dermnet\test/Bullous Disease Photos/grovers-disease-2.jpg
3,E:\MedicalData\kagglechallenge\Dermnet\test/Bullous Disease Photos/grovers-disease-34.jpg
3,E:\MedicalData\kagglechallenge\Dermnet\test/Bullous Disease Photos/grovers-disease-49.jpg
3,E:\MedicalData\kagglechallenge\Dermnet\test/Bullous Disease Photos/grovers-disease-52.jpg
3,E:\MedicalData\kagglechallenge\Dermnet\test/Bullous Disease Photos/grovers-disease-55.jpg
3,E:\MedicalData\kagglechallenge\Dermnet\test/Bullous Disease Photos/grovers-disease-59.jpg
3,E:\MedicalData\kagglechallenge\Dermnet\test/Bullous Disease Photos/grovers-disease-7.jpg
3,E:\MedicalData\kagglechallenge\Dermnet\test/Bullous Disease Photos/herpes-gestationis-12.jpg
3,E:\MedicalData\kagglechallenge\Dermnet\test/Bullous Disease Photos/herpes-gestationis-8.jpg
3,E:\MedicalData\kagglechallenge\Dermnet\test/Bullous Disease Photos/localized-pemphigoid-1.jpg
3,E:\MedicalData\kagglechallenge\Dermnet\test/Bullous Disease Photos/localized-pemphigoid-2.jpg
3,E:\MedicalData\kagglechallenge\Dermnet\test/Bullous Disease Photos/localized-pemphigoid-3.jpg
3,E:\MedicalData\kagglechallenge\Dermnet\test/Bullous Disease Photos/pemphigus-12.jpg
3,E:\MedicalData\kagglechallenge\Dermnet\test/Bullous Disease Photos/pemphigus-25.jpg
3,E:\MedicalData\kagglechallenge\Dermnet\test/Bullous Disease Photos/pemphigus-26.jpg
3,E:\MedicalData\kagglechallenge\Dermnet\test/Bullous Disease Photos/pemphigus-3.jpg
3,E:\MedicalData\kagglechallenge\Dermnet\test/Bullous Disease Photos/pemphigus-30.jpg
3,E:\MedicalData\kagglechallenge\Dermnet\test/Bullous Disease Photos/pemphigus-40.jpg
3,E:\MedicalData\kagglechallenge\Dermnet\test/Bullous Disease Photos/pemphigus-45.jpg
3,E:\MedicalData\kagglechallenge\Dermnet\test/Bullous Disease Photos/pemphigus-51.jpg
3,E:\MedicalData\kagglechallenge\Dermnet\test/Bullous Disease Photos/pemphigus-92.jpg
3,E:\MedicalData\kagglechallenge\Dermnet\test/Bullous Disease Photos/pemphigus-95.jpg
3,E:\MedicalData\kagglechallenge\Dermnet\test/Bullous Disease Photos/pemphigus-98.jpg
3,E:\MedicalData\kagglechallenge\Dermnet\test/Bullous Disease Photos/pemphigus-foliaceous-12.jpg
3,E:\MedicalData\kagglechallenge\Dermnet\test/Bullous Disease Photos/pemphigus-foliaceous-26.jpg
3,E:\MedicalData\kagglechallenge\Dermnet\test/Bullous Disease Photos/pemphigus-foliaceous-5.jpg
4,E:\MedicalData\kagglechallenge\Dermnet\test/Cellulitis Impetigo and other Bacterial Infections/09cellulitis040306.jpg
4,E:\MedicalData\kagglechallenge\Dermnet\test/Cellulitis Impetigo and other Bacterial Infections/09EczemaStaph020217.jpg
4,E:\MedicalData\kagglechallenge\Dermnet\test/Cellulitis Impetigo and other Bacterial Infections/09Pseudomonfoll010106.jpg
4,E:\MedicalData\kagglechallenge\Dermnet\test/Cellulitis Impetigo and other Bacterial Infections/09Pseudomonfoll030106.jpg
4,E:\MedicalData\kagglechallenge\Dermnet\test/Cellulitis Impetigo and other Bacterial Infections/atypical-mycobacterium-1.jpg
4,E:\MedicalData\kagglechallenge\Dermnet\test/Cellulitis Impetigo and other Bacterial Infections/atypical-mycobacterium-13.jpg
4,E:\MedicalData\kagglechallenge\Dermnet\test/Cellulitis Impetigo and other Bacterial Infections/Balanitis-Bacterial-2.jpg
4,E:\MedicalData\kagglechallenge\Dermnet\test/Cellulitis Impetigo and other Bacterial Infections/Botryomycosis-Staph-1.jpg
4,E:\MedicalData\kagglechallenge\Dermnet\test/Cellulitis Impetigo and other Bacterial Infections/Cellulitis-1.jpg
4,E:\MedicalData\kagglechallenge\Dermnet\test/Cellulitis Impetigo and other Bacterial Infections/Cellulitis-10.jpg
4,E:\MedicalData\kagglechallenge\Dermnet\test/Cellulitis Impetigo and other Bacterial Infections/Cellulitis-11.jpg
4,E:\MedicalData\kagglechallenge\Dermnet\test/Cellulitis Impetigo and other Bacterial Infections/Cellulitis-12.jpg
4,E:\MedicalData\kagglechallenge\Dermnet\test/Cellulitis Impetigo and other Bacterial Infections/Cellulitis-3.jpg
4,E:\MedicalData\kagglechallenge\Dermnet\test/Cellulitis Impetigo and other Bacterial Infections/Ecthyma-2.jpg
4,E:\MedicalData\kagglechallenge\Dermnet\test/Cellulitis Impetigo and other Bacterial Infections/Erysipelas-4.jpg
4,E:\MedicalData\kagglechallenge\Dermnet\test/Cellulitis Impetigo and other Bacterial Infections/Erysipelas-6.jpg
4,E:\MedicalData\kagglechallenge\Dermnet\test/Cellulitis Impetigo and other Bacterial Infections/Erysipelas-7.jpg
4,E:\MedicalData\kagglechallenge\Dermnet\test/Cellulitis Impetigo and other Bacterial Infections/Erysipeloid-2.jpg
4,E:\MedicalData\kagglechallenge\Dermnet\test/Cellulitis Impetigo and other Bacterial Infections/Erysipeloid-4.jpg
4,E:\MedicalData\kagglechallenge\Dermnet\test/Cellulitis Impetigo and other Bacterial Infections/Folliculitis-1.jpg
4,E:\MedicalData\kagglechallenge\Dermnet\test/Cellulitis Impetigo and other Bacterial Infections/Folliculitis-15.jpg
4,E:\MedicalData\kagglechallenge\Dermnet\test/Cellulitis Impetigo and other Bacterial Infections/Folliculitis-24.jpg
4,E:\MedicalData\kagglechallenge\Dermnet\test/Cellulitis Impetigo and other Bacterial Infections/Folliculitis-27.jpg
4,E:\MedicalData\kagglechallenge\Dermnet\test/Cellulitis Impetigo and other Bacterial Infections/Furuncles-Carbuncles-10.jpg
4,E:\MedicalData\kagglechallenge\Dermnet\test/Cellulitis Impetigo and other Bacterial Infections/Furuncles-Carbuncles-16.jpg
4,E:\MedicalData\kagglechallenge\Dermnet\test/Cellulitis Impetigo and other Bacterial Infections/Furuncles-Carbuncles-21.jpg
4,E:\MedicalData\kagglechallenge\Dermnet\test/Cellulitis Impetigo and other Bacterial Infections/Furuncles-Carbuncles-8.jpg
4,E:\MedicalData\kagglechallenge\Dermnet\test/Cellulitis Impetigo and other Bacterial Infections/HotTubIMG001-GP3.jpg
4,E:\MedicalData\kagglechallenge\Dermnet\test/Cellulitis Impetigo and other Bacterial Infections/impetigo-1.jpg
4,E:\MedicalData\kagglechallenge\Dermnet\test/Cellulitis Impetigo and other Bacterial Infections/impetigo-32.jpg
4,E:\MedicalData\kagglechallenge\Dermnet\test/Cellulitis Impetigo and other Bacterial Infections/impetigo-4.jpg
4,E:\MedicalData\kagglechallenge\Dermnet\test/Cellulitis Impetigo and other Bacterial Infections/impetigo-40.jpg
4,E:\MedicalData\kagglechallenge\Dermnet\test/Cellulitis Impetigo and other Bacterial Infections/impetigo-43.jpg
4,E:\MedicalData\kagglechallenge\Dermnet\test/Cellulitis Impetigo and other Bacterial Infections/impetigo-44.jpg
4,E:\MedicalData\kagglechallenge\Dermnet\test/Cellulitis Impetigo and other Bacterial Infections/impetigo-50.jpg
4,E:\MedicalData\kagglechallenge\Dermnet\test/Cellulitis Impetigo and other Bacterial Infections/impetigo-55.jpg
4,E:\MedicalData\kagglechallenge\Dermnet\test/Cellulitis Impetigo and other Bacterial Infections/impetigo-58.jpg
4,E:\MedicalData\kagglechallenge\Dermnet\test/Cellulitis Impetigo and other Bacterial Infections/impetigo-61.jpg
4,E:\MedicalData\kagglechallenge\Dermnet\test/Cellulitis Impetigo and other Bacterial Infections/impetigo-64.jpg
4,E:\MedicalData\kagglechallenge\Dermnet\test/Cellulitis Impetigo and other Bacterial Infections/impetigo-73.jpg
4,E:\MedicalData\kagglechallenge\Dermnet\test/Cellulitis Impetigo and other Bacterial Infections/impetigo-8.jpg
4,E:\MedicalData\kagglechallenge\Dermnet\test/Cellulitis Impetigo and other Bacterial Infections/Leprosy-19.jpg
4,E:\MedicalData\kagglechallenge\Dermnet\test/Cellulitis Impetigo and other Bacterial Infections/Leprosy-5.jpg
4,E:\MedicalData\kagglechallenge\Dermnet\test/Cellulitis Impetigo and other Bacterial Infections/Leprosy-8.jpg
4,E:\MedicalData\kagglechallenge\Dermnet\test/Cellulitis Impetigo and other Bacterial Infections/meningococcemia-5.jpg
4,E:\MedicalData\kagglechallenge\Dermnet\test/Cellulitis Impetigo and other Bacterial Infections/otitis-externa-6.jpg
4,E:\MedicalData\kagglechallenge\Dermnet\test/Cellulitis Impetigo and other Bacterial Infections/pitted-keratolysis-4.jpg
4,E:\MedicalData\kagglechallenge\Dermnet\test/Cellulitis Impetigo and other Bacterial Infections/pitted-keratolysis-5.jpg
4,E:\MedicalData\kagglechallenge\Dermnet\test/Cellulitis Impetigo and other Bacterial Infections/Pseudomonas-Cellulitis-15.jpg
4,E:\MedicalData\kagglechallenge\Dermnet\test/Cellulitis Impetigo and other Bacterial Infections/Pseudomonas-Cellulitis-16.jpg
4,E:\MedicalData\kagglechallenge\Dermnet\test/Cellulitis Impetigo and other Bacterial Infections/Pseudomonas-Cellulitis-21.jpg
4,E:\MedicalData\kagglechallenge\Dermnet\test/Cellulitis Impetigo and other Bacterial Infections/Pseudomonas-Cellulitis-24.jpg
4,E:\MedicalData\kagglechallenge\Dermnet\test/Cellulitis Impetigo and other Bacterial Infections/Pseudomonas-Cellulitis-34.jpg
4,E:\MedicalData\kagglechallenge\Dermnet\test/Cellulitis Impetigo and other Bacterial Infections/Pseudomonas-Cellulitis-35.jpg
4,E:\MedicalData\kagglechallenge\Dermnet\test/Cellulitis Impetigo and other Bacterial Infections/Pseudomonas-Cellulitis-5.jpg
4,E:\MedicalData\kagglechallenge\Dermnet\test/Cellulitis Impetigo and other Bacterial Infections/Pseudomonas-Cellulitis-9.jpg
4,E:\MedicalData\kagglechallenge\Dermnet\test/Cellulitis Impetigo and other Bacterial Infections/Pseudomonas-Folliculitis-0018.jpg
4,E:\MedicalData\kagglechallenge\Dermnet\test/Cellulitis Impetigo and other Bacterial Infections/Pseudomonas-Folliculitis-13.jpg
4,E:\MedicalData\kagglechallenge\Dermnet\test/Cellulitis Impetigo and other Bacterial Infections/Pseudomonas-Folliculitis-2.jpg
4,E:\MedicalData\kagglechallenge\Dermnet\test/Cellulitis Impetigo and other Bacterial Infections/Staphylococcal-Folliculitis-14.jpg
4,E:\MedicalData\kagglechallenge\Dermnet\test/Cellulitis Impetigo and other Bacterial Infections/Staphylococcal-Folliculitis-18.jpg
4,E:\MedicalData\kagglechallenge\Dermnet\test/Cellulitis Impetigo and other Bacterial Infections/Staphylococcal-Folliculitis-20.jpg
4,E:\MedicalData\kagglechallenge\Dermnet\test/Cellulitis Impetigo and other Bacterial Infections/Staphylococcal-Folliculitis-28.jpg
4,E:\MedicalData\kagglechallenge\Dermnet\test/Cellulitis Impetigo and other Bacterial Infections/Staphylococcal-Folliculitis-30.jpg
4,E:\MedicalData\kagglechallenge\Dermnet\test/Cellulitis Impetigo and other Bacterial Infections/Staphylococcal-Folliculitis-31.jpg
4,E:\MedicalData\kagglechallenge\Dermnet\test/Cellulitis Impetigo and other Bacterial Infections/Staphylococcal-Folliculitis-4.jpg
4,E:\MedicalData\kagglechallenge\Dermnet\test/Cellulitis Impetigo and other Bacterial Infections/Staphylococcal-Folliculitis-7.jpg
4,E:\MedicalData\kagglechallenge\Dermnet\test/Cellulitis Impetigo and other Bacterial Infections/Streptococci-Anal-Penis-5.jpg
4,E:\MedicalData\kagglechallenge\Dermnet\test/Cellulitis Impetigo and other Bacterial Infections/Sycosis-Barbae-20.jpg
5,E:\MedicalData\kagglechallenge\Dermnet\test/Eczema Photos/03dermatitisDrug112205.jpg
5,E:\MedicalData\kagglechallenge\Dermnet\test/Eczema Photos/03dermatitisDrug1122051.jpg
5,E:\MedicalData\kagglechallenge\Dermnet\test/Eczema Photos/03DermatitisLids1.jpg
5,E:\MedicalData\kagglechallenge\Dermnet\test/Eczema Photos/05hyperkeratosis01010.jpg
5,E:\MedicalData\kagglechallenge\Dermnet\test/Eczema Photos/chapped-fissured-feet-13.jpg
5,E:\MedicalData\kagglechallenge\Dermnet\test/Eczema Photos/chapped-fissured-feet-2.jpg
5,E:\MedicalData\kagglechallenge\Dermnet\test/Eczema Photos/chapped-fissured-feet-27.jpg
5,E:\MedicalData\kagglechallenge\Dermnet\test/Eczema Photos/chapped-fissured-feet-33.jpg
5,E:\MedicalData\kagglechallenge\Dermnet\test/Eczema Photos/desquamation-4.jpg
5,E:\MedicalData\kagglechallenge\Dermnet\test/Eczema Photos/Dyshidrosis-13.jpg
5,E:\MedicalData\kagglechallenge\Dermnet\test/Eczema Photos/Dyshidrosis-14.jpg
5,E:\MedicalData\kagglechallenge\Dermnet\test/Eczema Photos/Dyshidrosis-2.jpg
5,E:\MedicalData\kagglechallenge\Dermnet\test/Eczema Photos/Dyshidrosis-3.jpg
5,E:\MedicalData\kagglechallenge\Dermnet\test/Eczema Photos/Dyshidrosis-31.jpg
5,E:\MedicalData\kagglechallenge\Dermnet\test/Eczema Photos/Dyshidrosis-47.jpg
5,E:\MedicalData\kagglechallenge\Dermnet\test/Eczema Photos/Dyshidrosis-5.jpg
5,E:\MedicalData\kagglechallenge\Dermnet\test/Eczema Photos/Dyshidrosis-54.jpg
5,E:\MedicalData\kagglechallenge\Dermnet\test/Eczema Photos/Dyshidrosis-8.jpg
5,E:\MedicalData\kagglechallenge\Dermnet\test/Eczema Photos/eczema-acute-4.jpg
5,E:\MedicalData\kagglechallenge\Dermnet\test/Eczema Photos/eczema-areola-13.jpg
5,E:\MedicalData\kagglechallenge\Dermnet\test/Eczema Photos/eczema-areola-18.jpg
5,E:\MedicalData\kagglechallenge\Dermnet\test/Eczema Photos/eczema-areola-21.jpg
5,E:\MedicalData\kagglechallenge\Dermnet\test/Eczema Photos/eczema-arms-10.jpg
5,E:\MedicalData\kagglechallenge\Dermnet\test/Eczema Photos/eczema-arms-4.jpg
5,E:\MedicalData\kagglechallenge\Dermnet\test/Eczema Photos/eczema-arms-6.jpg
5,E:\MedicalData\kagglechallenge\Dermnet\test/Eczema Photos/eczema-arms-8.jpg
5,E:\MedicalData\kagglechallenge\Dermnet\test/Eczema Photos/eczema-arms-9.jpg
5,E:\MedicalData\kagglechallenge\Dermnet\test/Eczema Photos/eczema-asteatotic-10.jpg
5,E:\MedicalData\kagglechallenge\Dermnet\test/Eczema Photos/eczema-asteatotic-24.jpg
5,E:\MedicalData\kagglechallenge\Dermnet\test/Eczema Photos/eczema-asteatotic-32.jpg
5,E:\MedicalData\kagglechallenge\Dermnet\test/Eczema Photos/eczema-asteatotic-34.jpg
5,E:\MedicalData\kagglechallenge\Dermnet\test/Eczema Photos/eczema-asteatotic-35.jpg
5,E:\MedicalData\kagglechallenge\Dermnet\test/Eczema Photos/eczema-asteatotic-37.jpg
5,E:\MedicalData\kagglechallenge\Dermnet\test/Eczema Photos/eczema-asteatotic-38.jpg
5,E:\MedicalData\kagglechallenge\Dermnet\test/Eczema Photos/eczema-asteatotic-53.jpg
5,E:\MedicalData\kagglechallenge\Dermnet\test/Eczema Photos/eczema-axillae-1.jpg
5,E:\MedicalData\kagglechallenge\Dermnet\test/Eczema Photos/eczema-chronic-1.jpg
5,E:\MedicalData\kagglechallenge\Dermnet\test/Eczema Photos/eczema-chronic-15.jpg
5,E:\MedicalData\kagglechallenge\Dermnet\test/Eczema Photos/eczema-chronic-2.jpg
5,E:\MedicalData\kagglechallenge\Dermnet\test/Eczema Photos/eczema-chronic-20.jpg
5,E:\MedicalData\kagglechallenge\Dermnet\test/Eczema Photos/eczema-chronic-25.jpg
5,E:\MedicalData\kagglechallenge\Dermnet\test/Eczema Photos/eczema-chronic-29.jpg
5,E:\MedicalData\kagglechallenge\Dermnet\test/Eczema Photos/eczema-chronic-36.jpg
5,E:\MedicalData\kagglechallenge\Dermnet\test/Eczema Photos/eczema-chronic-39.jpg
5,E:\MedicalData\kagglechallenge\Dermnet\test/Eczema Photos/eczema-chronic-4.jpg
5,E:\MedicalData\kagglechallenge\Dermnet\test/Eczema Photos/eczema-chronic-42.jpg
5,E:\MedicalData\kagglechallenge\Dermnet\test/Eczema Photos/eczema-chronic-50.jpg
5,E:\MedicalData\kagglechallenge\Dermnet\test/Eczema Photos/eczema-chronic-55.jpg
5,E:\MedicalData\kagglechallenge\Dermnet\test/Eczema Photos/eczema-ears-1.jpg
5,E:\MedicalData\kagglechallenge\Dermnet\test/Eczema Photos/eczema-ears-2.jpg
5,E:\MedicalData\kagglechallenge\Dermnet\test/Eczema Photos/eczema-face-8.jpg
5,E:\MedicalData\kagglechallenge\Dermnet\test/Eczema Photos/eczema-fingertips-10.jpg
5,E:\MedicalData\kagglechallenge\Dermnet\test/Eczema Photos/eczema-fingertips-101.jpg
5,E:\MedicalData\kagglechallenge\Dermnet\test/Eczema Photos/eczema-fingertips-104.jpg
5,E:\MedicalData\kagglechallenge\Dermnet\test/Eczema Photos/eczema-fingertips-109.jpg
5,E:\MedicalData\kagglechallenge\Dermnet\test/Eczema Photos/eczema-fingertips-114.jpg
5,E:\MedicalData\kagglechallenge\Dermnet\test/Eczema Photos/eczema-fingertips-117.jpg
5,E:\MedicalData\kagglechallenge\Dermnet\test/Eczema Photos/eczema-fingertips-129.jpg
5,E:\MedicalData\kagglechallenge\Dermnet\test/Eczema Photos/eczema-fingertips-136.jpg
5,E:\MedicalData\kagglechallenge\Dermnet\test/Eczema Photos/eczema-fingertips-142.jpg
5,E:\MedicalData\kagglechallenge\Dermnet\test/Eczema Photos/eczema-fingertips-144.jpg
5,E:\MedicalData\kagglechallenge\Dermnet\test/Eczema Photos/eczema-fingertips-25.jpg
5,E:\MedicalData\kagglechallenge\Dermnet\test/Eczema Photos/eczema-fingertips-27.jpg
5,E:\MedicalData\kagglechallenge\Dermnet\test/Eczema Photos/eczema-fingertips-29.jpg
5,E:\MedicalData\kagglechallenge\Dermnet\test/Eczema Photos/eczema-fingertips-30.jpg
5,E:\MedicalData\kagglechallenge\Dermnet\test/Eczema Photos/eczema-fingertips-31.jpg
5,E:\MedicalData\kagglechallenge\Dermnet\test/Eczema Photos/eczema-fingertips-42.jpg
5,E:\MedicalData\kagglechallenge\Dermnet\test/Eczema Photos/eczema-fingertips-50.jpg
5,E:\MedicalData\kagglechallenge\Dermnet\test/Eczema Photos/eczema-fingertips-56.jpg
5,E:\MedicalData\kagglechallenge\Dermnet\test/Eczema Photos/eczema-fingertips-58.jpg
5,E:\MedicalData\kagglechallenge\Dermnet\test/Eczema Photos/eczema-fingertips-61.jpg
5,E:\MedicalData\kagglechallenge\Dermnet\test/Eczema Photos/eczema-fingertips-65.jpg
5,E:\MedicalData\kagglechallenge\Dermnet\test/Eczema Photos/eczema-fingertips-67.jpg
5,E:\MedicalData\kagglechallenge\Dermnet\test/Eczema Photos/eczema-fingertips-71.jpg
5,E:\MedicalData\kagglechallenge\Dermnet\test/Eczema Photos/eczema-fingertips-72.jpg
5,E:\MedicalData\kagglechallenge\Dermnet\test/Eczema Photos/eczema-fingertips-84.jpg
5,E:\MedicalData\kagglechallenge\Dermnet\test/Eczema Photos/eczema-fingertips-91.jpg
5,E:\MedicalData\kagglechallenge\Dermnet\test/Eczema Photos/eczema-foot-100.jpg
5,E:\MedicalData\kagglechallenge\Dermnet\test/Eczema Photos/eczema-foot-101.jpg
5,E:\MedicalData\kagglechallenge\Dermnet\test/Eczema Photos/eczema-foot-32.jpg
5,E:\MedicalData\kagglechallenge\Dermnet\test/Eczema Photos/eczema-foot-33.jpg
5,E:\MedicalData\kagglechallenge\Dermnet\test/Eczema Photos/eczema-foot-38.jpg
5,E:\MedicalData\kagglechallenge\Dermnet\test/Eczema Photos/eczema-foot-41.jpg
5,E:\MedicalData\kagglechallenge\Dermnet\test/Eczema Photos/eczema-foot-42.jpg
5,E:\MedicalData\kagglechallenge\Dermnet\test/Eczema Photos/eczema-foot-51.jpg
5,E:\MedicalData\kagglechallenge\Dermnet\test/Eczema Photos/eczema-foot-56.jpg
5,E:\MedicalData\kagglechallenge\Dermnet\test/Eczema Photos/eczema-foot-58.jpg
5,E:\MedicalData\kagglechallenge\Dermnet\test/Eczema Photos/eczema-foot-65.jpg
5,E:\MedicalData\kagglechallenge\Dermnet\test/Eczema Photos/eczema-foot-66.jpg
5,E:\MedicalData\kagglechallenge\Dermnet\test/Eczema Photos/eczema-foot-84.jpg
5,E:\MedicalData\kagglechallenge\Dermnet\test/Eczema Photos/eczema-foot-87.jpg
5,E:\MedicalData\kagglechallenge\Dermnet\test/Eczema Photos/eczema-foot-91.jpg
5,E:\MedicalData\kagglechallenge\Dermnet\test/Eczema Photos/eczema-foot-99.jpg
5,E:\MedicalData\kagglechallenge\Dermnet\test/Eczema Photos/eczema-hand-107.jpg
5,E:\MedicalData\kagglechallenge\Dermnet\test/Eczema Photos/eczema-hand-116.jpg
5,E:\MedicalData\kagglechallenge\Dermnet\test/Eczema Photos/eczema-hand-12.jpg
5,E:\MedicalData\kagglechallenge\Dermnet\test/Eczema Photos/eczema-hand-125.jpg
5,E:\MedicalData\kagglechallenge\Dermnet\test/Eczema Photos/eczema-hand-129.jpg
5,E:\MedicalData\kagglechallenge\Dermnet\test/Eczema Photos/eczema-hand-138.jpg
5,E:\MedicalData\kagglechallenge\Dermnet\test/Eczema Photos/eczema-hand-139.jpg
5,E:\MedicalData\kagglechallenge\Dermnet\test/Eczema Photos/eczema-hand-147.jpg
5,E:\MedicalData\kagglechallenge\Dermnet\test/Eczema Photos/eczema-hand-150.jpg
5,E:\MedicalData\kagglechallenge\Dermnet\test/Eczema Photos/eczema-hand-152.jpg
5,E:\MedicalData\kagglechallenge\Dermnet\test/Eczema Photos/eczema-hand-157.jpg
5,E:\MedicalData\kagglechallenge\Dermnet\test/Eczema Photos/eczema-hand-177.jpg
5,E:\MedicalData\kagglechallenge\Dermnet\test/Eczema Photos/eczema-hand-181.jpg
5,E:\MedicalData\kagglechallenge\Dermnet\test/Eczema Photos/eczema-hand-192.jpg
5,E:\MedicalData\kagglechallenge\Dermnet\test/Eczema Photos/eczema-hand-87.jpg
5,E:\MedicalData\kagglechallenge\Dermnet\test/Eczema Photos/eczema-hand-89.jpg
5,E:\MedicalData\kagglechallenge\Dermnet\test/Eczema Photos/eczema-hand-94.jpg
5,E:\MedicalData\kagglechallenge\Dermnet\test/Eczema Photos/eczema-impetiginized-6.jpg
5,E:\MedicalData\kagglechallenge\Dermnet\test/Eczema Photos/eczema-impetiginized-8.jpg
5,E:\MedicalData\kagglechallenge\Dermnet\test/Eczema Photos/eczema-impetiginized-9.jpg
5,E:\MedicalData\kagglechallenge\Dermnet\test/Eczema Photos/eczema-leg-10.jpg
5,E:\MedicalData\kagglechallenge\Dermnet\test/Eczema Photos/eczema-leg-14.jpg
5,E:\MedicalData\kagglechallenge\Dermnet\test/Eczema Photos/eczema-leg-21.jpg
5,E:\MedicalData\kagglechallenge\Dermnet\test/Eczema Photos/eczema-leg-3.jpg
5,E:\MedicalData\kagglechallenge\Dermnet\test/Eczema Photos/eczema-lids-13.jpg
5,E:\MedicalData\kagglechallenge\Dermnet\test/Eczema Photos/eczema-nummular-100.jpg
5,E:\MedicalData\kagglechallenge\Dermnet\test/Eczema Photos/eczema-nummular-102.jpg
5,E:\MedicalData\kagglechallenge\Dermnet\test/Eczema Photos/eczema-nummular-103.jpg
5,E:\MedicalData\kagglechallenge\Dermnet\test/Eczema Photos/eczema-nummular-11.jpg
5,E:\MedicalData\kagglechallenge\Dermnet\test/Eczema Photos/eczema-nummular-112.jpg
5,E:\MedicalData\kagglechallenge\Dermnet\test/Eczema Photos/eczema-nummular-120.jpg
5,E:\MedicalData\kagglechallenge\Dermnet\test/Eczema Photos/eczema-nummular-127.jpg
5,E:\MedicalData\kagglechallenge\Dermnet\test/Eczema Photos/eczema-nummular-129.jpg
5,E:\MedicalData\kagglechallenge\Dermnet\test/Eczema Photos/eczema-nummular-133.jpg
5,E:\MedicalData\kagglechallenge\Dermnet\test/Eczema Photos/eczema-nummular-137.jpg
5,E:\MedicalData\kagglechallenge\Dermnet\test/Eczema Photos/eczema-nummular-140.jpg
5,E:\MedicalData\kagglechallenge\Dermnet\test/Eczema Photos/eczema-nummular-142.jpg
5,E:\MedicalData\kagglechallenge\Dermnet\test/Eczema Photos/eczema-nummular-147.jpg
5,E:\MedicalData\kagglechallenge\Dermnet\test/Eczema Photos/eczema-nummular-157.jpg
5,E:\MedicalData\kagglechallenge\Dermnet\test/Eczema Photos/eczema-nummular-163.jpg
5,E:\MedicalData\kagglechallenge\Dermnet\test/Eczema Photos/eczema-nummular-170.jpg
5,E:\MedicalData\kagglechallenge\Dermnet\test/Eczema Photos/eczema-nummular-179.jpg
5,E:\MedicalData\kagglechallenge\Dermnet\test/Eczema Photos/eczema-nummular-195.jpg
5,E:\MedicalData\kagglechallenge\Dermnet\test/Eczema Photos/eczema-nummular-202.jpg
5,E:\MedicalData\kagglechallenge\Dermnet\test/Eczema Photos/eczema-nummular-99.jpg
5,E:\MedicalData\kagglechallenge\Dermnet\test/Eczema Photos/eczema-subacute-101.jpg
5,E:\MedicalData\kagglechallenge\Dermnet\test/Eczema Photos/eczema-subacute-107.jpg
5,E:\MedicalData\kagglechallenge\Dermnet\test/Eczema Photos/eczema-subacute-110.jpg
5,E:\MedicalData\kagglechallenge\Dermnet\test/Eczema Photos/eczema-subacute-111.jpg
5,E:\MedicalData\kagglechallenge\Dermnet\test/Eczema Photos/eczema-subacute-15.jpg
5,E:\MedicalData\kagglechallenge\Dermnet\test/Eczema Photos/eczema-subacute-18.jpg
5,E:\MedicalData\kagglechallenge\Dermnet\test/Eczema Photos/eczema-subacute-2.jpg
5,E:\MedicalData\kagglechallenge\Dermnet\test/Eczema Photos/eczema-subacute-3.jpg
5,E:\MedicalData\kagglechallenge\Dermnet\test/Eczema Photos/eczema-subacute-30.jpg
5,E:\MedicalData\kagglechallenge\Dermnet\test/Eczema Photos/eczema-subacute-34.jpg
5,E:\MedicalData\kagglechallenge\Dermnet\test/Eczema Photos/eczema-subacute-38.jpg
5,E:\MedicalData\kagglechallenge\Dermnet\test/Eczema Photos/eczema-subacute-39.jpg
5,E:\MedicalData\kagglechallenge\Dermnet\test/Eczema Photos/eczema-subacute-61.jpg
5,E:\MedicalData\kagglechallenge\Dermnet\test/Eczema Photos/eczema-subacute-75.jpg
5,E:\MedicalData\kagglechallenge\Dermnet\test/Eczema Photos/eczema-subacute-83.jpg
5,E:\MedicalData\kagglechallenge\Dermnet\test/Eczema Photos/eczema-subacute-84.jpg
5,E:\MedicalData\kagglechallenge\Dermnet\test/Eczema Photos/eczema-subacute-85.jpg
5,E:\MedicalData\kagglechallenge\Dermnet\test/Eczema Photos/eczema-subacute-90.jpg
5,E:\MedicalData\kagglechallenge\Dermnet\test/Eczema Photos/eczema-trunk-generalized-22.jpg
5,E:\MedicalData\kagglechallenge\Dermnet\test/Eczema Photos/eczema-trunk-generalized-33.jpg
5,E:\MedicalData\kagglechallenge\Dermnet\test/Eczema Photos/eczema-trunk-generalized-7.jpg
5,E:\MedicalData\kagglechallenge\Dermnet\test/Eczema Photos/eczema-vulva-1.jpg
5,E:\MedicalData\kagglechallenge\Dermnet\test/Eczema Photos/factitial-dermatitis-2.jpg
5,E:\MedicalData\kagglechallenge\Dermnet\test/Eczema Photos/factitial-dermatitis-3.jpg
5,E:\MedicalData\kagglechallenge\Dermnet\test/Eczema Photos/factitial-dermatitis-7.jpg
5,E:\MedicalData\kagglechallenge\Dermnet\test/Eczema Photos/factitial-dermatitis-9.jpg
5,E:\MedicalData\kagglechallenge\Dermnet\test/Eczema Photos/fiberglass-dermatitis-6.jpg
5,E:\MedicalData\kagglechallenge\Dermnet\test/Eczema Photos/fissure-2.jpg
5,E:\MedicalData\kagglechallenge\Dermnet\test/Eczema Photos/fissure-4.jpg
5,E:\MedicalData\kagglechallenge\Dermnet\test/Eczema Photos/fissure-5.jpg
5,E:\MedicalData\kagglechallenge\Dermnet\test/Eczema Photos/heels-dry-cracked-4.jpg
5,E:\MedicalData\kagglechallenge\Dermnet\test/Eczema Photos/id-reaction-1.jpg
5,E:\MedicalData\kagglechallenge\Dermnet\test/Eczema Photos/id-reaction-10.jpg
5,E:\MedicalData\kagglechallenge\Dermnet\test/Eczema Photos/id-reaction-7.jpg
5,E:\MedicalData\kagglechallenge\Dermnet\test/Eczema Photos/id-reaction-8.jpg
5,E:\MedicalData\kagglechallenge\Dermnet\test/Eczema Photos/iododerma-2.jpg
5,E:\MedicalData\kagglechallenge\Dermnet\test/Eczema Photos/keratolysis-exfoliativa-16.jpg
5,E:\MedicalData\kagglechallenge\Dermnet\test/Eczema Photos/keratolysis-exfoliativa-22.jpg
5,E:\MedicalData\kagglechallenge\Dermnet\test/Eczema Photos/keratolysis-exfoliativa-26.jpg
5,E:\MedicalData\kagglechallenge\Dermnet\test/Eczema Photos/keratolysis-exfoliativa-29.jpg
5,E:\MedicalData\kagglechallenge\Dermnet\test/Eczema Photos/keratolysis-exfoliativa-36.jpg
5,E:\MedicalData\kagglechallenge\Dermnet\test/Eczema Photos/keratolysis-exfoliativa-44.jpg
5,E:\MedicalData\kagglechallenge\Dermnet\test/Eczema Photos/keratolysis-exfoliativa-48.jpg
5,E:\MedicalData\kagglechallenge\Dermnet\test/Eczema Photos/keratolysis-exfoliativa-9.jpg
5,E:\MedicalData\kagglechallenge\Dermnet\test/Eczema Photos/lichen-simplex-chronicus-106.jpg
5,E:\MedicalData\kagglechallenge\Dermnet\test/Eczema Photos/lichen-simplex-chronicus-132.jpg
5,E:\MedicalData\kagglechallenge\Dermnet\test/Eczema Photos/lichen-simplex-chronicus-138.jpg
5,E:\MedicalData\kagglechallenge\Dermnet\test/Eczema Photos/lichen-simplex-chronicus-141.jpg
5,E:\MedicalData\kagglechallenge\Dermnet\test/Eczema Photos/lichen-simplex-chronicus-145.jpg
5,E:\MedicalData\kagglechallenge\Dermnet\test/Eczema Photos/lichen-simplex-chronicus-146.jpg
5,E:\MedicalData\kagglechallenge\Dermnet\test/Eczema Photos/lichen-simplex-chronicus-147.jpg
5,E:\MedicalData\kagglechallenge\Dermnet\test/Eczema Photos/lichen-simplex-chronicus-157.jpg
5,E:\MedicalData\kagglechallenge\Dermnet\test/Eczema Photos/lichen-simplex-chronicus-160.jpg
5,E:\MedicalData\kagglechallenge\Dermnet\test/Eczema Photos/lichen-simplex-chronicus-163.jpg
5,E:\MedicalData\kagglechallenge\Dermnet\test/Eczema Photos/lichen-simplex-chronicus-167.jpg
5,E:\MedicalData\kagglechallenge\Dermnet\test/Eczema Photos/lichen-simplex-chronicus-169.jpg
5,E:\MedicalData\kagglechallenge\Dermnet\test/Eczema Photos/lichen-simplex-chronicus-170.jpg
5,E:\MedicalData\kagglechallenge\Dermnet\test/Eczema Photos/lichen-simplex-chronicus-171.jpg
5,E:\MedicalData\kagglechallenge\Dermnet\test/Eczema Photos/lichen-simplex-chronicus-172.jpg
5,E:\MedicalData\kagglechallenge\Dermnet\test/Eczema Photos/lichen-simplex-chronicus-173.jpg
5,E:\MedicalData\kagglechallenge\Dermnet\test/Eczema Photos/lichen-simplex-chronicus-176.jpg
5,E:\MedicalData\kagglechallenge\Dermnet\test/Eczema Photos/lichen-simplex-chronicus-177.jpg
5,E:\MedicalData\kagglechallenge\Dermnet\test/Eczema Photos/lichen-simplex-chronicus-178.jpg
5,E:\MedicalData\kagglechallenge\Dermnet\test/Eczema Photos/lichen-simplex-chronicus-179.jpg
5,E:\MedicalData\kagglechallenge\Dermnet\test/Eczema Photos/lichen-simplex-chronicus-180.jpg
5,E:\MedicalData\kagglechallenge\Dermnet\test/Eczema Photos/lichen-simplex-chronicus-185.jpg
5,E:\MedicalData\kagglechallenge\Dermnet\test/Eczema Photos/lichen-simplex-chronicus-19.jpg
5,E:\MedicalData\kagglechallenge\Dermnet\test/Eczema Photos/lichen-simplex-chronicus-190.jpg
5,E:\MedicalData\kagglechallenge\Dermnet\test/Eczema Photos/lichen-simplex-chronicus-192.jpg
5,E:\MedicalData\kagglechallenge\Dermnet\test/Eczema Photos/lichen-simplex-chronicus-193.jpg
5,E:\MedicalData\kagglechallenge\Dermnet\test/Eczema Photos/lichen-simplex-chronicus-86.jpg
5,E:\MedicalData\kagglechallenge\Dermnet\test/Eczema Photos/lichen-simplex-chronicus-89.jpg
5,E:\MedicalData\kagglechallenge\Dermnet\test/Eczema Photos/lichen-simplex-chronicus-9.jpg
5,E:\MedicalData\kagglechallenge\Dermnet\test/Eczema Photos/lichen-simplex-chronicus-90.jpg
5,E:\MedicalData\kagglechallenge\Dermnet\test/Eczema Photos/lichen-simplex-chronicus-91.jpg
5,E:\MedicalData\kagglechallenge\Dermnet\test/Eczema Photos/lichen-simplex-chronicus-93.jpg
5,E:\MedicalData\kagglechallenge\Dermnet\test/Eczema Photos/lichen-simplex-chronicus-94.jpg
5,E:\MedicalData\kagglechallenge\Dermnet\test/Eczema Photos/lichen-simplex-chronicus-95.jpg
5,E:\MedicalData\kagglechallenge\Dermnet\test/Eczema Photos/maceration-2.jpg
5,E:\MedicalData\kagglechallenge\Dermnet\test/Eczema Photos/milroy-disease-4.jpg
5,E:\MedicalData\kagglechallenge\Dermnet\test/Eczema Photos/milroy-disease-6.jpg
5,E:\MedicalData\kagglechallenge\Dermnet\test/Eczema Photos/neurotic-excoriations-1.jpg
5,E:\MedicalData\kagglechallenge\Dermnet\test/Eczema Photos/neurotic-excoriations-13.jpg
5,E:\MedicalData\kagglechallenge\Dermnet\test/Eczema Photos/neurotic-excoriations-19.jpg
5,E:\MedicalData\kagglechallenge\Dermnet\test/Eczema Photos/neurotic-excoriations-22.jpg
5,E:\MedicalData\kagglechallenge\Dermnet\test/Eczema Photos/neurotic-excoriations-26.jpg
5,E:\MedicalData\kagglechallenge\Dermnet\test/Eczema Photos/neurotic-excoriations-27.jpg
5,E:\MedicalData\kagglechallenge\Dermnet\test/Eczema Photos/neurotic-excoriations-28.jpg
5,E:\MedicalData\kagglechallenge\Dermnet\test/Eczema Photos/neurotic-excoriations-3.jpg
5,E:\MedicalData\kagglechallenge\Dermnet\test/Eczema Photos/neurotic-excoriations-31.jpg
5,E:\MedicalData\kagglechallenge\Dermnet\test/Eczema Photos/neurotic-excoriations-34.jpg
5,E:\MedicalData\kagglechallenge\Dermnet\test/Eczema Photos/neurotic-excoriations-41.jpg
5,E:\MedicalData\kagglechallenge\Dermnet\test/Eczema Photos/neurotic-excoriations-44.jpg
5,E:\MedicalData\kagglechallenge\Dermnet\test/Eczema Photos/neurotic-excoriations-51.jpg
5,E:\MedicalData\kagglechallenge\Dermnet\test/Eczema Photos/neurotic-excoriations-63.jpg
5,E:\MedicalData\kagglechallenge\Dermnet\test/Eczema Photos/parasitosis-psychogenic-3.jpg
5,E:\MedicalData\kagglechallenge\Dermnet\test/Eczema Photos/parasitosis-psychogenic-4.jpg
5,E:\MedicalData\kagglechallenge\Dermnet\test/Eczema Photos/parasitosis-psychogenic-5.jpg
5,E:\MedicalData\kagglechallenge\Dermnet\test/Eczema Photos/phlebitis-superficial-4.jpg
5,E:\MedicalData\kagglechallenge\Dermnet\test/Eczema Photos/pompholyx-7.jpg
5,E:\MedicalData\kagglechallenge\Dermnet\test/Eczema Photos/pompholyx-9.jpg
5,E:\MedicalData\kagglechallenge\Dermnet\test/Eczema Photos/prurigo-nodularis-16.jpg
5,E:\MedicalData\kagglechallenge\Dermnet\test/Eczema Photos/prurigo-nodularis-22.jpg
5,E:\MedicalData\kagglechallenge\Dermnet\test/Eczema Photos/prurigo-nodularis-26.jpg
5,E:\MedicalData\kagglechallenge\Dermnet\test/Eczema Photos/prurigo-nodularis-32.jpg
5,E:\MedicalData\kagglechallenge\Dermnet\test/Eczema Photos/prurigo-nodularis-40.jpg
5,E:\MedicalData\kagglechallenge\Dermnet\test/Eczema Photos/prurigo-nodularis-44.jpg
5,E:\MedicalData\kagglechallenge\Dermnet\test/Eczema Photos/prurigo-nodularis-50.jpg
5,E:\MedicalData\kagglechallenge\Dermnet\test/Eczema Photos/prurigo-nodularis-9.jpg
5,E:\MedicalData\kagglechallenge\Dermnet\test/Eczema Photos/stasis-dermatitis-105.jpg
5,E:\MedicalData\kagglechallenge\Dermnet\test/Eczema Photos/stasis-dermatitis-115.jpg
5,E:\MedicalData\kagglechallenge\Dermnet\test/Eczema Photos/stasis-dermatitis-122.jpg
5,E:\MedicalData\kagglechallenge\Dermnet\test/Eczema Photos/stasis-dermatitis-135.jpg
5,E:\MedicalData\kagglechallenge\Dermnet\test/Eczema Photos/stasis-dermatitis-144.jpg
5,E:\MedicalData\kagglechallenge\Dermnet\test/Eczema Photos/stasis-dermatitis-145.jpg
5,E:\MedicalData\kagglechallenge\Dermnet\test/Eczema Photos/stasis-dermatitis-146.jpg
5,E:\MedicalData\kagglechallenge\Dermnet\test/Eczema Photos/stasis-dermatitis-156.jpg
5,E:\MedicalData\kagglechallenge\Dermnet\test/Eczema Photos/stasis-dermatitis-168.jpg
5,E:\MedicalData\kagglechallenge\Dermnet\test/Eczema Photos/stasis-dermatitis-170.jpg
5,E:\MedicalData\kagglechallenge\Dermnet\test/Eczema Photos/stasis-dermatitis-175.jpg
5,E:\MedicalData\kagglechallenge\Dermnet\test/Eczema Photos/stasis-dermatitis-183.jpg
5,E:\MedicalData\kagglechallenge\Dermnet\test/Eczema Photos/stasis-dermatitis-193.jpg
5,E:\MedicalData\kagglechallenge\Dermnet\test/Eczema Photos/stasis-dermatitis-195.jpg
5,E:\MedicalData\kagglechallenge\Dermnet\test/Eczema Photos/stasis-dermatitis-196.jpg
5,E:\MedicalData\kagglechallenge\Dermnet\test/Eczema Photos/stasis-dermatitis-2.jpg
5,E:\MedicalData\kagglechallenge\Dermnet\test/Eczema Photos/stasis-dermatitis-23.jpg
5,E:\MedicalData\kagglechallenge\Dermnet\test/Eczema Photos/stasis-dermatitis-79.jpg
5,E:\MedicalData\kagglechallenge\Dermnet\test/Eczema Photos/stasis-dermatitis-85.jpg
5,E:\MedicalData\kagglechallenge\Dermnet\test/Eczema Photos/stasis-dermatitis-92.jpg
5,E:\MedicalData\kagglechallenge\Dermnet\test/Eczema Photos/stasis-dermatitis-93.jpg
5,E:\MedicalData\kagglechallenge\Dermnet\test/Eczema Photos/stasis-dermatitis-97.jpg
6,E:\MedicalData\kagglechallenge\Dermnet\test/Exanthems and Drug Eruptions/14desquamationViral34-GP3.jpg
6,E:\MedicalData\kagglechallenge\Dermnet\test/Exanthems and Drug Eruptions/14desquamationViral341-GP3.jpg
6,E:\MedicalData\kagglechallenge\Dermnet\test/Exanthems and Drug Eruptions/14PostInfDesquam.jpg
6,E:\MedicalData\kagglechallenge\Dermnet\test/Exanthems and Drug Eruptions/cytomegalovirus-1.jpg
6,E:\MedicalData\kagglechallenge\Dermnet\test/Exanthems and Drug Eruptions/drug-eruptions-104.jpg
6,E:\MedicalData\kagglechallenge\Dermnet\test/Exanthems and Drug Eruptions/drug-eruptions-106.jpg
6,E:\MedicalData\kagglechallenge\Dermnet\test/Exanthems and Drug Eruptions/drug-eruptions-107.jpg
6,E:\MedicalData\kagglechallenge\Dermnet\test/Exanthems and Drug Eruptions/drug-eruptions-22.jpg
6,E:\MedicalData\kagglechallenge\Dermnet\test/Exanthems and Drug Eruptions/drug-eruptions-23.jpg
6,E:\MedicalData\kagglechallenge\Dermnet\test/Exanthems and Drug Eruptions/drug-eruptions-30.jpg
6,E:\MedicalData\kagglechallenge\Dermnet\test/Exanthems and Drug Eruptions/drug-eruptions-32.jpg
6,E:\MedicalData\kagglechallenge\Dermnet\test/Exanthems and Drug Eruptions/drug-eruptions-33.jpg
6,E:\MedicalData\kagglechallenge\Dermnet\test/Exanthems and Drug Eruptions/drug-eruptions-45.jpg
6,E:\MedicalData\kagglechallenge\Dermnet\test/Exanthems and Drug Eruptions/drug-eruptions-6.jpg
6,E:\MedicalData\kagglechallenge\Dermnet\test/Exanthems and Drug Eruptions/drug-eruptions-61.jpg
6,E:\MedicalData\kagglechallenge\Dermnet\test/Exanthems and Drug Eruptions/drug-eruptions-68.jpg
6,E:\MedicalData\kagglechallenge\Dermnet\test/Exanthems and Drug Eruptions/drug-eruptions-69.jpg
6,E:\MedicalData\kagglechallenge\Dermnet\test/Exanthems and Drug Eruptions/drug-eruptions-7.jpg
6,E:\MedicalData\kagglechallenge\Dermnet\test/Exanthems and Drug Eruptions/drug-eruptions-76.jpg
6,E:\MedicalData\kagglechallenge\Dermnet\test/Exanthems and Drug Eruptions/drug-eruptions-77.jpg
6,E:\MedicalData\kagglechallenge\Dermnet\test/Exanthems and Drug Eruptions/drug-eruptions-80.jpg
6,E:\MedicalData\kagglechallenge\Dermnet\test/Exanthems and Drug Eruptions/drug-eruptions-84.jpg
6,E:\MedicalData\kagglechallenge\Dermnet\test/Exanthems and Drug Eruptions/drug-eruptions-85.jpg
6,E:\MedicalData\kagglechallenge\Dermnet\test/Exanthems and Drug Eruptions/drug-eruptions-9.jpg
6,E:\MedicalData\kagglechallenge\Dermnet\test/Exanthems and Drug Eruptions/drug-eruptions-92.jpg
6,E:\MedicalData\kagglechallenge\Dermnet\test/Exanthems and Drug Eruptions/drug-eruptions-94.jpg
6,E:\MedicalData\kagglechallenge\Dermnet\test/Exanthems and Drug Eruptions/enterovirus-15.jpg
6,E:\MedicalData\kagglechallenge\Dermnet\test/Exanthems and Drug Eruptions/enterovirus-16.jpg
6,E:\MedicalData\kagglechallenge\Dermnet\test/Exanthems and Drug Eruptions/enterovirus-18.jpg
6,E:\MedicalData\kagglechallenge\Dermnet\test/Exanthems and Drug Eruptions/enterovirus-21.jpg
6,E:\MedicalData\kagglechallenge\Dermnet\test/Exanthems and Drug Eruptions/enterovirus-30.jpg
6,E:\MedicalData\kagglechallenge\Dermnet\test/Exanthems and Drug Eruptions/enterovirus-7.jpg
6,E:\MedicalData\kagglechallenge\Dermnet\test/Exanthems and Drug Eruptions/enterovirus-8.jpg
6,E:\MedicalData\kagglechallenge\Dermnet\test/Exanthems and Drug Eruptions/erythema-infectiosum-12.jpg
6,E:\MedicalData\kagglechallenge\Dermnet\test/Exanthems and Drug Eruptions/erythema-infectiosum-16.jpg
6,E:\MedicalData\kagglechallenge\Dermnet\test/Exanthems and Drug Eruptions/erythema-infectiosum-2.jpg
6,E:\MedicalData\kagglechallenge\Dermnet\test/Exanthems and Drug Eruptions/erythema-infectiosum-32.jpg
6,E:\MedicalData\kagglechallenge\Dermnet\test/Exanthems and Drug Eruptions/erythema-infectiosum-5.jpg
6,E:\MedicalData\kagglechallenge\Dermnet\test/Exanthems and Drug Eruptions/erythema-infectiosum-7.jpg
6,E:\MedicalData\kagglechallenge\Dermnet\test/Exanthems and Drug Eruptions/erythema-infectiosum-8.jpg
6,E:\MedicalData\kagglechallenge\Dermnet\test/Exanthems and Drug Eruptions/exfoliative-dermatitis-3.jpg
6,E:\MedicalData\kagglechallenge\Dermnet\test/Exanthems and Drug Eruptions/exfoliative-dermatitis-5.jpg
6,E:\MedicalData\kagglechallenge\Dermnet\test/Exanthems and Drug Eruptions/exfoliative-dermatitis-7.jpg
6,E:\MedicalData\kagglechallenge\Dermnet\test/Exanthems and Drug Eruptions/fixed-drug-eruption-17.jpg
6,E:\MedicalData\kagglechallenge\Dermnet\test/Exanthems and Drug Eruptions/fixed-drug-eruption-21.jpg
6,E:\MedicalData\kagglechallenge\Dermnet\test/Exanthems and Drug Eruptions/fixed-drug-eruption-31.jpg
6,E:\MedicalData\kagglechallenge\Dermnet\test/Exanthems and Drug Eruptions/fixed-drug-eruption-37.jpg
6,E:\MedicalData\kagglechallenge\Dermnet\test/Exanthems and Drug Eruptions/fixed-drug-eruption-47.jpg
6,E:\MedicalData\kagglechallenge\Dermnet\test/Exanthems and Drug Eruptions/fixed-drug-eruption-5.jpg
6,E:\MedicalData\kagglechallenge\Dermnet\test/Exanthems and Drug Eruptions/fixed-drug-eruption-55.jpg
6,E:\MedicalData\kagglechallenge\Dermnet\test/Exanthems and Drug Eruptions/fixed-drug-eruption-58.jpg
6,E:\MedicalData\kagglechallenge\Dermnet\test/Exanthems and Drug Eruptions/fixed-drug-eruption-60.jpg
6,E:\MedicalData\kagglechallenge\Dermnet\test/Exanthems and Drug Eruptions/fixed-drug-eruption-63.jpg
6,E:\MedicalData\kagglechallenge\Dermnet\test/Exanthems and Drug Eruptions/fixed-drug-eruption-65.jpg
6,E:\MedicalData\kagglechallenge\Dermnet\test/Exanthems and Drug Eruptions/fixed-drug-eruption-69.jpg
6,E:\MedicalData\kagglechallenge\Dermnet\test/Exanthems and Drug Eruptions/fixed-drug-eruption-70.jpg
6,E:\MedicalData\kagglechallenge\Dermnet\test/Exanthems and Drug Eruptions/fixed-drug-eruption-72.jpg
6,E:\MedicalData\kagglechallenge\Dermnet\test/Exanthems and Drug Eruptions/gianotti-crosti-10.jpg
6,E:\MedicalData\kagglechallenge\Dermnet\test/Exanthems and Drug Eruptions/gianotti-crosti-11.jpg
6,E:\MedicalData\kagglechallenge\Dermnet\test/Exanthems and Drug Eruptions/hand-foot-mouth-disease-12.jpg
6,E:\MedicalData\kagglechallenge\Dermnet\test/Exanthems and Drug Eruptions/hand-foot-mouth-disease-5.jpg
6,E:\MedicalData\kagglechallenge\Dermnet\test/Exanthems and Drug Eruptions/hand-foot-mouth-disease-9.jpg
6,E:\MedicalData\kagglechallenge\Dermnet\test/Exanthems and Drug Eruptions/kawasaki-syndrome-21.jpg
6,E:\MedicalData\kagglechallenge\Dermnet\test/Exanthems and Drug Eruptions/kawasaki-syndrome-4.jpg
6,E:\MedicalData\kagglechallenge\Dermnet\test/Exanthems and Drug Eruptions/minocycline-pigmentation-1.jpg
6,E:\MedicalData\kagglechallenge\Dermnet\test/Exanthems and Drug Eruptions/roseola-infantum-2.jpg
6,E:\MedicalData\kagglechallenge\Dermnet\test/Exanthems and Drug Eruptions/roseola-infantum-3.jpg
6,E:\MedicalData\kagglechallenge\Dermnet\test/Exanthems and Drug Eruptions/scarlet-fever-22.jpg
6,E:\MedicalData\kagglechallenge\Dermnet\test/Exanthems and Drug Eruptions/scarlet-fever-27.jpg
6,E:\MedicalData\kagglechallenge\Dermnet\test/Exanthems and Drug Eruptions/scarlet-fever-32.jpg
6,E:\MedicalData\kagglechallenge\Dermnet\test/Exanthems and Drug Eruptions/scarlet-fever-8.jpg
6,E:\MedicalData\kagglechallenge\Dermnet\test/Exanthems and Drug Eruptions/viral-exanthems-101.jpg
6,E:\MedicalData\kagglechallenge\Dermnet\test/Exanthems and Drug Eruptions/viral-exanthems-16.jpg
6,E:\MedicalData\kagglechallenge\Dermnet\test/Exanthems and Drug Eruptions/viral-exanthems-27.jpg
6,E:\MedicalData\kagglechallenge\Dermnet\test/Exanthems and Drug Eruptions/viral-exanthems-41.jpg
6,E:\MedicalData\kagglechallenge\Dermnet\test/Exanthems and Drug Eruptions/viral-exanthems-42.jpg
6,E:\MedicalData\kagglechallenge\Dermnet\test/Exanthems and Drug Eruptions/viral-exanthems-48.jpg
6,E:\MedicalData\kagglechallenge\Dermnet\test/Exanthems and Drug Eruptions/viral-exanthems-51.jpg
6,E:\MedicalData\kagglechallenge\Dermnet\test/Exanthems and Drug Eruptions/viral-exanthems-53.jpg
6,E:\MedicalData\kagglechallenge\Dermnet\test/Exanthems and Drug Eruptions/viral-exanthems-59.jpg
6,E:\MedicalData\kagglechallenge\Dermnet\test/Exanthems and Drug Eruptions/viral-exanthems-64.jpg
6,E:\MedicalData\kagglechallenge\Dermnet\test/Exanthems and Drug Eruptions/viral-exanthems-65.jpg
6,E:\MedicalData\kagglechallenge\Dermnet\test/Exanthems and Drug Eruptions/viral-exanthems-68.jpg
6,E:\MedicalData\kagglechallenge\Dermnet\test/Exanthems and Drug Eruptions/viral-exanthems-74.jpg
6,E:\MedicalData\kagglechallenge\Dermnet\test/Exanthems and Drug Eruptions/viral-exanthems-84.jpg
6,E:\MedicalData\kagglechallenge\Dermnet\test/Exanthems and Drug Eruptions/viral-exanthems-86.jpg
6,E:\MedicalData\kagglechallenge\Dermnet\test/Exanthems and Drug Eruptions/viral-exanthems-93.jpg
6,E:\MedicalData\kagglechallenge\Dermnet\test/Exanthems and Drug Eruptions/viral-exanthems-94.jpg
6,E:\MedicalData\kagglechallenge\Dermnet\test/Exanthems and Drug Eruptions/viral-exanthems-98.jpg
6,E:\MedicalData\kagglechallenge\Dermnet\test/Exanthems and Drug Eruptions/viral-exanthems-99.jpg
7,E:\MedicalData\kagglechallenge\Dermnet\test/Hair Loss Photos Alopecia and other Hair Diseases/acne-keloidalis-15.jpg
7,E:\MedicalData\kagglechallenge\Dermnet\test/Hair Loss Photos Alopecia and other Hair Diseases/acne-keloidalis-18.jpg
7,E:\MedicalData\kagglechallenge\Dermnet\test/Hair Loss Photos Alopecia and other Hair Diseases/acne-keloidalis-20.jpg
7,E:\MedicalData\kagglechallenge\Dermnet\test/Hair Loss Photos Alopecia and other Hair Diseases/acne-keloidalis-27.jpg
7,E:\MedicalData\kagglechallenge\Dermnet\test/Hair Loss Photos Alopecia and other Hair Diseases/acne-keloidalis-28.jpg
7,E:\MedicalData\kagglechallenge\Dermnet\test/Hair Loss Photos Alopecia and other Hair Diseases/acne-keloidalis-29.jpg
7,E:\MedicalData\kagglechallenge\Dermnet\test/Hair Loss Photos Alopecia and other Hair Diseases/acne-keloidalis-31.jpg
7,E:\MedicalData\kagglechallenge\Dermnet\test/Hair Loss Photos Alopecia and other Hair Diseases/acne-keloidalis-40.jpg
7,E:\MedicalData\kagglechallenge\Dermnet\test/Hair Loss Photos Alopecia and other Hair Diseases/acne-keloidalis-44.jpg
7,E:\MedicalData\kagglechallenge\Dermnet\test/Hair Loss Photos Alopecia and other Hair Diseases/acne-keloidalis-52.jpg
7,E:\MedicalData\kagglechallenge\Dermnet\test/Hair Loss Photos Alopecia and other Hair Diseases/acne-keloidalis-62.jpg
7,E:\MedicalData\kagglechallenge\Dermnet\test/Hair Loss Photos Alopecia and other Hair Diseases/alopecia-areata-103.jpg
7,E:\MedicalData\kagglechallenge\Dermnet\test/Hair Loss Photos Alopecia and other Hair Diseases/alopecia-areata-104.jpg
7,E:\MedicalData\kagglechallenge\Dermnet\test/Hair Loss Photos Alopecia and other Hair Diseases/alopecia-areata-18.jpg
7,E:\MedicalData\kagglechallenge\Dermnet\test/Hair Loss Photos Alopecia and other Hair Diseases/alopecia-areata-22.jpg
7,E:\MedicalData\kagglechallenge\Dermnet\test/Hair Loss Photos Alopecia and other Hair Diseases/alopecia-areata-23.jpg
7,E:\MedicalData\kagglechallenge\Dermnet\test/Hair Loss Photos Alopecia and other Hair Diseases/alopecia-areata-3.jpg
7,E:\MedicalData\kagglechallenge\Dermnet\test/Hair Loss Photos Alopecia and other Hair Diseases/alopecia-areata-33.jpg
7,E:\MedicalData\kagglechallenge\Dermnet\test/Hair Loss Photos Alopecia and other Hair Diseases/alopecia-areata-37.jpg
7,E:\MedicalData\kagglechallenge\Dermnet\test/Hair Loss Photos Alopecia and other Hair Diseases/alopecia-areata-40.jpg
7,E:\MedicalData\kagglechallenge\Dermnet\test/Hair Loss Photos Alopecia and other Hair Diseases/alopecia-areata-44.jpg
7,E:\MedicalData\kagglechallenge\Dermnet\test/Hair Loss Photos Alopecia and other Hair Diseases/alopecia-areata-52.jpg
7,E:\MedicalData\kagglechallenge\Dermnet\test/Hair Loss Photos Alopecia and other Hair Diseases/alopecia-areata-55.jpg
7,E:\MedicalData\kagglechallenge\Dermnet\test/Hair Loss Photos Alopecia and other Hair Diseases/alopecia-areata-58.jpg
7,E:\MedicalData\kagglechallenge\Dermnet\test/Hair Loss Photos Alopecia and other Hair Diseases/alopecia-areata-7.jpg
7,E:\MedicalData\kagglechallenge\Dermnet\test/Hair Loss Photos Alopecia and other Hair Diseases/alopecia-areata-73.jpg
7,E:\MedicalData\kagglechallenge\Dermnet\test/Hair Loss Photos Alopecia and other Hair Diseases/alopecia-areata-8.jpg
7,E:\MedicalData\kagglechallenge\Dermnet\test/Hair Loss Photos Alopecia and other Hair Diseases/alopecia-areata-92.jpg
7,E:\MedicalData\kagglechallenge\Dermnet\test/Hair Loss Photos Alopecia and other Hair Diseases/alopecia-areata-94.jpg
7,E:\MedicalData\kagglechallenge\Dermnet\test/Hair Loss Photos Alopecia and other Hair Diseases/androgenic-alopecia-men-1.jpg
7,E:\MedicalData\kagglechallenge\Dermnet\test/Hair Loss Photos Alopecia and other Hair Diseases/androgenic-alopecia-men-5.jpg
7,E:\MedicalData\kagglechallenge\Dermnet\test/Hair Loss Photos Alopecia and other Hair Diseases/androgenic-alopecia-women-5.jpg
7,E:\MedicalData\kagglechallenge\Dermnet\test/Hair Loss Photos Alopecia and other Hair Diseases/discoid-lupus-2.jpg
7,E:\MedicalData\kagglechallenge\Dermnet\test/Hair Loss Photos Alopecia and other Hair Diseases/dissecting-cellulitis-11.jpg
7,E:\MedicalData\kagglechallenge\Dermnet\test/Hair Loss Photos Alopecia and other Hair Diseases/dissecting-cellulitis-3.jpg
7,E:\MedicalData\kagglechallenge\Dermnet\test/Hair Loss Photos Alopecia and other Hair Diseases/dissecting-cellulitis-9.jpg
7,E:\MedicalData\kagglechallenge\Dermnet\test/Hair Loss Photos Alopecia and other Hair Diseases/folliculitis-decalvans-1.jpg
7,E:\MedicalData\kagglechallenge\Dermnet\test/Hair Loss Photos Alopecia and other Hair Diseases/folliculitis-decalvans-3.jpg
7,E:\MedicalData\kagglechallenge\Dermnet\test/Hair Loss Photos Alopecia and other Hair Diseases/hirsutism-2.jpg
7,E:\MedicalData\kagglechallenge\Dermnet\test/Hair Loss Photos Alopecia and other Hair Diseases/hot-comb-alopecia-1.jpg
7,E:\MedicalData\kagglechallenge\Dermnet\test/Hair Loss Photos Alopecia and other Hair Diseases/lichen-planopilaris-3.jpg
7,E:\MedicalData\kagglechallenge\Dermnet\test/Hair Loss Photos Alopecia and other Hair Diseases/lichen-planopilaris-4.jpg
7,E:\MedicalData\kagglechallenge\Dermnet\test/Hair Loss Photos Alopecia and other Hair Diseases/pili-torti-1.jpg
7,E:\MedicalData\kagglechallenge\Dermnet\test/Hair Loss Photos Alopecia and other Hair Diseases/pseudopelade-1.jpg
7,E:\MedicalData\kagglechallenge\Dermnet\test/Hair Loss Photos Alopecia and other Hair Diseases/pseudopelade-4.jpg
7,E:\MedicalData\kagglechallenge\Dermnet\test/Hair Loss Photos Alopecia and other Hair Diseases/telogen-effluvium-4.jpg
7,E:\MedicalData\kagglechallenge\Dermnet\test/Hair Loss Photos Alopecia and other Hair Diseases/telogen-effluvium-5.jpg
7,E:\MedicalData\kagglechallenge\Dermnet\test/Hair Loss Photos Alopecia and other Hair Diseases/telogen-effluvium-6.jpg
7,E:\MedicalData\kagglechallenge\Dermnet\test/Hair Loss Photos Alopecia and other Hair Diseases/trichorrhexis-nodosa-2.jpg
7,E:\MedicalData\kagglechallenge\Dermnet\test/Hair Loss Photos Alopecia and other Hair Diseases/trichotillomania-12.jpg
7,E:\MedicalData\kagglechallenge\Dermnet\test/Hair Loss Photos Alopecia and other Hair Diseases/trichotillomania-18.jpg
7,E:\MedicalData\kagglechallenge\Dermnet\test/Hair Loss Photos Alopecia and other Hair Diseases/trichotillomania-25.jpg
7,E:\MedicalData\kagglechallenge\Dermnet\test/Hair Loss Photos Alopecia and other Hair Diseases/trichotillomania-6.jpg
7,E:\MedicalData\kagglechallenge\Dermnet\test/Hair Loss Photos Alopecia and other Hair Diseases/tufted-folliculitis-5.jpg
8,E:\MedicalData\kagglechallenge\Dermnet\test/Herpes HPV and other STDs Photos/11herpesAnal0913041.jpg
8,E:\MedicalData\kagglechallenge\Dermnet\test/Herpes HPV and other STDs Photos/AIDS-1.jpg
8,E:\MedicalData\kagglechallenge\Dermnet\test/Herpes HPV and other STDs Photos/AIDS-12.jpg
8,E:\MedicalData\kagglechallenge\Dermnet\test/Herpes HPV and other STDs Photos/AIDS-19.jpg
8,E:\MedicalData\kagglechallenge\Dermnet\test/Herpes HPV and other STDs Photos/AIDS-2.jpg
8,E:\MedicalData\kagglechallenge\Dermnet\test/Herpes HPV and other STDs Photos/AIDS-22.jpg
8,E:\MedicalData\kagglechallenge\Dermnet\test/Herpes HPV and other STDs Photos/AIDS-26.jpg
8,E:\MedicalData\kagglechallenge\Dermnet\test/Herpes HPV and other STDs Photos/AIDS-28.jpg
8,E:\MedicalData\kagglechallenge\Dermnet\test/Herpes HPV and other STDs Photos/AIDS-31.jpg
8,E:\MedicalData\kagglechallenge\Dermnet\test/Herpes HPV and other STDs Photos/AIDS-4.jpg
8,E:\MedicalData\kagglechallenge\Dermnet\test/Herpes HPV and other STDs Photos/AIDS-49.jpg
8,E:\MedicalData\kagglechallenge\Dermnet\test/Herpes HPV and other STDs Photos/AIDS-50.jpg
8,E:\MedicalData\kagglechallenge\Dermnet\test/Herpes HPV and other STDs Photos/AIDS-54.jpg
8,E:\MedicalData\kagglechallenge\Dermnet\test/Herpes HPV and other STDs Photos/AIDS-6.jpg
8,E:\MedicalData\kagglechallenge\Dermnet\test/Herpes HPV and other STDs Photos/AIDS-9.jpg
8,E:\MedicalData\kagglechallenge\Dermnet\test/Herpes HPV and other STDs Photos/bacterial-vaginosis-2.jpg
8,E:\MedicalData\kagglechallenge\Dermnet\test/Herpes HPV and other STDs Photos/bacterial-vaginosis-3.jpg
8,E:\MedicalData\kagglechallenge\Dermnet\test/Herpes HPV and other STDs Photos/chancroid-2.jpg
8,E:\MedicalData\kagglechallenge\Dermnet\test/Herpes HPV and other STDs Photos/genital-herpes-simplex-3.jpg
8,E:\MedicalData\kagglechallenge\Dermnet\test/Herpes HPV and other STDs Photos/genital-herpes-simplex-7.jpg
8,E:\MedicalData\kagglechallenge\Dermnet\test/Herpes HPV and other STDs Photos/genital-ulcers-2.jpg
8,E:\MedicalData\kagglechallenge\Dermnet\test/Herpes HPV and other STDs Photos/genital-warts-10.jpg
8,E:\MedicalData\kagglechallenge\Dermnet\test/Herpes HPV and other STDs Photos/genital-warts-106.jpg
8,E:\MedicalData\kagglechallenge\Dermnet\test/Herpes HPV and other STDs Photos/genital-warts-112.jpg
8,E:\MedicalData\kagglechallenge\Dermnet\test/Herpes HPV and other STDs Photos/genital-warts-120.jpg
8,E:\MedicalData\kagglechallenge\Dermnet\test/Herpes HPV and other STDs Photos/genital-warts-122.jpg
8,E:\MedicalData\kagglechallenge\Dermnet\test/Herpes HPV and other STDs Photos/genital-warts-128.jpg
8,E:\MedicalData\kagglechallenge\Dermnet\test/Herpes HPV and other STDs Photos/genital-warts-129.jpg
8,E:\MedicalData\kagglechallenge\Dermnet\test/Herpes HPV and other STDs Photos/genital-warts-133.jpg
8,E:\MedicalData\kagglechallenge\Dermnet\test/Herpes HPV and other STDs Photos/genital-warts-21.jpg
8,E:\MedicalData\kagglechallenge\Dermnet\test/Herpes HPV and other STDs Photos/genital-warts-23.jpg
8,E:\MedicalData\kagglechallenge\Dermnet\test/Herpes HPV and other STDs Photos/genital-warts-25.jpg
8,E:\MedicalData\kagglechallenge\Dermnet\test/Herpes HPV and other STDs Photos/genital-warts-30.jpg
8,E:\MedicalData\kagglechallenge\Dermnet\test/Herpes HPV and other STDs Photos/genital-warts-38.jpg
8,E:\MedicalData\kagglechallenge\Dermnet\test/Herpes HPV and other STDs Photos/genital-warts-56.jpg
8,E:\MedicalData\kagglechallenge\Dermnet\test/Herpes HPV and other STDs Photos/genital-warts-57.jpg
8,E:\MedicalData\kagglechallenge\Dermnet\test/Herpes HPV and other STDs Photos/genital-warts-6.jpg
8,E:\MedicalData\kagglechallenge\Dermnet\test/Herpes HPV and other STDs Photos/genital-warts-73.jpg
8,E:\MedicalData\kagglechallenge\Dermnet\test/Herpes HPV and other STDs Photos/genital-warts-79.jpg
8,E:\MedicalData\kagglechallenge\Dermnet\test/Herpes HPV and other STDs Photos/genital-warts-84.jpg
8,E:\MedicalData\kagglechallenge\Dermnet\test/Herpes HPV and other STDs Photos/genital-warts-92.jpg
8,E:\MedicalData\kagglechallenge\Dermnet\test/Herpes HPV and other STDs Photos/genital-warts-93.jpg
8,E:\MedicalData\kagglechallenge\Dermnet\test/Herpes HPV and other STDs Photos/genital-warts-97.jpg
8,E:\MedicalData\kagglechallenge\Dermnet\test/Herpes HPV and other STDs Photos/gonorrhea-10.jpg
8,E:\MedicalData\kagglechallenge\Dermnet\test/Herpes HPV and other STDs Photos/herpes-type-2-primary-15.jpg
8,E:\MedicalData\kagglechallenge\Dermnet\test/Herpes HPV and other STDs Photos/herpes-type-2-primary-19.jpg
8,E:\MedicalData\kagglechallenge\Dermnet\test/Herpes HPV and other STDs Photos/herpes-type-2-primary-2.jpg
8,E:\MedicalData\kagglechallenge\Dermnet\test/Herpes HPV and other STDs Photos/herpes-type-2-primary-22.jpg
8,E:\MedicalData\kagglechallenge\Dermnet\test/Herpes HPV and other STDs Photos/herpes-type-2-primary-25.jpg
8,E:\MedicalData\kagglechallenge\Dermnet\test/Herpes HPV and other STDs Photos/herpes-type-2-primary-27.jpg
8,E:\MedicalData\kagglechallenge\Dermnet\test/Herpes HPV and other STDs Photos/herpes-type-2-primary-31.jpg
8,E:\MedicalData\kagglechallenge\Dermnet\test/Herpes HPV and other STDs Photos/herpes-type-2-primary-4.jpg
8,E:\MedicalData\kagglechallenge\Dermnet\test/Herpes HPV and other STDs Photos/herpes-type-2-primary-45.jpg
8,E:\MedicalData\kagglechallenge\Dermnet\test/Herpes HPV and other STDs Photos/herpes-type-2-primary-48.jpg
8,E:\MedicalData\kagglechallenge\Dermnet\test/Herpes HPV and other STDs Photos/herpes-type-2-primary-5.jpg
8,E:\MedicalData\kagglechallenge\Dermnet\test/Herpes HPV and other STDs Photos/herpes-type-2-primary-6.jpg
8,E:\MedicalData\kagglechallenge\Dermnet\test/Herpes HPV and other STDs Photos/herpes-type-2-recurrent-10.jpg
8,E:\MedicalData\kagglechallenge\Dermnet\test/Herpes HPV and other STDs Photos/herpes-type-2-recurrent-18.jpg
8,E:\MedicalData\kagglechallenge\Dermnet\test/Herpes HPV and other STDs Photos/herpes-type-2-recurrent-32.jpg
8,E:\MedicalData\kagglechallenge\Dermnet\test/Herpes HPV and other STDs Photos/herpes-type-2-recurrent-36.jpg
8,E:\MedicalData\kagglechallenge\Dermnet\test/Herpes HPV and other STDs Photos/molluscum-contagiosum-107.jpg
8,E:\MedicalData\kagglechallenge\Dermnet\test/Herpes HPV and other STDs Photos/molluscum-contagiosum-111.jpg
8,E:\MedicalData\kagglechallenge\Dermnet\test/Herpes HPV and other STDs Photos/molluscum-contagiosum-115.jpg
8,E:\MedicalData\kagglechallenge\Dermnet\test/Herpes HPV and other STDs Photos/molluscum-contagiosum-125.jpg
8,E:\MedicalData\kagglechallenge\Dermnet\test/Herpes HPV and other STDs Photos/molluscum-contagiosum-13.jpg
8,E:\MedicalData\kagglechallenge\Dermnet\test/Herpes HPV and other STDs Photos/molluscum-contagiosum-130.jpg
8,E:\MedicalData\kagglechallenge\Dermnet\test/Herpes HPV and other STDs Photos/molluscum-contagiosum-134.jpg
8,E:\MedicalData\kagglechallenge\Dermnet\test/Herpes HPV and other STDs Photos/molluscum-contagiosum-135.jpg
8,E:\MedicalData\kagglechallenge\Dermnet\test/Herpes HPV and other STDs Photos/molluscum-contagiosum-136.jpg
8,E:\MedicalData\kagglechallenge\Dermnet\test/Herpes HPV and other STDs Photos/molluscum-contagiosum-144.jpg
8,E:\MedicalData\kagglechallenge\Dermnet\test/Herpes HPV and other STDs Photos/molluscum-contagiosum-147.jpg
8,E:\MedicalData\kagglechallenge\Dermnet\test/Herpes HPV and other STDs Photos/molluscum-contagiosum-154.jpg
8,E:\MedicalData\kagglechallenge\Dermnet\test/Herpes HPV and other STDs Photos/molluscum-contagiosum-169.jpg
8,E:\MedicalData\kagglechallenge\Dermnet\test/Herpes HPV and other STDs Photos/molluscum-contagiosum-171.jpg
8,E:\MedicalData\kagglechallenge\Dermnet\test/Herpes HPV and other STDs Photos/molluscum-contagiosum-22.jpg
8,E:\MedicalData\kagglechallenge\Dermnet\test/Herpes HPV and other STDs Photos/molluscum-contagiosum-27.jpg
8,E:\MedicalData\kagglechallenge\Dermnet\test/Herpes HPV and other STDs Photos/molluscum-contagiosum-35.jpg
8,E:\MedicalData\kagglechallenge\Dermnet\test/Herpes HPV and other STDs Photos/molluscum-contagiosum-37.jpg
8,E:\MedicalData\kagglechallenge\Dermnet\test/Herpes HPV and other STDs Photos/molluscum-contagiosum-4.jpg
8,E:\MedicalData\kagglechallenge\Dermnet\test/Herpes HPV and other STDs Photos/molluscum-contagiosum-95.jpg
8,E:\MedicalData\kagglechallenge\Dermnet\test/Herpes HPV and other STDs Photos/molluscum-contagiosum-96.jpg
8,E:\MedicalData\kagglechallenge\Dermnet\test/Herpes HPV and other STDs Photos/pearly-penile-papules-1.jpg
8,E:\MedicalData\kagglechallenge\Dermnet\test/Herpes HPV and other STDs Photos/pearly-penile-papules-8.jpg
8,E:\MedicalData\kagglechallenge\Dermnet\test/Herpes HPV and other STDs Photos/pearly-penile-papules-9.jpg
8,E:\MedicalData\kagglechallenge\Dermnet\test/Herpes HPV and other STDs Photos/syphilis-1.jpg
8,E:\MedicalData\kagglechallenge\Dermnet\test/Herpes HPV and other STDs Photos/syphilis-12.jpg
8,E:\MedicalData\kagglechallenge\Dermnet\test/Herpes HPV and other STDs Photos/syphilis-21.jpg
8,E:\MedicalData\kagglechallenge\Dermnet\test/Herpes HPV and other STDs Photos/syphilis-6.jpg
8,E:\MedicalData\kagglechallenge\Dermnet\test/Herpes HPV and other STDs Photos/warts-genital-2.jpg
8,E:\MedicalData\kagglechallenge\Dermnet\test/Herpes HPV and other STDs Photos/warts-mouth-7.jpg
8,E:\MedicalData\kagglechallenge\Dermnet\test/Herpes HPV and other STDs Photos/warts-mouth-8.jpg
9,E:\MedicalData\kagglechallenge\Dermnet\test/Light Diseases and Disorders of Pigmentation/actinic-comedones-3.jpg
9,E:\MedicalData\kagglechallenge\Dermnet\test/Light Diseases and Disorders of Pigmentation/actinic-comedones-7.jpg
9,E:\MedicalData\kagglechallenge\Dermnet\test/Light Diseases and Disorders of Pigmentation/albinism-11.jpg
9,E:\MedicalData\kagglechallenge\Dermnet\test/Light Diseases and Disorders of Pigmentation/albinism-4.jpg
9,E:\MedicalData\kagglechallenge\Dermnet\test/Light Diseases and Disorders of Pigmentation/albinism-8.jpg
9,E:\MedicalData\kagglechallenge\Dermnet\test/Light Diseases and Disorders of Pigmentation/colloid-milia-5.jpg
9,E:\MedicalData\kagglechallenge\Dermnet\test/Light Diseases and Disorders of Pigmentation/colloid-milia-7.jpg
9,E:\MedicalData\kagglechallenge\Dermnet\test/Light Diseases and Disorders of Pigmentation/erythema-ab-igne-16.jpg
9,E:\MedicalData\kagglechallenge\Dermnet\test/Light Diseases and Disorders of Pigmentation/erythema-ab-igne-7.jpg
9,E:\MedicalData\kagglechallenge\Dermnet\test/Light Diseases and Disorders of Pigmentation/erythema-ab-igne-8.jpg
9,E:\MedicalData\kagglechallenge\Dermnet\test/Light Diseases and Disorders of Pigmentation/erythema-dyschromium-perstans-3.jpg
9,E:\MedicalData\kagglechallenge\Dermnet\test/Light Diseases and Disorders of Pigmentation/hydroa-aestivale-1.jpg
9,E:\MedicalData\kagglechallenge\Dermnet\test/Light Diseases and Disorders of Pigmentation/hydroa-aestivale-2.jpg
9,E:\MedicalData\kagglechallenge\Dermnet\test/Light Diseases and Disorders of Pigmentation/idiopathic-guttate-hypomelanosis-11.jpg
9,E:\MedicalData\kagglechallenge\Dermnet\test/Light Diseases and Disorders of Pigmentation/idiopathic-guttate-hypomelanosis-13.jpg
9,E:\MedicalData\kagglechallenge\Dermnet\test/Light Diseases and Disorders of Pigmentation/idiopathic-guttate-hypomelanosis-9.jpg
9,E:\MedicalData\kagglechallenge\Dermnet\test/Light Diseases and Disorders of Pigmentation/lentigo-adults-17.jpg
9,E:\MedicalData\kagglechallenge\Dermnet\test/Light Diseases and Disorders of Pigmentation/lentigo-adults-20.jpg
9,E:\MedicalData\kagglechallenge\Dermnet\test/Light Diseases and Disorders of Pigmentation/lentigo-adults-23.jpg
9,E:\MedicalData\kagglechallenge\Dermnet\test/Light Diseases and Disorders of Pigmentation/lentigo-adults-28.jpg
9,E:\MedicalData\kagglechallenge\Dermnet\test/Light Diseases and Disorders of Pigmentation/lentigo-adults-3.jpg
9,E:\MedicalData\kagglechallenge\Dermnet\test/Light Diseases and Disorders of Pigmentation/lentigo-adults-34.jpg
9,E:\MedicalData\kagglechallenge\Dermnet\test/Light Diseases and Disorders of Pigmentation/lentigo-adults-37.jpg
9,E:\MedicalData\kagglechallenge\Dermnet\test/Light Diseases and Disorders of Pigmentation/lentigo-adults-42.jpg
9,E:\MedicalData\kagglechallenge\Dermnet\test/Light Diseases and Disorders of Pigmentation/lentigo-adults-48.jpg
9,E:\MedicalData\kagglechallenge\Dermnet\test/Light Diseases and Disorders of Pigmentation/lentigo-adults-71.jpg
9,E:\MedicalData\kagglechallenge\Dermnet\test/Light Diseases and Disorders of Pigmentation/melasma-23.jpg
9,E:\MedicalData\kagglechallenge\Dermnet\test/Light Diseases and Disorders of Pigmentation/melasma-30.jpg
9,E:\MedicalData\kagglechallenge\Dermnet\test/Light Diseases and Disorders of Pigmentation/melasma-32.jpg
9,E:\MedicalData\kagglechallenge\Dermnet\test/Light Diseases and Disorders of Pigmentation/melasma-34.jpg
9,E:\MedicalData\kagglechallenge\Dermnet\test/Light Diseases and Disorders of Pigmentation/melasma-36.jpg
9,E:\MedicalData\kagglechallenge\Dermnet\test/Light Diseases and Disorders of Pigmentation/melasma-40.jpg
9,E:\MedicalData\kagglechallenge\Dermnet\test/Light Diseases and Disorders of Pigmentation/melasma-6.jpg
9,E:\MedicalData\kagglechallenge\Dermnet\test/Light Diseases and Disorders of Pigmentation/melasma-8.jpg
9,E:\MedicalData\kagglechallenge\Dermnet\test/Light Diseases and Disorders of Pigmentation/milia-1.jpg
9,E:\MedicalData\kagglechallenge\Dermnet\test/Light Diseases and Disorders of Pigmentation/milia-11.jpg
9,E:\MedicalData\kagglechallenge\Dermnet\test/Light Diseases and Disorders of Pigmentation/milia-3.jpg
9,E:\MedicalData\kagglechallenge\Dermnet\test/Light Diseases and Disorders of Pigmentation/milia-4.jpg
9,E:\MedicalData\kagglechallenge\Dermnet\test/Light Diseases and Disorders of Pigmentation/mongolian-spot-2.jpg
9,E:\MedicalData\kagglechallenge\Dermnet\test/Light Diseases and Disorders of Pigmentation/nevus-anemicus-10.jpg
9,E:\MedicalData\kagglechallenge\Dermnet\test/Light Diseases and Disorders of Pigmentation/nevus-anemicus-6.jpg
9,E:\MedicalData\kagglechallenge\Dermnet\test/Light Diseases and Disorders of Pigmentation/phototoxic-reactions-113.jpg
9,E:\MedicalData\kagglechallenge\Dermnet\test/Light Diseases and Disorders of Pigmentation/phototoxic-reactions-14.jpg
9,E:\MedicalData\kagglechallenge\Dermnet\test/Light Diseases and Disorders of Pigmentation/phototoxic-reactions-17.jpg
9,E:\MedicalData\kagglechallenge\Dermnet\test/Light Diseases and Disorders of Pigmentation/phototoxic-reactions-22.jpg
9,E:\MedicalData\kagglechallenge\Dermnet\test/Light Diseases and Disorders of Pigmentation/phototoxic-reactions-29.jpg
9,E:\MedicalData\kagglechallenge\Dermnet\test/Light Diseases and Disorders of Pigmentation/phototoxic-reactions-30.jpg
9,E:\MedicalData\kagglechallenge\Dermnet\test/Light Diseases and Disorders of Pigmentation/phototoxic-reactions-32.jpg
9,E:\MedicalData\kagglechallenge\Dermnet\test/Light Diseases and Disorders of Pigmentation/phototoxic-reactions-38.jpg
9,E:\MedicalData\kagglechallenge\Dermnet\test/Light Diseases and Disorders of Pigmentation/phototoxic-reactions-60.jpg
9,E:\MedicalData\kagglechallenge\Dermnet\test/Light Diseases and Disorders of Pigmentation/phototoxic-reactions-62.jpg
9,E:\MedicalData\kagglechallenge\Dermnet\test/Light Diseases and Disorders of Pigmentation/phototoxic-reactions-66.jpg
9,E:\MedicalData\kagglechallenge\Dermnet\test/Light Diseases and Disorders of Pigmentation/phototoxic-reactions-7.jpg
9,E:\MedicalData\kagglechallenge\Dermnet\test/Light Diseases and Disorders of Pigmentation/phototoxic-reactions-71.jpg
9,E:\MedicalData\kagglechallenge\Dermnet\test/Light Diseases and Disorders of Pigmentation/phototoxic-reactions-72.jpg
9,E:\MedicalData\kagglechallenge\Dermnet\test/Light Diseases and Disorders of Pigmentation/phototoxic-reactions-75.jpg
9,E:\MedicalData\kagglechallenge\Dermnet\test/Light Diseases and Disorders of Pigmentation/phototoxic-reactions-85.jpg
9,E:\MedicalData\kagglechallenge\Dermnet\test/Light Diseases and Disorders of Pigmentation/phototoxic-reactions-9.jpg
9,E:\MedicalData\kagglechallenge\Dermnet\test/Light Diseases and Disorders of Pigmentation/phototoxic-reactions-90.jpg
9,E:\MedicalData\kagglechallenge\Dermnet\test/Light Diseases and Disorders of Pigmentation/phototoxic-reactions-93.jpg
9,E:\MedicalData\kagglechallenge\Dermnet\test/Light Diseases and Disorders of Pigmentation/phototoxic-reactions-doxycycline-3.jpg
9,E:\MedicalData\kagglechallenge\Dermnet\test/Light Diseases and Disorders of Pigmentation/piebaldism-2.jpg
9,E:\MedicalData\kagglechallenge\Dermnet\test/Light Diseases and Disorders of Pigmentation/piebaldism-5.jpg
9,E:\MedicalData\kagglechallenge\Dermnet\test/Light Diseases and Disorders of Pigmentation/poikiloderma-civatte-4.jpg
9,E:\MedicalData\kagglechallenge\Dermnet\test/Light Diseases and Disorders of Pigmentation/poikiloderma-civatte-7.jpg
9,E:\MedicalData\kagglechallenge\Dermnet\test/Light Diseases and Disorders of Pigmentation/polymorphous-light-eruption-15.jpg
9,E:\MedicalData\kagglechallenge\Dermnet\test/Light Diseases and Disorders of Pigmentation/polymorphous-light-eruption-17.jpg
9,E:\MedicalData\kagglechallenge\Dermnet\test/Light Diseases and Disorders of Pigmentation/polymorphous-light-eruption-18.jpg
9,E:\MedicalData\kagglechallenge\Dermnet\test/Light Diseases and Disorders of Pigmentation/polymorphous-light-eruption-22.jpg
9,E:\MedicalData\kagglechallenge\Dermnet\test/Light Diseases and Disorders of Pigmentation/polymorphous-light-eruption-5.jpg
9,E:\MedicalData\kagglechallenge\Dermnet\test/Light Diseases and Disorders of Pigmentation/polymorphous-light-eruption-6.jpg
9,E:\MedicalData\kagglechallenge\Dermnet\test/Light Diseases and Disorders of Pigmentation/porphyrias-1.jpg
9,E:\MedicalData\kagglechallenge\Dermnet\test/Light Diseases and Disorders of Pigmentation/porphyrias-16.jpg
9,E:\MedicalData\kagglechallenge\Dermnet\test/Light Diseases and Disorders of Pigmentation/porphyrias-21.jpg
9,E:\MedicalData\kagglechallenge\Dermnet\test/Light Diseases and Disorders of Pigmentation/porphyrias-3.jpg
9,E:\MedicalData\kagglechallenge\Dermnet\test/Light Diseases and Disorders of Pigmentation/porphyrias-39.jpg
9,E:\MedicalData\kagglechallenge\Dermnet\test/Light Diseases and Disorders of Pigmentation/porphyrias-44.jpg
9,E:\MedicalData\kagglechallenge\Dermnet\test/Light Diseases and Disorders of Pigmentation/porphyrias-45.jpg
9,E:\MedicalData\kagglechallenge\Dermnet\test/Light Diseases and Disorders of Pigmentation/porphyrias-48.jpg
9,E:\MedicalData\kagglechallenge\Dermnet\test/Light Diseases and Disorders of Pigmentation/porphyrias-51.jpg
9,E:\MedicalData\kagglechallenge\Dermnet\test/Light Diseases and Disorders of Pigmentation/porphyrias-52.jpg
9,E:\MedicalData\kagglechallenge\Dermnet\test/Light Diseases and Disorders of Pigmentation/porphyrias-54.jpg
9,E:\MedicalData\kagglechallenge\Dermnet\test/Light Diseases and Disorders of Pigmentation/porphyrias-59.jpg
9,E:\MedicalData\kagglechallenge\Dermnet\test/Light Diseases and Disorders of Pigmentation/porphyrias-63.jpg
9,E:\MedicalData\kagglechallenge\Dermnet\test/Light Diseases and Disorders of Pigmentation/porphyrias-69.jpg
9,E:\MedicalData\kagglechallenge\Dermnet\test/Light Diseases and Disorders of Pigmentation/porphyrias-7.jpg
9,E:\MedicalData\kagglechallenge\Dermnet\test/Light Diseases and Disorders of Pigmentation/porphyrias-9.jpg
9,E:\MedicalData\kagglechallenge\Dermnet\test/Light Diseases and Disorders of Pigmentation/post-inflammatory-hyperpigmentation-3.jpg
9,E:\MedicalData\kagglechallenge\Dermnet\test/Light Diseases and Disorders of Pigmentation/pseudo-porphyria-10.jpg
9,E:\MedicalData\kagglechallenge\Dermnet\test/Light Diseases and Disorders of Pigmentation/pseudo-porphyria-2.jpg
9,E:\MedicalData\kagglechallenge\Dermnet\test/Light Diseases and Disorders of Pigmentation/sun-damaged-skin-102.jpg
9,E:\MedicalData\kagglechallenge\Dermnet\test/Light Diseases and Disorders of Pigmentation/sun-damaged-skin-105.jpg
9,E:\MedicalData\kagglechallenge\Dermnet\test/Light Diseases and Disorders of Pigmentation/sun-damaged-skin-107.jpg
9,E:\MedicalData\kagglechallenge\Dermnet\test/Light Diseases and Disorders of Pigmentation/sun-damaged-skin-108.jpg
9,E:\MedicalData\kagglechallenge\Dermnet\test/Light Diseases and Disorders of Pigmentation/sun-damaged-skin-112.jpg
9,E:\MedicalData\kagglechallenge\Dermnet\test/Light Diseases and Disorders of Pigmentation/sun-damaged-skin-113.jpg
9,E:\MedicalData\kagglechallenge\Dermnet\test/Light Diseases and Disorders of Pigmentation/sun-damaged-skin-12.jpg
9,E:\MedicalData\kagglechallenge\Dermnet\test/Light Diseases and Disorders of Pigmentation/sun-damaged-skin-125.jpg
9,E:\MedicalData\kagglechallenge\Dermnet\test/Light Diseases and Disorders of Pigmentation/sun-damaged-skin-126.jpg
9,E:\MedicalData\kagglechallenge\Dermnet\test/Light Diseases and Disorders of Pigmentation/sun-damaged-skin-127.jpg
9,E:\MedicalData\kagglechallenge\Dermnet\test/Light Diseases and Disorders of Pigmentation/sun-damaged-skin-129.jpg
9,E:\MedicalData\kagglechallenge\Dermnet\test/Light Diseases and Disorders of Pigmentation/sun-damaged-skin-27.jpg
9,E:\MedicalData\kagglechallenge\Dermnet\test/Light Diseases and Disorders of Pigmentation/sun-damaged-skin-3.jpg
9,E:\MedicalData\kagglechallenge\Dermnet\test/Light Diseases and Disorders of Pigmentation/sun-damaged-skin-35.jpg
9,E:\MedicalData\kagglechallenge\Dermnet\test/Light Diseases and Disorders of Pigmentation/sun-damaged-skin-36.jpg
9,E:\MedicalData\kagglechallenge\Dermnet\test/Light Diseases and Disorders of Pigmentation/sun-damaged-skin-38.jpg
9,E:\MedicalData\kagglechallenge\Dermnet\test/Light Diseases and Disorders of Pigmentation/sun-damaged-skin-46.jpg
9,E:\MedicalData\kagglechallenge\Dermnet\test/Light Diseases and Disorders of Pigmentation/sun-damaged-skin-51.jpg
9,E:\MedicalData\kagglechallenge\Dermnet\test/Light Diseases and Disorders of Pigmentation/sun-damaged-skin-52.jpg
9,E:\MedicalData\kagglechallenge\Dermnet\test/Light Diseases and Disorders of Pigmentation/sun-damaged-skin-7.jpg
9,E:\MedicalData\kagglechallenge\Dermnet\test/Light Diseases and Disorders of Pigmentation/sun-damaged-skin-72.jpg
9,E:\MedicalData\kagglechallenge\Dermnet\test/Light Diseases and Disorders of Pigmentation/sun-damaged-skin-73.jpg
9,E:\MedicalData\kagglechallenge\Dermnet\test/Light Diseases and Disorders of Pigmentation/sun-damaged-skin-75.jpg
9,E:\MedicalData\kagglechallenge\Dermnet\test/Light Diseases and Disorders of Pigmentation/sun-damaged-skin-80.jpg
9,E:\MedicalData\kagglechallenge\Dermnet\test/Light Diseases and Disorders of Pigmentation/sun-damaged-skin-90.jpg
9,E:\MedicalData\kagglechallenge\Dermnet\test/Light Diseases and Disorders of Pigmentation/vitiligo-11.jpg
9,E:\MedicalData\kagglechallenge\Dermnet\test/Light Diseases and Disorders of Pigmentation/vitiligo-15.jpg
9,E:\MedicalData\kagglechallenge\Dermnet\test/Light Diseases and Disorders of Pigmentation/vitiligo-17.jpg
9,E:\MedicalData\kagglechallenge\Dermnet\test/Light Diseases and Disorders of Pigmentation/vitiligo-20.jpg
9,E:\MedicalData\kagglechallenge\Dermnet\test/Light Diseases and Disorders of Pigmentation/vitiligo-26.jpg
9,E:\MedicalData\kagglechallenge\Dermnet\test/Light Diseases and Disorders of Pigmentation/vitiligo-35.jpg
9,E:\MedicalData\kagglechallenge\Dermnet\test/Light Diseases and Disorders of Pigmentation/vitiligo-36.jpg
9,E:\MedicalData\kagglechallenge\Dermnet\test/Light Diseases and Disorders of Pigmentation/vitiligo-4.jpg
9,E:\MedicalData\kagglechallenge\Dermnet\test/Light Diseases and Disorders of Pigmentation/vitiligo-40.jpg
9,E:\MedicalData\kagglechallenge\Dermnet\test/Light Diseases and Disorders of Pigmentation/vitiligo-44.jpg
9,E:\MedicalData\kagglechallenge\Dermnet\test/Light Diseases and Disorders of Pigmentation/vitiligo-53.jpg
9,E:\MedicalData\kagglechallenge\Dermnet\test/Light Diseases and Disorders of Pigmentation/vitiligo-54.jpg
9,E:\MedicalData\kagglechallenge\Dermnet\test/Light Diseases and Disorders of Pigmentation/weathering-nodules-5.jpg
10,E:\MedicalData\kagglechallenge\Dermnet\test/Lupus and other Connective Tissue diseases/acrocyanosis-1.jpg
10,E:\MedicalData\kagglechallenge\Dermnet\test/Lupus and other Connective Tissue diseases/chilblains-perniosis-17.jpg
10,E:\MedicalData\kagglechallenge\Dermnet\test/Lupus and other Connective Tissue diseases/chilblains-perniosis-39.jpg
10,E:\MedicalData\kagglechallenge\Dermnet\test/Lupus and other Connective Tissue diseases/chilblains-perniosis-43.jpg
10,E:\MedicalData\kagglechallenge\Dermnet\test/Lupus and other Connective Tissue diseases/crest-syndrome-16.jpg
10,E:\MedicalData\kagglechallenge\Dermnet\test/Lupus and other Connective Tissue diseases/crest-syndrome-19.jpg
10,E:\MedicalData\kagglechallenge\Dermnet\test/Lupus and other Connective Tissue diseases/crest-syndrome-22.jpg
10,E:\MedicalData\kagglechallenge\Dermnet\test/Lupus and other Connective Tissue diseases/crest-syndrome-27.jpg
10,E:\MedicalData\kagglechallenge\Dermnet\test/Lupus and other Connective Tissue diseases/crest-syndrome-29.jpg
10,E:\MedicalData\kagglechallenge\Dermnet\test/Lupus and other Connective Tissue diseases/crest-syndrome-30.jpg
10,E:\MedicalData\kagglechallenge\Dermnet\test/Lupus and other Connective Tissue diseases/crest-syndrome-41.jpg
10,E:\MedicalData\kagglechallenge\Dermnet\test/Lupus and other Connective Tissue diseases/crest-syndrome-42.jpg
10,E:\MedicalData\kagglechallenge\Dermnet\test/Lupus and other Connective Tissue diseases/crest-syndrome-44.jpg
10,E:\MedicalData\kagglechallenge\Dermnet\test/Lupus and other Connective Tissue diseases/crest-syndrome-8.jpg
10,E:\MedicalData\kagglechallenge\Dermnet\test/Lupus and other Connective Tissue diseases/dermatomyositis-24.jpg
10,E:\MedicalData\kagglechallenge\Dermnet\test/Lupus and other Connective Tissue diseases/dermatomyositis-25.jpg
10,E:\MedicalData\kagglechallenge\Dermnet\test/Lupus and other Connective Tissue diseases/dermatomyositis-30.jpg
10,E:\MedicalData\kagglechallenge\Dermnet\test/Lupus and other Connective Tissue diseases/dermatomyositis-31.jpg
10,E:\MedicalData\kagglechallenge\Dermnet\test/Lupus and other Connective Tissue diseases/dermatomyositis-37.jpg
10,E:\MedicalData\kagglechallenge\Dermnet\test/Lupus and other Connective Tissue diseases/dermatomyositis-41.jpg
10,E:\MedicalData\kagglechallenge\Dermnet\test/Lupus and other Connective Tissue diseases/dermatomyositis-45.jpg
10,E:\MedicalData\kagglechallenge\Dermnet\test/Lupus and other Connective Tissue diseases/dermatomyositis-58.jpg
10,E:\MedicalData\kagglechallenge\Dermnet\test/Lupus and other Connective Tissue diseases/dermatomyositis-9.jpg
10,E:\MedicalData\kagglechallenge\Dermnet\test/Lupus and other Connective Tissue diseases/erythromelalgia-1.jpg
10,E:\MedicalData\kagglechallenge\Dermnet\test/Lupus and other Connective Tissue diseases/erythromelalgia-5.jpg
10,E:\MedicalData\kagglechallenge\Dermnet\test/Lupus and other Connective Tissue diseases/erythromelalgia-6.jpg
10,E:\MedicalData\kagglechallenge\Dermnet\test/Lupus and other Connective Tissue diseases/lupus-acute-10.jpg
10,E:\MedicalData\kagglechallenge\Dermnet\test/Lupus and other Connective Tissue diseases/lupus-acute-11.jpg
10,E:\MedicalData\kagglechallenge\Dermnet\test/Lupus and other Connective Tissue diseases/lupus-acute-17.jpg
10,E:\MedicalData\kagglechallenge\Dermnet\test/Lupus and other Connective Tissue diseases/lupus-acute-31.jpg
10,E:\MedicalData\kagglechallenge\Dermnet\test/Lupus and other Connective Tissue diseases/lupus-acute-40.jpg
10,E:\MedicalData\kagglechallenge\Dermnet\test/Lupus and other Connective Tissue diseases/lupus-acute-43.jpg
10,E:\MedicalData\kagglechallenge\Dermnet\test/Lupus and other Connective Tissue diseases/lupus-acute-46.jpg
10,E:\MedicalData\kagglechallenge\Dermnet\test/Lupus and other Connective Tissue diseases/lupus-acute-57.jpg
10,E:\MedicalData\kagglechallenge\Dermnet\test/Lupus and other Connective Tissue diseases/lupus-acute-7.jpg
10,E:\MedicalData\kagglechallenge\Dermnet\test/Lupus and other Connective Tissue diseases/lupus-chronic-cutaneous-115.jpg
10,E:\MedicalData\kagglechallenge\Dermnet\test/Lupus and other Connective Tissue diseases/lupus-chronic-cutaneous-118.jpg
10,E:\MedicalData\kagglechallenge\Dermnet\test/Lupus and other Connective Tissue diseases/lupus-chronic-cutaneous-120.jpg
10,E:\MedicalData\kagglechallenge\Dermnet\test/Lupus and other Connective Tissue diseases/lupus-chronic-cutaneous-124.jpg
10,E:\MedicalData\kagglechallenge\Dermnet\test/Lupus and other Connective Tissue diseases/lupus-chronic-cutaneous-127.jpg
10,E:\MedicalData\kagglechallenge\Dermnet\test/Lupus and other Connective Tissue diseases/lupus-chronic-cutaneous-139.jpg
10,E:\MedicalData\kagglechallenge\Dermnet\test/Lupus and other Connective Tissue diseases/lupus-chronic-cutaneous-14.jpg
10,E:\MedicalData\kagglechallenge\Dermnet\test/Lupus and other Connective Tissue diseases/lupus-chronic-cutaneous-143.jpg
10,E:\MedicalData\kagglechallenge\Dermnet\test/Lupus and other Connective Tissue diseases/lupus-chronic-cutaneous-144.jpg
10,E:\MedicalData\kagglechallenge\Dermnet\test/Lupus and other Connective Tissue diseases/lupus-chronic-cutaneous-20.jpg
10,E:\MedicalData\kagglechallenge\Dermnet\test/Lupus and other Connective Tissue diseases/lupus-chronic-cutaneous-23.jpg
10,E:\MedicalData\kagglechallenge\Dermnet\test/Lupus and other Connective Tissue diseases/lupus-chronic-cutaneous-32.jpg
10,E:\MedicalData\kagglechallenge\Dermnet\test/Lupus and other Connective Tissue diseases/lupus-chronic-cutaneous-33.jpg
10,E:\MedicalData\kagglechallenge\Dermnet\test/Lupus and other Connective Tissue diseases/lupus-chronic-cutaneous-345.jpg
10,E:\MedicalData\kagglechallenge\Dermnet\test/Lupus and other Connective Tissue diseases/lupus-chronic-cutaneous-38.jpg
10,E:\MedicalData\kagglechallenge\Dermnet\test/Lupus and other Connective Tissue diseases/lupus-chronic-cutaneous-4.jpg
10,E:\MedicalData\kagglechallenge\Dermnet\test/Lupus and other Connective Tissue diseases/lupus-chronic-cutaneous-40.jpg
10,E:\MedicalData\kagglechallenge\Dermnet\test/Lupus and other Connective Tissue diseases/lupus-chronic-cutaneous-5.jpg
10,E:\MedicalData\kagglechallenge\Dermnet\test/Lupus and other Connective Tissue diseases/lupus-chronic-cutaneous-51.jpg
10,E:\MedicalData\kagglechallenge\Dermnet\test/Lupus and other Connective Tissue diseases/lupus-chronic-cutaneous-53.jpg
10,E:\MedicalData\kagglechallenge\Dermnet\test/Lupus and other Connective Tissue diseases/lupus-chronic-cutaneous-64.jpg
10,E:\MedicalData\kagglechallenge\Dermnet\test/Lupus and other Connective Tissue diseases/lupus-chronic-cutaneous-66.jpg
10,E:\MedicalData\kagglechallenge\Dermnet\test/Lupus and other Connective Tissue diseases/lupus-chronic-cutaneous-81.jpg
10,E:\MedicalData\kagglechallenge\Dermnet\test/Lupus and other Connective Tissue diseases/lupus-chronic-cutaneous-85.jpg
10,E:\MedicalData\kagglechallenge\Dermnet\test/Lupus and other Connective Tissue diseases/lupus-chronic-cutaneous-89.jpg
10,E:\MedicalData\kagglechallenge\Dermnet\test/Lupus and other Connective Tissue diseases/lupus-chronic-cutaneous-90.jpg
10,E:\MedicalData\kagglechallenge\Dermnet\test/Lupus and other Connective Tissue diseases/lupus-chronic-cutaneous-95.jpg
10,E:\MedicalData\kagglechallenge\Dermnet\test/Lupus and other Connective Tissue diseases/lupus-chronic-cutaneous-98.jpg
10,E:\MedicalData\kagglechallenge\Dermnet\test/Lupus and other Connective Tissue diseases/lupus-subacute-1.jpg
10,E:\MedicalData\kagglechallenge\Dermnet\test/Lupus and other Connective Tissue diseases/lupus-subacute-2.jpg
10,E:\MedicalData\kagglechallenge\Dermnet\test/Lupus and other Connective Tissue diseases/mixed-connective-tissue-disease-1.jpg
10,E:\MedicalData\kagglechallenge\Dermnet\test/Lupus and other Connective Tissue diseases/mixed-connective-tissue-disease-2.jpg
10,E:\MedicalData\kagglechallenge\Dermnet\test/Lupus and other Connective Tissue diseases/morphea-1.jpg
10,E:\MedicalData\kagglechallenge\Dermnet\test/Lupus and other Connective Tissue diseases/morphea-106.jpg
10,E:\MedicalData\kagglechallenge\Dermnet\test/Lupus and other Connective Tissue diseases/morphea-110.jpg
10,E:\MedicalData\kagglechallenge\Dermnet\test/Lupus and other Connective Tissue diseases/morphea-12.jpg
10,E:\MedicalData\kagglechallenge\Dermnet\test/Lupus and other Connective Tissue diseases/morphea-37.jpg
10,E:\MedicalData\kagglechallenge\Dermnet\test/Lupus and other Connective Tissue diseases/morphea-40.jpg
10,E:\MedicalData\kagglechallenge\Dermnet\test/Lupus and other Connective Tissue diseases/morphea-45.jpg
10,E:\MedicalData\kagglechallenge\Dermnet\test/Lupus and other Connective Tissue diseases/morphea-5.jpg
10,E:\MedicalData\kagglechallenge\Dermnet\test/Lupus and other Connective Tissue diseases/morphea-55.jpg
10,E:\MedicalData\kagglechallenge\Dermnet\test/Lupus and other Connective Tissue diseases/morphea-56.jpg
10,E:\MedicalData\kagglechallenge\Dermnet\test/Lupus and other Connective Tissue diseases/morphea-60.jpg
10,E:\MedicalData\kagglechallenge\Dermnet\test/Lupus and other Connective Tissue diseases/morphea-69.jpg
10,E:\MedicalData\kagglechallenge\Dermnet\test/Lupus and other Connective Tissue diseases/morphea-80.jpg
10,E:\MedicalData\kagglechallenge\Dermnet\test/Lupus and other Connective Tissue diseases/morphea-92.jpg
10,E:\MedicalData\kagglechallenge\Dermnet\test/Lupus and other Connective Tissue diseases/morphea-94.jpg
10,E:\MedicalData\kagglechallenge\Dermnet\test/Lupus and other Connective Tissue diseases/morphea-96.jpg
10,E:\MedicalData\kagglechallenge\Dermnet\test/Lupus and other Connective Tissue diseases/mucinosis-3.jpg
10,E:\MedicalData\kagglechallenge\Dermnet\test/Lupus and other Connective Tissue diseases/mucinosis-4.jpg
10,E:\MedicalData\kagglechallenge\Dermnet\test/Lupus and other Connective Tissue diseases/rheumatoid-nodule-8.jpg
10,E:\MedicalData\kagglechallenge\Dermnet\test/Lupus and other Connective Tissue diseases/rheumatoid-nodule-9.jpg
10,E:\MedicalData\kagglechallenge\Dermnet\test/Lupus and other Connective Tissue diseases/scleroderma-11.jpg
10,E:\MedicalData\kagglechallenge\Dermnet\test/Lupus and other Connective Tissue diseases/scleroderma-14.jpg
10,E:\MedicalData\kagglechallenge\Dermnet\test/Lupus and other Connective Tissue diseases/scleroderma-17.jpg
10,E:\MedicalData\kagglechallenge\Dermnet\test/Lupus and other Connective Tissue diseases/scleroderma-22.jpg
10,E:\MedicalData\kagglechallenge\Dermnet\test/Lupus and other Connective Tissue diseases/scleroderma-27.jpg
10,E:\MedicalData\kagglechallenge\Dermnet\test/Lupus and other Connective Tissue diseases/scleroderma-30.jpg
10,E:\MedicalData\kagglechallenge\Dermnet\test/Lupus and other Connective Tissue diseases/scleroderma-41.jpg
11,E:\MedicalData\kagglechallenge\Dermnet\test/Melanoma Skin Cancer Nevi and Moles/atypical-nevi-12.jpg
11,E:\MedicalData\kagglechallenge\Dermnet\test/Melanoma Skin Cancer Nevi and Moles/atypical-nevi-18.jpg
11,E:\MedicalData\kagglechallenge\Dermnet\test/Melanoma Skin Cancer Nevi and Moles/atypical-nevi-19.jpg
11,E:\MedicalData\kagglechallenge\Dermnet\test/Melanoma Skin Cancer Nevi and Moles/atypical-nevi-23.jpg
11,E:\MedicalData\kagglechallenge\Dermnet\test/Melanoma Skin Cancer Nevi and Moles/atypical-nevi-25.jpg
11,E:\MedicalData\kagglechallenge\Dermnet\test/Melanoma Skin Cancer Nevi and Moles/atypical-nevi-33.jpg
11,E:\MedicalData\kagglechallenge\Dermnet\test/Melanoma Skin Cancer Nevi and Moles/atypical-nevi-35.jpg
11,E:\MedicalData\kagglechallenge\Dermnet\test/Melanoma Skin Cancer Nevi and Moles/atypical-nevi-36.jpg
11,E:\MedicalData\kagglechallenge\Dermnet\test/Melanoma Skin Cancer Nevi and Moles/atypical-nevi-48.jpg
11,E:\MedicalData\kagglechallenge\Dermnet\test/Melanoma Skin Cancer Nevi and Moles/atypical-nevi-49.jpg
11,E:\MedicalData\kagglechallenge\Dermnet\test/Melanoma Skin Cancer Nevi and Moles/atypical-nevi-52.jpg
11,E:\MedicalData\kagglechallenge\Dermnet\test/Melanoma Skin Cancer Nevi and Moles/atypical-nevi-dermoscopy-101.jpg
11,E:\MedicalData\kagglechallenge\Dermnet\test/Melanoma Skin Cancer Nevi and Moles/atypical-nevi-dermoscopy-103.jpg
11,E:\MedicalData\kagglechallenge\Dermnet\test/Melanoma Skin Cancer Nevi and Moles/atypical-nevi-dermoscopy-106.jpg
11,E:\MedicalData\kagglechallenge\Dermnet\test/Melanoma Skin Cancer Nevi and Moles/atypical-nevi-dermoscopy-108.jpg
11,E:\MedicalData\kagglechallenge\Dermnet\test/Melanoma Skin Cancer Nevi and Moles/atypical-nevi-dermoscopy-109.jpg
11,E:\MedicalData\kagglechallenge\Dermnet\test/Melanoma Skin Cancer Nevi and Moles/atypical-nevi-dermoscopy-117.jpg
11,E:\MedicalData\kagglechallenge\Dermnet\test/Melanoma Skin Cancer Nevi and Moles/atypical-nevi-dermoscopy-60.jpg
11,E:\MedicalData\kagglechallenge\Dermnet\test/Melanoma Skin Cancer Nevi and Moles/atypical-nevi-dermoscopy-68.jpg
11,E:\MedicalData\kagglechallenge\Dermnet\test/Melanoma Skin Cancer Nevi and Moles/atypical-nevi-dermoscopy-77.jpg
11,E:\MedicalData\kagglechallenge\Dermnet\test/Melanoma Skin Cancer Nevi and Moles/atypical-nevi-dermoscopy-78.jpg
11,E:\MedicalData\kagglechallenge\Dermnet\test/Melanoma Skin Cancer Nevi and Moles/atypical-nevi-dermoscopy-81.jpg
11,E:\MedicalData\kagglechallenge\Dermnet\test/Melanoma Skin Cancer Nevi and Moles/atypical-nevi-dermoscopy-82.jpg
11,E:\MedicalData\kagglechallenge\Dermnet\test/Melanoma Skin Cancer Nevi and Moles/atypical-nevi-dermoscopy-95.jpg
11,E:\MedicalData\kagglechallenge\Dermnet\test/Melanoma Skin Cancer Nevi and Moles/atypical-nevi-trunk-17.jpg
11,E:\MedicalData\kagglechallenge\Dermnet\test/Melanoma Skin Cancer Nevi and Moles/atypical-nevi-trunk-18.jpg
11,E:\MedicalData\kagglechallenge\Dermnet\test/Melanoma Skin Cancer Nevi and Moles/atypical-nevi-trunk-2.jpg
11,E:\MedicalData\kagglechallenge\Dermnet\test/Melanoma Skin Cancer Nevi and Moles/atypical-nevi-trunk-9.jpg
11,E:\MedicalData\kagglechallenge\Dermnet\test/Melanoma Skin Cancer Nevi and Moles/becker-nevus-12.jpg
11,E:\MedicalData\kagglechallenge\Dermnet\test/Melanoma Skin Cancer Nevi and Moles/becker-nevus-14.jpg
11,E:\MedicalData\kagglechallenge\Dermnet\test/Melanoma Skin Cancer Nevi and Moles/becker-nevus-21.jpg
11,E:\MedicalData\kagglechallenge\Dermnet\test/Melanoma Skin Cancer Nevi and Moles/becker-nevus-32.jpg
11,E:\MedicalData\kagglechallenge\Dermnet\test/Melanoma Skin Cancer Nevi and Moles/becker-nevus-36.jpg
11,E:\MedicalData\kagglechallenge\Dermnet\test/Melanoma Skin Cancer Nevi and Moles/becker-nevus-4.jpg
11,E:\MedicalData\kagglechallenge\Dermnet\test/Melanoma Skin Cancer Nevi and Moles/becker-nevus-9.jpg
11,E:\MedicalData\kagglechallenge\Dermnet\test/Melanoma Skin Cancer Nevi and Moles/blue-nevus-7.jpg
11,E:\MedicalData\kagglechallenge\Dermnet\test/Melanoma Skin Cancer Nevi and Moles/blue-nevus-ota-1.jpg
11,E:\MedicalData\kagglechallenge\Dermnet\test/Melanoma Skin Cancer Nevi and Moles/blue-nevus-ota-4.jpg
11,E:\MedicalData\kagglechallenge\Dermnet\test/Melanoma Skin Cancer Nevi and Moles/congenital-nevus-19.jpg
11,E:\MedicalData\kagglechallenge\Dermnet\test/Melanoma Skin Cancer Nevi and Moles/congenital-nevus-21.jpg
11,E:\MedicalData\kagglechallenge\Dermnet\test/Melanoma Skin Cancer Nevi and Moles/congenital-nevus-23.jpg
11,E:\MedicalData\kagglechallenge\Dermnet\test/Melanoma Skin Cancer Nevi and Moles/congenital-nevus-24.jpg
11,E:\MedicalData\kagglechallenge\Dermnet\test/Melanoma Skin Cancer Nevi and Moles/congenital-nevus-30.jpg
11,E:\MedicalData\kagglechallenge\Dermnet\test/Melanoma Skin Cancer Nevi and Moles/congenital-nevus-35.jpg
11,E:\MedicalData\kagglechallenge\Dermnet\test/Melanoma Skin Cancer Nevi and Moles/congenital-nevus-57.jpg
11,E:\MedicalData\kagglechallenge\Dermnet\test/Melanoma Skin Cancer Nevi and Moles/congenital-nevus-9.jpg
11,E:\MedicalData\kagglechallenge\Dermnet\test/Melanoma Skin Cancer Nevi and Moles/halo-nevus-11.jpg
11,E:\MedicalData\kagglechallenge\Dermnet\test/Melanoma Skin Cancer Nevi and Moles/halo-nevus-17.jpg
11,E:\MedicalData\kagglechallenge\Dermnet\test/Melanoma Skin Cancer Nevi and Moles/halo-nevus-19.jpg
11,E:\MedicalData\kagglechallenge\Dermnet\test/Melanoma Skin Cancer Nevi and Moles/halo-nevus-21.jpg
11,E:\MedicalData\kagglechallenge\Dermnet\test/Melanoma Skin Cancer Nevi and Moles/halo-nevus-22.jpg
11,E:\MedicalData\kagglechallenge\Dermnet\test/Melanoma Skin Cancer Nevi and Moles/halo-nevus-27.jpg
11,E:\MedicalData\kagglechallenge\Dermnet\test/Melanoma Skin Cancer Nevi and Moles/halo-nevus-29.jpg
11,E:\MedicalData\kagglechallenge\Dermnet\test/Melanoma Skin Cancer Nevi and Moles/halo-nevus-32.jpg
11,E:\MedicalData\kagglechallenge\Dermnet\test/Melanoma Skin Cancer Nevi and Moles/lentigo-maligna-1.jpg
11,E:\MedicalData\kagglechallenge\Dermnet\test/Melanoma Skin Cancer Nevi and Moles/lentigo-maligna-11.jpg
11,E:\MedicalData\kagglechallenge\Dermnet\test/Melanoma Skin Cancer Nevi and Moles/lentigo-maligna-16.jpg
11,E:\MedicalData\kagglechallenge\Dermnet\test/Melanoma Skin Cancer Nevi and Moles/lentigo-maligna-26.jpg
11,E:\MedicalData\kagglechallenge\Dermnet\test/Melanoma Skin Cancer Nevi and Moles/lentigo-maligna-6.jpg
11,E:\MedicalData\kagglechallenge\Dermnet\test/Melanoma Skin Cancer Nevi and Moles/lentigo-maligna-7.jpg
11,E:\MedicalData\kagglechallenge\Dermnet\test/Melanoma Skin Cancer Nevi and Moles/malignant-melanoma-100.jpg
11,E:\MedicalData\kagglechallenge\Dermnet\test/Melanoma Skin Cancer Nevi and Moles/malignant-melanoma-106.jpg
11,E:\MedicalData\kagglechallenge\Dermnet\test/Melanoma Skin Cancer Nevi and Moles/malignant-melanoma-108.jpg
11,E:\MedicalData\kagglechallenge\Dermnet\test/Melanoma Skin Cancer Nevi and Moles/malignant-melanoma-118.jpg
11,E:\MedicalData\kagglechallenge\Dermnet\test/Melanoma Skin Cancer Nevi and Moles/malignant-melanoma-121.jpg
11,E:\MedicalData\kagglechallenge\Dermnet\test/Melanoma Skin Cancer Nevi and Moles/malignant-melanoma-122.jpg
11,E:\MedicalData\kagglechallenge\Dermnet\test/Melanoma Skin Cancer Nevi and Moles/malignant-melanoma-124.jpg
11,E:\MedicalData\kagglechallenge\Dermnet\test/Melanoma Skin Cancer Nevi and Moles/malignant-melanoma-127.jpg
11,E:\MedicalData\kagglechallenge\Dermnet\test/Melanoma Skin Cancer Nevi and Moles/malignant-melanoma-128.jpg
11,E:\MedicalData\kagglechallenge\Dermnet\test/Melanoma Skin Cancer Nevi and Moles/malignant-melanoma-136.jpg
11,E:\MedicalData\kagglechallenge\Dermnet\test/Melanoma Skin Cancer Nevi and Moles/malignant-melanoma-140.jpg
11,E:\MedicalData\kagglechallenge\Dermnet\test/Melanoma Skin Cancer Nevi and Moles/malignant-melanoma-141.jpg
11,E:\MedicalData\kagglechallenge\Dermnet\test/Melanoma Skin Cancer Nevi and Moles/malignant-melanoma-144.jpg
11,E:\MedicalData\kagglechallenge\Dermnet\test/Melanoma Skin Cancer Nevi and Moles/malignant-melanoma-16.jpg
11,E:\MedicalData\kagglechallenge\Dermnet\test/Melanoma Skin Cancer Nevi and Moles/malignant-melanoma-161.jpg
11,E:\MedicalData\kagglechallenge\Dermnet\test/Melanoma Skin Cancer Nevi and Moles/malignant-melanoma-165.jpg
11,E:\MedicalData\kagglechallenge\Dermnet\test/Melanoma Skin Cancer Nevi and Moles/malignant-melanoma-168.jpg
11,E:\MedicalData\kagglechallenge\Dermnet\test/Melanoma Skin Cancer Nevi and Moles/malignant-melanoma-170.jpg
11,E:\MedicalData\kagglechallenge\Dermnet\test/Melanoma Skin Cancer Nevi and Moles/malignant-melanoma-177.jpg
11,E:\MedicalData\kagglechallenge\Dermnet\test/Melanoma Skin Cancer Nevi and Moles/malignant-melanoma-181.jpg
11,E:\MedicalData\kagglechallenge\Dermnet\test/Melanoma Skin Cancer Nevi and Moles/malignant-melanoma-190.jpg
11,E:\MedicalData\kagglechallenge\Dermnet\test/Melanoma Skin Cancer Nevi and Moles/malignant-melanoma-191.jpg
11,E:\MedicalData\kagglechallenge\Dermnet\test/Melanoma Skin Cancer Nevi and Moles/malignant-melanoma-20.jpg
11,E:\MedicalData\kagglechallenge\Dermnet\test/Melanoma Skin Cancer Nevi and Moles/malignant-melanoma-82.jpg
11,E:\MedicalData\kagglechallenge\Dermnet\test/Melanoma Skin Cancer Nevi and Moles/malignant-melanoma-91.jpg
11,E:\MedicalData\kagglechallenge\Dermnet\test/Melanoma Skin Cancer Nevi and Moles/melanocytic-nevi-11.jpg
11,E:\MedicalData\kagglechallenge\Dermnet\test/Melanoma Skin Cancer Nevi and Moles/melanocytic-nevi-24.jpg
11,E:\MedicalData\kagglechallenge\Dermnet\test/Melanoma Skin Cancer Nevi and Moles/melanocytic-nevi-33.jpg
11,E:\MedicalData\kagglechallenge\Dermnet\test/Melanoma Skin Cancer Nevi and Moles/melanocytic-nevi-49.jpg
11,E:\MedicalData\kagglechallenge\Dermnet\test/Melanoma Skin Cancer Nevi and Moles/melanocytic-nevi-57.jpg
11,E:\MedicalData\kagglechallenge\Dermnet\test/Melanoma Skin Cancer Nevi and Moles/melanocytic-nevi-6.jpg
11,E:\MedicalData\kagglechallenge\Dermnet\test/Melanoma Skin Cancer Nevi and Moles/melanocytic-nevi-65.jpg
11,E:\MedicalData\kagglechallenge\Dermnet\test/Melanoma Skin Cancer Nevi and Moles/melanocytic-nevi-73.jpg
11,E:\MedicalData\kagglechallenge\Dermnet\test/Melanoma Skin Cancer Nevi and Moles/melanocytic-nevi-75.jpg
11,E:\MedicalData\kagglechallenge\Dermnet\test/Melanoma Skin Cancer Nevi and Moles/melanocytic-nevi-78.jpg
11,E:\MedicalData\kagglechallenge\Dermnet\test/Melanoma Skin Cancer Nevi and Moles/melanocytic-nevi-79.jpg
11,E:\MedicalData\kagglechallenge\Dermnet\test/Melanoma Skin Cancer Nevi and Moles/melanocytic-nevi-9.jpg
11,E:\MedicalData\kagglechallenge\Dermnet\test/Melanoma Skin Cancer Nevi and Moles/melanocytic-nevi-94.jpg
11,E:\MedicalData\kagglechallenge\Dermnet\test/Melanoma Skin Cancer Nevi and Moles/melanotic-macule-4.jpg
11,E:\MedicalData\kagglechallenge\Dermnet\test/Melanoma Skin Cancer Nevi and Moles/nevus-repigmented-2.jpg
11,E:\MedicalData\kagglechallenge\Dermnet\test/Melanoma Skin Cancer Nevi and Moles/nevus-repigmented-3.jpg
11,E:\MedicalData\kagglechallenge\Dermnet\test/Melanoma Skin Cancer Nevi and Moles/nevus-spilus-11.jpg
11,E:\MedicalData\kagglechallenge\Dermnet\test/Melanoma Skin Cancer Nevi and Moles/nevus-spilus-21.jpg
11,E:\MedicalData\kagglechallenge\Dermnet\test/Melanoma Skin Cancer Nevi and Moles/nevus-spilus-3.jpg
11,E:\MedicalData\kagglechallenge\Dermnet\test/Melanoma Skin Cancer Nevi and Moles/nevus-spilus-32.jpg
12,E:\MedicalData\kagglechallenge\Dermnet\test/Nail Fungus and other Nail Disease/acute-paronychia-2.jpg
12,E:\MedicalData\kagglechallenge\Dermnet\test/Nail Fungus and other Nail Disease/acute-paronychia-23.jpg
12,E:\MedicalData\kagglechallenge\Dermnet\test/Nail Fungus and other Nail Disease/acute-paronychia-25.jpg
12,E:\MedicalData\kagglechallenge\Dermnet\test/Nail Fungus and other Nail Disease/acute-paronychia-26.jpg
12,E:\MedicalData\kagglechallenge\Dermnet\test/Nail Fungus and other Nail Disease/alopecia-areata-12.jpg
12,E:\MedicalData\kagglechallenge\Dermnet\test/Nail Fungus and other Nail Disease/alopecia-areata-14.jpg
12,E:\MedicalData\kagglechallenge\Dermnet\test/Nail Fungus and other Nail Disease/alopecia-areata-17.jpg
12,E:\MedicalData\kagglechallenge\Dermnet\test/Nail Fungus and other Nail Disease/alopecia-areata-19.jpg
12,E:\MedicalData\kagglechallenge\Dermnet\test/Nail Fungus and other Nail Disease/alopecia-areata-21.jpg
12,E:\MedicalData\kagglechallenge\Dermnet\test/Nail Fungus and other Nail Disease/alopecia-areata-22.jpg
12,E:\MedicalData\kagglechallenge\Dermnet\test/Nail Fungus and other Nail Disease/alopecia-areata-23.jpg
12,E:\MedicalData\kagglechallenge\Dermnet\test/Nail Fungus and other Nail Disease/alopecia-areata-32.jpg
12,E:\MedicalData\kagglechallenge\Dermnet\test/Nail Fungus and other Nail Disease/alopecia-areata-33.jpg
12,E:\MedicalData\kagglechallenge\Dermnet\test/Nail Fungus and other Nail Disease/alopecia-areata-34.jpg
12,E:\MedicalData\kagglechallenge\Dermnet\test/Nail Fungus and other Nail Disease/alopecia-areata-39.jpg
12,E:\MedicalData\kagglechallenge\Dermnet\test/Nail Fungus and other Nail Disease/alopecia-areata-52.jpg
12,E:\MedicalData\kagglechallenge\Dermnet\test/Nail Fungus and other Nail Disease/alopecia-areata-54.jpg
12,E:\MedicalData\kagglechallenge\Dermnet\test/Nail Fungus and other Nail Disease/alopecia-areata-55.jpg
12,E:\MedicalData\kagglechallenge\Dermnet\test/Nail Fungus and other Nail Disease/alopecia-areata-6.jpg
12,E:\MedicalData\kagglechallenge\Dermnet\test/Nail Fungus and other Nail Disease/alopecia-areata-61.jpg
12,E:\MedicalData\kagglechallenge\Dermnet\test/Nail Fungus and other Nail Disease/alopecia-areata-67.jpg
12,E:\MedicalData\kagglechallenge\Dermnet\test/Nail Fungus and other Nail Disease/alopecia-areata-75.jpg
12,E:\MedicalData\kagglechallenge\Dermnet\test/Nail Fungus and other Nail Disease/alopecia-areata-8.jpg
12,E:\MedicalData\kagglechallenge\Dermnet\test/Nail Fungus and other Nail Disease/alopecia-areata-81.jpg
12,E:\MedicalData\kagglechallenge\Dermnet\test/Nail Fungus and other Nail Disease/alopecia-areata-89.jpg
12,E:\MedicalData\kagglechallenge\Dermnet\test/Nail Fungus and other Nail Disease/alopecia-areata-90.jpg
12,E:\MedicalData\kagglechallenge\Dermnet\test/Nail Fungus and other Nail Disease/alopecia-areata-94.jpg
12,E:\MedicalData\kagglechallenge\Dermnet\test/Nail Fungus and other Nail Disease/alopecia-areata-97.jpg
12,E:\MedicalData\kagglechallenge\Dermnet\test/Nail Fungus and other Nail Disease/beaus-lines-11.jpg
12,E:\MedicalData\kagglechallenge\Dermnet\test/Nail Fungus and other Nail Disease/beaus-lines-16.jpg
12,E:\MedicalData\kagglechallenge\Dermnet\test/Nail Fungus and other Nail Disease/beaus-lines-17.jpg
12,E:\MedicalData\kagglechallenge\Dermnet\test/Nail Fungus and other Nail Disease/beaus-lines-2.jpg
12,E:\MedicalData\kagglechallenge\Dermnet\test/Nail Fungus and other Nail Disease/beaus-lines-23.jpg
12,E:\MedicalData\kagglechallenge\Dermnet\test/Nail Fungus and other Nail Disease/beaus-lines-26.jpg
12,E:\MedicalData\kagglechallenge\Dermnet\test/Nail Fungus and other Nail Disease/beaus-lines-28.jpg
12,E:\MedicalData\kagglechallenge\Dermnet\test/Nail Fungus and other Nail Disease/beaus-lines-6.jpg
12,E:\MedicalData\kagglechallenge\Dermnet\test/Nail Fungus and other Nail Disease/BedRidges-1.jpg
12,E:\MedicalData\kagglechallenge\Dermnet\test/Nail Fungus and other Nail Disease/biting-excoriation-14.jpg
12,E:\MedicalData\kagglechallenge\Dermnet\test/Nail Fungus and other Nail Disease/chronic-paronychia-11.jpg
12,E:\MedicalData\kagglechallenge\Dermnet\test/Nail Fungus and other Nail Disease/chronic-paronychia-15.jpg
12,E:\MedicalData\kagglechallenge\Dermnet\test/Nail Fungus and other Nail Disease/chronic-paronychia-16.jpg
12,E:\MedicalData\kagglechallenge\Dermnet\test/Nail Fungus and other Nail Disease/chronic-paronychia-18.jpg
12,E:\MedicalData\kagglechallenge\Dermnet\test/Nail Fungus and other Nail Disease/chronic-paronychia-19.jpg
12,E:\MedicalData\kagglechallenge\Dermnet\test/Nail Fungus and other Nail Disease/chronic-paronychia-2.jpg
12,E:\MedicalData\kagglechallenge\Dermnet\test/Nail Fungus and other Nail Disease/chronic-paronychia-26.jpg
12,E:\MedicalData\kagglechallenge\Dermnet\test/Nail Fungus and other Nail Disease/chronic-paronychia-34.jpg
12,E:\MedicalData\kagglechallenge\Dermnet\test/Nail Fungus and other Nail Disease/chronic-paronychia-35.jpg
12,E:\MedicalData\kagglechallenge\Dermnet\test/Nail Fungus and other Nail Disease/chronic-paronychia-40.jpg
12,E:\MedicalData\kagglechallenge\Dermnet\test/Nail Fungus and other Nail Disease/chronic-paronychia-41.jpg
12,E:\MedicalData\kagglechallenge\Dermnet\test/Nail Fungus and other Nail Disease/chronic-paronychia-43.jpg
12,E:\MedicalData\kagglechallenge\Dermnet\test/Nail Fungus and other Nail Disease/chronic-paronychia-45.jpg
12,E:\MedicalData\kagglechallenge\Dermnet\test/Nail Fungus and other Nail Disease/chronic-paronychia-48.jpg
12,E:\MedicalData\kagglechallenge\Dermnet\test/Nail Fungus and other Nail Disease/chronic-paronychia-51.jpg
12,E:\MedicalData\kagglechallenge\Dermnet\test/Nail Fungus and other Nail Disease/chronic-paronychia-53.jpg
12,E:\MedicalData\kagglechallenge\Dermnet\test/Nail Fungus and other Nail Disease/chronic-paronychia-54.jpg
12,E:\MedicalData\kagglechallenge\Dermnet\test/Nail Fungus and other Nail Disease/chronic-paronychia-56.jpg
12,E:\MedicalData\kagglechallenge\Dermnet\test/Nail Fungus and other Nail Disease/clubbing-8.jpg
12,E:\MedicalData\kagglechallenge\Dermnet\test/Nail Fungus and other Nail Disease/clubbing-9.jpg
12,E:\MedicalData\kagglechallenge\Dermnet\test/Nail Fungus and other Nail Disease/congenital-anomalies-4.jpg
12,E:\MedicalData\kagglechallenge\Dermnet\test/Nail Fungus and other Nail Disease/congenital-anomalies-5.jpg
12,E:\MedicalData\kagglechallenge\Dermnet\test/Nail Fungus and other Nail Disease/distal-subungual-onychomycosis-109.jpg
12,E:\MedicalData\kagglechallenge\Dermnet\test/Nail Fungus and other Nail Disease/distal-subungual-onychomycosis-114.jpg
12,E:\MedicalData\kagglechallenge\Dermnet\test/Nail Fungus and other Nail Disease/distal-subungual-onychomycosis-117.jpg
12,E:\MedicalData\kagglechallenge\Dermnet\test/Nail Fungus and other Nail Disease/distal-subungual-onychomycosis-118.jpg
12,E:\MedicalData\kagglechallenge\Dermnet\test/Nail Fungus and other Nail Disease/distal-subungual-onychomycosis-132.jpg
12,E:\MedicalData\kagglechallenge\Dermnet\test/Nail Fungus and other Nail Disease/distal-subungual-onychomycosis-14.jpg
12,E:\MedicalData\kagglechallenge\Dermnet\test/Nail Fungus and other Nail Disease/distal-subungual-onychomycosis-142.jpg
12,E:\MedicalData\kagglechallenge\Dermnet\test/Nail Fungus and other Nail Disease/distal-subungual-onychomycosis-145.jpg
12,E:\MedicalData\kagglechallenge\Dermnet\test/Nail Fungus and other Nail Disease/distal-subungual-onychomycosis-155.jpg
12,E:\MedicalData\kagglechallenge\Dermnet\test/Nail Fungus and other Nail Disease/distal-subungual-onychomycosis-161.jpg
12,E:\MedicalData\kagglechallenge\Dermnet\test/Nail Fungus and other Nail Disease/distal-subungual-onychomycosis-164.jpg
12,E:\MedicalData\kagglechallenge\Dermnet\test/Nail Fungus and other Nail Disease/distal-subungual-onychomycosis-167.jpg
12,E:\MedicalData\kagglechallenge\Dermnet\test/Nail Fungus and other Nail Disease/distal-subungual-onychomycosis-30.jpg
12,E:\MedicalData\kagglechallenge\Dermnet\test/Nail Fungus and other Nail Disease/distal-subungual-onychomycosis-347.jpg
12,E:\MedicalData\kagglechallenge\Dermnet\test/Nail Fungus and other Nail Disease/distal-subungual-onychomycosis-37.jpg
12,E:\MedicalData\kagglechallenge\Dermnet\test/Nail Fungus and other Nail Disease/distal-subungual-onychomycosis-40.jpg
12,E:\MedicalData\kagglechallenge\Dermnet\test/Nail Fungus and other Nail Disease/distal-subungual-onychomycosis-86.jpg
12,E:\MedicalData\kagglechallenge\Dermnet\test/Nail Fungus and other Nail Disease/distal-subungual-onychomycosis-87.jpg
12,E:\MedicalData\kagglechallenge\Dermnet\test/Nail Fungus and other Nail Disease/distal-subungual-onychomycosis-89.jpg
12,E:\MedicalData\kagglechallenge\Dermnet\test/Nail Fungus and other Nail Disease/distal-subungual-onychomycosis-9.jpg
12,E:\MedicalData\kagglechallenge\Dermnet\test/Nail Fungus and other Nail Disease/distal-subungual-onychomycosis-96.jpg
12,E:\MedicalData\kagglechallenge\Dermnet\test/Nail Fungus and other Nail Disease/eczema-nail-5.jpg
12,E:\MedicalData\kagglechallenge\Dermnet\test/Nail Fungus and other Nail Disease/eczema-nail-8.jpg
12,E:\MedicalData\kagglechallenge\Dermnet\test/Nail Fungus and other Nail Disease/exostosis-2.jpg
12,E:\MedicalData\kagglechallenge\Dermnet\test/Nail Fungus and other Nail Disease/exostosis-5.jpg
12,E:\MedicalData\kagglechallenge\Dermnet\test/Nail Fungus and other Nail Disease/fissure-7.jpg
12,E:\MedicalData\kagglechallenge\Dermnet\test/Nail Fungus and other Nail Disease/fissure-8.jpg
12,E:\MedicalData\kagglechallenge\Dermnet\test/Nail Fungus and other Nail Disease/fissure-9.jpg
12,E:\MedicalData\kagglechallenge\Dermnet\test/Nail Fungus and other Nail Disease/habit-tic-deformity-33.jpg
12,E:\MedicalData\kagglechallenge\Dermnet\test/Nail Fungus and other Nail Disease/habit-tic-deformity-41.jpg
12,E:\MedicalData\kagglechallenge\Dermnet\test/Nail Fungus and other Nail Disease/habit-tic-deformity-43.jpg
12,E:\MedicalData\kagglechallenge\Dermnet\test/Nail Fungus and other Nail Disease/habit-tic-deformity-47.jpg
12,E:\MedicalData\kagglechallenge\Dermnet\test/Nail Fungus and other Nail Disease/habit-tic-deformity-6.jpg
12,E:\MedicalData\kagglechallenge\Dermnet\test/Nail Fungus and other Nail Disease/habit-tic-deformity-7.jpg
12,E:\MedicalData\kagglechallenge\Dermnet\test/Nail Fungus and other Nail Disease/habit-tic-deformity-9.jpg
12,E:\MedicalData\kagglechallenge\Dermnet\test/Nail Fungus and other Nail Disease/ingrown-nail-16.jpg
12,E:\MedicalData\kagglechallenge\Dermnet\test/Nail Fungus and other Nail Disease/ingrown-nail-18.jpg
12,E:\MedicalData\kagglechallenge\Dermnet\test/Nail Fungus and other Nail Disease/ingrown-nail-3.jpg
12,E:\MedicalData\kagglechallenge\Dermnet\test/Nail Fungus and other Nail Disease/koilonychia-12.jpg
12,E:\MedicalData\kagglechallenge\Dermnet\test/Nail Fungus and other Nail Disease/koilonychia-2.jpg
12,E:\MedicalData\kagglechallenge\Dermnet\test/Nail Fungus and other Nail Disease/koilonychia-7.jpg
12,E:\MedicalData\kagglechallenge\Dermnet\test/Nail Fungus and other Nail Disease/leukonychia-3.jpg
12,E:\MedicalData\kagglechallenge\Dermnet\test/Nail Fungus and other Nail Disease/leukonychia-4.jpg
12,E:\MedicalData\kagglechallenge\Dermnet\test/Nail Fungus and other Nail Disease/lichen-planus-1.jpg
12,E:\MedicalData\kagglechallenge\Dermnet\test/Nail Fungus and other Nail Disease/lichen-planus-102.jpg
12,E:\MedicalData\kagglechallenge\Dermnet\test/Nail Fungus and other Nail Disease/lichen-planus-106.jpg
12,E:\MedicalData\kagglechallenge\Dermnet\test/Nail Fungus and other Nail Disease/lichen-planus-11.jpg
12,E:\MedicalData\kagglechallenge\Dermnet\test/Nail Fungus and other Nail Disease/lichen-planus-113.jpg
12,E:\MedicalData\kagglechallenge\Dermnet\test/Nail Fungus and other Nail Disease/lichen-planus-118.jpg
12,E:\MedicalData\kagglechallenge\Dermnet\test/Nail Fungus and other Nail Disease/lichen-planus-129.jpg
12,E:\MedicalData\kagglechallenge\Dermnet\test/Nail Fungus and other Nail Disease/lichen-planus-137.jpg
12,E:\MedicalData\kagglechallenge\Dermnet\test/Nail Fungus and other Nail Disease/lichen-planus-15.jpg
12,E:\MedicalData\kagglechallenge\Dermnet\test/Nail Fungus and other Nail Disease/lichen-planus-153.jpg
12,E:\MedicalData\kagglechallenge\Dermnet\test/Nail Fungus and other Nail Disease/lichen-planus-162.jpg
12,E:\MedicalData\kagglechallenge\Dermnet\test/Nail Fungus and other Nail Disease/lichen-planus-167.jpg
12,E:\MedicalData\kagglechallenge\Dermnet\test/Nail Fungus and other Nail Disease/lichen-planus-198.jpg
12,E:\MedicalData\kagglechallenge\Dermnet\test/Nail Fungus and other Nail Disease/lichen-planus-204.jpg
12,E:\MedicalData\kagglechallenge\Dermnet\test/Nail Fungus and other Nail Disease/lichen-planus-205.jpg
12,E:\MedicalData\kagglechallenge\Dermnet\test/Nail Fungus and other Nail Disease/lichen-planus-87.jpg
12,E:\MedicalData\kagglechallenge\Dermnet\test/Nail Fungus and other Nail Disease/lichen-planus-89.jpg
12,E:\MedicalData\kagglechallenge\Dermnet\test/Nail Fungus and other Nail Disease/lichen-planus-99.jpg
12,E:\MedicalData\kagglechallenge\Dermnet\test/Nail Fungus and other Nail Disease/median-nail-dystrophy-11.jpg
12,E:\MedicalData\kagglechallenge\Dermnet\test/Nail Fungus and other Nail Disease/median-nail-dystrophy-16.jpg
12,E:\MedicalData\kagglechallenge\Dermnet\test/Nail Fungus and other Nail Disease/median-nail-dystrophy-17.jpg
12,E:\MedicalData\kagglechallenge\Dermnet\test/Nail Fungus and other Nail Disease/median-nail-dystrophy-4.jpg
12,E:\MedicalData\kagglechallenge\Dermnet\test/Nail Fungus and other Nail Disease/median-nail-dystrophy-8.jpg
12,E:\MedicalData\kagglechallenge\Dermnet\test/Nail Fungus and other Nail Disease/median-nail-dystrophy-9.jpg
12,E:\MedicalData\kagglechallenge\Dermnet\test/Nail Fungus and other Nail Disease/mucous-cyst-11.jpg
12,E:\MedicalData\kagglechallenge\Dermnet\test/Nail Fungus and other Nail Disease/mucous-cyst-22.jpg
12,E:\MedicalData\kagglechallenge\Dermnet\test/Nail Fungus and other Nail Disease/mucous-cyst-24.jpg
12,E:\MedicalData\kagglechallenge\Dermnet\test/Nail Fungus and other Nail Disease/mucous-cyst-33.jpg
12,E:\MedicalData\kagglechallenge\Dermnet\test/Nail Fungus and other Nail Disease/mucous-cyst-39.jpg
12,E:\MedicalData\kagglechallenge\Dermnet\test/Nail Fungus and other Nail Disease/mucous-cyst-41.jpg
12,E:\MedicalData\kagglechallenge\Dermnet\test/Nail Fungus and other Nail Disease/mucous-cyst-45.jpg
12,E:\MedicalData\kagglechallenge\Dermnet\test/Nail Fungus and other Nail Disease/mucous-cyst-56.jpg
12,E:\MedicalData\kagglechallenge\Dermnet\test/Nail Fungus and other Nail Disease/mucous-cyst-57.jpg
12,E:\MedicalData\kagglechallenge\Dermnet\test/Nail Fungus and other Nail Disease/mucous-cyst-65.jpg
12,E:\MedicalData\kagglechallenge\Dermnet\test/Nail Fungus and other Nail Disease/mucous-cyst-78.jpg
12,E:\MedicalData\kagglechallenge\Dermnet\test/Nail Fungus and other Nail Disease/mucous-cyst-86.jpg
12,E:\MedicalData\kagglechallenge\Dermnet\test/Nail Fungus and other Nail Disease/mucous-cyst-9.jpg
12,E:\MedicalData\kagglechallenge\Dermnet\test/Nail Fungus and other Nail Disease/mucous-cyst-99.jpg
12,E:\MedicalData\kagglechallenge\Dermnet\test/Nail Fungus and other Nail Disease/nail-distal-splitting-1.jpg
12,E:\MedicalData\kagglechallenge\Dermnet\test/Nail Fungus and other Nail Disease/nail-melanoma-2.jpg
12,E:\MedicalData\kagglechallenge\Dermnet\test/Nail Fungus and other Nail Disease/nail-melanoma-4.jpg
12,E:\MedicalData\kagglechallenge\Dermnet\test/Nail Fungus and other Nail Disease/normal-variations-3.jpg
12,E:\MedicalData\kagglechallenge\Dermnet\test/Nail Fungus and other Nail Disease/onychogryphosis-1.jpg
12,E:\MedicalData\kagglechallenge\Dermnet\test/Nail Fungus and other Nail Disease/onychogryphosis-7.jpg
12,E:\MedicalData\kagglechallenge\Dermnet\test/Nail Fungus and other Nail Disease/onycholysis-11.jpg
12,E:\MedicalData\kagglechallenge\Dermnet\test/Nail Fungus and other Nail Disease/onycholysis-12.jpg
12,E:\MedicalData\kagglechallenge\Dermnet\test/Nail Fungus and other Nail Disease/onycholysis-17.jpg
12,E:\MedicalData\kagglechallenge\Dermnet\test/Nail Fungus and other Nail Disease/onycholysis-22.jpg
12,E:\MedicalData\kagglechallenge\Dermnet\test/Nail Fungus and other Nail Disease/onycholysis-25.jpg
12,E:\MedicalData\kagglechallenge\Dermnet\test/Nail Fungus and other Nail Disease/onycholysis-29.jpg
12,E:\MedicalData\kagglechallenge\Dermnet\test/Nail Fungus and other Nail Disease/onycholysis-33.jpg
12,E:\MedicalData\kagglechallenge\Dermnet\test/Nail Fungus and other Nail Disease/onycholysis-43.jpg
12,E:\MedicalData\kagglechallenge\Dermnet\test/Nail Fungus and other Nail Disease/onycholysis-44.jpg
12,E:\MedicalData\kagglechallenge\Dermnet\test/Nail Fungus and other Nail Disease/onycholysis-48.jpg
12,E:\MedicalData\kagglechallenge\Dermnet\test/Nail Fungus and other Nail Disease/onycholysis-50.jpg
12,E:\MedicalData\kagglechallenge\Dermnet\test/Nail Fungus and other Nail Disease/onycholysis-59.jpg
12,E:\MedicalData\kagglechallenge\Dermnet\test/Nail Fungus and other Nail Disease/onycholysis-8.jpg
12,E:\MedicalData\kagglechallenge\Dermnet\test/Nail Fungus and other Nail Disease/pachyonychia-congenita-4.jpg
12,E:\MedicalData\kagglechallenge\Dermnet\test/Nail Fungus and other Nail Disease/periungual-fibroma-3.jpg
12,E:\MedicalData\kagglechallenge\Dermnet\test/Nail Fungus and other Nail Disease/periungual-warts-1.jpg
12,E:\MedicalData\kagglechallenge\Dermnet\test/Nail Fungus and other Nail Disease/periungual-warts-8.jpg
12,E:\MedicalData\kagglechallenge\Dermnet\test/Nail Fungus and other Nail Disease/periungual-warts-9.jpg
12,E:\MedicalData\kagglechallenge\Dermnet\test/Nail Fungus and other Nail Disease/pigmented-bands-10.jpg
12,E:\MedicalData\kagglechallenge\Dermnet\test/Nail Fungus and other Nail Disease/pigmented-bands-2.jpg
12,E:\MedicalData\kagglechallenge\Dermnet\test/Nail Fungus and other Nail Disease/pigmented-bands-9.jpg
12,E:\MedicalData\kagglechallenge\Dermnet\test/Nail Fungus and other Nail Disease/pincer-nails-10.jpg
12,E:\MedicalData\kagglechallenge\Dermnet\test/Nail Fungus and other Nail Disease/pincer-nails-18.jpg
12,E:\MedicalData\kagglechallenge\Dermnet\test/Nail Fungus and other Nail Disease/pincer-nails-2.jpg
12,E:\MedicalData\kagglechallenge\Dermnet\test/Nail Fungus and other Nail Disease/pincer-nails-3.jpg
12,E:\MedicalData\kagglechallenge\Dermnet\test/Nail Fungus and other Nail Disease/pincer-nails-4.jpg
12,E:\MedicalData\kagglechallenge\Dermnet\test/Nail Fungus and other Nail Disease/pincer-nails-6.jpg
12,E:\MedicalData\kagglechallenge\Dermnet\test/Nail Fungus and other Nail Disease/pincer-nails-8.jpg
12,E:\MedicalData\kagglechallenge\Dermnet\test/Nail Fungus and other Nail Disease/proximal-subungual-onychomycosis-10.jpg
12,E:\MedicalData\kagglechallenge\Dermnet\test/Nail Fungus and other Nail Disease/proximal-subungual-onychomycosis-7.jpg
12,E:\MedicalData\kagglechallenge\Dermnet\test/Nail Fungus and other Nail Disease/pseudomonas-1.jpg
12,E:\MedicalData\kagglechallenge\Dermnet\test/Nail Fungus and other Nail Disease/pseudomonas-11.jpg
12,E:\MedicalData\kagglechallenge\Dermnet\test/Nail Fungus and other Nail Disease/pseudomonas-13.jpg
12,E:\MedicalData\kagglechallenge\Dermnet\test/Nail Fungus and other Nail Disease/pseudomonas-18.jpg
12,E:\MedicalData\kagglechallenge\Dermnet\test/Nail Fungus and other Nail Disease/pseudomonas-19.jpg
12,E:\MedicalData\kagglechallenge\Dermnet\test/Nail Fungus and other Nail Disease/pseudomonas-22.jpg
12,E:\MedicalData\kagglechallenge\Dermnet\test/Nail Fungus and other Nail Disease/pseudomonas-35.jpg
12,E:\MedicalData\kagglechallenge\Dermnet\test/Nail Fungus and other Nail Disease/pseudomonas-5.jpg
12,E:\MedicalData\kagglechallenge\Dermnet\test/Nail Fungus and other Nail Disease/psoriasis-100.jpg
12,E:\MedicalData\kagglechallenge\Dermnet\test/Nail Fungus and other Nail Disease/psoriasis-110.jpg
12,E:\MedicalData\kagglechallenge\Dermnet\test/Nail Fungus and other Nail Disease/psoriasis-118.jpg
12,E:\MedicalData\kagglechallenge\Dermnet\test/Nail Fungus and other Nail Disease/psoriasis-142.jpg
12,E:\MedicalData\kagglechallenge\Dermnet\test/Nail Fungus and other Nail Disease/psoriasis-146.jpg
12,E:\MedicalData\kagglechallenge\Dermnet\test/Nail Fungus and other Nail Disease/psoriasis-155.jpg
12,E:\MedicalData\kagglechallenge\Dermnet\test/Nail Fungus and other Nail Disease/psoriasis-162.jpg
12,E:\MedicalData\kagglechallenge\Dermnet\test/Nail Fungus and other Nail Disease/psoriasis-166.jpg
12,E:\MedicalData\kagglechallenge\Dermnet\test/Nail Fungus and other Nail Disease/psoriasis-18.jpg
12,E:\MedicalData\kagglechallenge\Dermnet\test/Nail Fungus and other Nail Disease/psoriasis-23.jpg
12,E:\MedicalData\kagglechallenge\Dermnet\test/Nail Fungus and other Nail Disease/psoriasis-3.jpg
12,E:\MedicalData\kagglechallenge\Dermnet\test/Nail Fungus and other Nail Disease/psoriasis-32.jpg
12,E:\MedicalData\kagglechallenge\Dermnet\test/Nail Fungus and other Nail Disease/psoriasis-40.jpg
12,E:\MedicalData\kagglechallenge\Dermnet\test/Nail Fungus and other Nail Disease/psoriasis-90.jpg
12,E:\MedicalData\kagglechallenge\Dermnet\test/Nail Fungus and other Nail Disease/ridging-beading-20.jpg
12,E:\MedicalData\kagglechallenge\Dermnet\test/Nail Fungus and other Nail Disease/ridging-beading-21.jpg
12,E:\MedicalData\kagglechallenge\Dermnet\test/Nail Fungus and other Nail Disease/ridging-beading-24.jpg
12,E:\MedicalData\kagglechallenge\Dermnet\test/Nail Fungus and other Nail Disease/ridging-beading-25.jpg
12,E:\MedicalData\kagglechallenge\Dermnet\test/Nail Fungus and other Nail Disease/ridging-beading-28.jpg
12,E:\MedicalData\kagglechallenge\Dermnet\test/Nail Fungus and other Nail Disease/ridging-beading-30.jpg
12,E:\MedicalData\kagglechallenge\Dermnet\test/Nail Fungus and other Nail Disease/ridging-beading-31.jpg
12,E:\MedicalData\kagglechallenge\Dermnet\test/Nail Fungus and other Nail Disease/splinter-hemorrhage-6.jpg
12,E:\MedicalData\kagglechallenge\Dermnet\test/Nail Fungus and other Nail Disease/subungual-hematoma-1.jpg
12,E:\MedicalData\kagglechallenge\Dermnet\test/Nail Fungus and other Nail Disease/subungual-hematoma-4.jpg
12,E:\MedicalData\kagglechallenge\Dermnet\test/Nail Fungus and other Nail Disease/subungual-hematoma-8.jpg
12,E:\MedicalData\kagglechallenge\Dermnet\test/Nail Fungus and other Nail Disease/terry-nails-5.jpg
12,E:\MedicalData\kagglechallenge\Dermnet\test/Nail Fungus and other Nail Disease/terry-nails-6.jpg
12,E:\MedicalData\kagglechallenge\Dermnet\test/Nail Fungus and other Nail Disease/trauma-14.jpg
12,E:\MedicalData\kagglechallenge\Dermnet\test/Nail Fungus and other Nail Disease/trauma-148.jpg
12,E:\MedicalData\kagglechallenge\Dermnet\test/Nail Fungus and other Nail Disease/trauma-153.jpg
12,E:\MedicalData\kagglechallenge\Dermnet\test/Nail Fungus and other Nail Disease/trauma-17.jpg
12,E:\MedicalData\kagglechallenge\Dermnet\test/Nail Fungus and other Nail Disease/trauma-2.jpg
12,E:\MedicalData\kagglechallenge\Dermnet\test/Nail Fungus and other Nail Disease/trauma-24.jpg
12,E:\MedicalData\kagglechallenge\Dermnet\test/Nail Fungus and other Nail Disease/trauma-28.jpg
12,E:\MedicalData\kagglechallenge\Dermnet\test/Nail Fungus and other Nail Disease/twenty-nail-dystrophy-1.jpg
12,E:\MedicalData\kagglechallenge\Dermnet\test/Nail Fungus and other Nail Disease/twenty-nail-dystrophy-3.jpg
12,E:\MedicalData\kagglechallenge\Dermnet\test/Nail Fungus and other Nail Disease/twenty-nail-dystrophy-4.jpg
12,E:\MedicalData\kagglechallenge\Dermnet\test/Nail Fungus and other Nail Disease/twenty-nail-dystrophy-8.jpg
12,E:\MedicalData\kagglechallenge\Dermnet\test/Nail Fungus and other Nail Disease/white-superficial-onychomycosis-1.jpg
12,E:\MedicalData\kagglechallenge\Dermnet\test/Nail Fungus and other Nail Disease/white-superficial-onychomycosis-16.jpg
12,E:\MedicalData\kagglechallenge\Dermnet\test/Nail Fungus and other Nail Disease/white-superficial-onychomycosis-3.jpg
12,E:\MedicalData\kagglechallenge\Dermnet\test/Nail Fungus and other Nail Disease/yellow-nails-14.jpg
12,E:\MedicalData\kagglechallenge\Dermnet\test/Nail Fungus and other Nail Disease/yellow-nails-18.jpg
12,E:\MedicalData\kagglechallenge\Dermnet\test/Nail Fungus and other Nail Disease/yellow-nails-19.jpg
12,E:\MedicalData\kagglechallenge\Dermnet\test/Nail Fungus and other Nail Disease/yellow-nails-3.jpg
13,E:\MedicalData\kagglechallenge\Dermnet\test/Poison Ivy Photos and other Contact Dermatitis/allergic-contact-dermatitis-104.jpg
13,E:\MedicalData\kagglechallenge\Dermnet\test/Poison Ivy Photos and other Contact Dermatitis/allergic-contact-dermatitis-105.jpg
13,E:\MedicalData\kagglechallenge\Dermnet\test/Poison Ivy Photos and other Contact Dermatitis/allergic-contact-dermatitis-11.jpg
13,E:\MedicalData\kagglechallenge\Dermnet\test/Poison Ivy Photos and other Contact Dermatitis/allergic-contact-dermatitis-111.jpg
13,E:\MedicalData\kagglechallenge\Dermnet\test/Poison Ivy Photos and other Contact Dermatitis/allergic-contact-dermatitis-116.jpg
13,E:\MedicalData\kagglechallenge\Dermnet\test/Poison Ivy Photos and other Contact Dermatitis/allergic-contact-dermatitis-124.jpg
13,E:\MedicalData\kagglechallenge\Dermnet\test/Poison Ivy Photos and other Contact Dermatitis/allergic-contact-dermatitis-134.jpg
13,E:\MedicalData\kagglechallenge\Dermnet\test/Poison Ivy Photos and other Contact Dermatitis/allergic-contact-dermatitis-140.jpg
13,E:\MedicalData\kagglechallenge\Dermnet\test/Poison Ivy Photos and other Contact Dermatitis/allergic-contact-dermatitis-151.jpg
13,E:\MedicalData\kagglechallenge\Dermnet\test/Poison Ivy Photos and other Contact Dermatitis/allergic-contact-dermatitis-152.jpg
13,E:\MedicalData\kagglechallenge\Dermnet\test/Poison Ivy Photos and other Contact Dermatitis/allergic-contact-dermatitis-156.jpg
13,E:\MedicalData\kagglechallenge\Dermnet\test/Poison Ivy Photos and other Contact Dermatitis/allergic-contact-dermatitis-165.jpg
13,E:\MedicalData\kagglechallenge\Dermnet\test/Poison Ivy Photos and other Contact Dermatitis/allergic-contact-dermatitis-167.jpg
13,E:\MedicalData\kagglechallenge\Dermnet\test/Poison Ivy Photos and other Contact Dermatitis/allergic-contact-dermatitis-17.jpg
13,E:\MedicalData\kagglechallenge\Dermnet\test/Poison Ivy Photos and other Contact Dermatitis/allergic-contact-dermatitis-177.jpg
13,E:\MedicalData\kagglechallenge\Dermnet\test/Poison Ivy Photos and other Contact Dermatitis/allergic-contact-dermatitis-25.jpg
13,E:\MedicalData\kagglechallenge\Dermnet\test/Poison Ivy Photos and other Contact Dermatitis/allergic-contact-dermatitis-31.jpg
13,E:\MedicalData\kagglechallenge\Dermnet\test/Poison Ivy Photos and other Contact Dermatitis/allergic-contact-dermatitis-38.jpg
13,E:\MedicalData\kagglechallenge\Dermnet\test/Poison Ivy Photos and other Contact Dermatitis/allergic-contact-dermatitis-83.jpg
13,E:\MedicalData\kagglechallenge\Dermnet\test/Poison Ivy Photos and other Contact Dermatitis/allergic-contact-dermatitis-88.jpg
13,E:\MedicalData\kagglechallenge\Dermnet\test/Poison Ivy Photos and other Contact Dermatitis/allergic-contact-dermatitis-91.jpg
13,E:\MedicalData\kagglechallenge\Dermnet\test/Poison Ivy Photos and other Contact Dermatitis/angry-back-patch-testing-52.jpg
13,E:\MedicalData\kagglechallenge\Dermnet\test/Poison Ivy Photos and other Contact Dermatitis/irritant-contact-dermatitis-8.jpg
13,E:\MedicalData\kagglechallenge\Dermnet\test/Poison Ivy Photos and other Contact Dermatitis/metal-dermatitis-1.jpg
13,E:\MedicalData\kagglechallenge\Dermnet\test/Poison Ivy Photos and other Contact Dermatitis/metal-dermatitis-11.jpg
13,E:\MedicalData\kagglechallenge\Dermnet\test/Poison Ivy Photos and other Contact Dermatitis/metal-dermatitis-2.jpg
13,E:\MedicalData\kagglechallenge\Dermnet\test/Poison Ivy Photos and other Contact Dermatitis/metal-dermatitis-9.jpg
13,E:\MedicalData\kagglechallenge\Dermnet\test/Poison Ivy Photos and other Contact Dermatitis/patch-testing-10.jpg
13,E:\MedicalData\kagglechallenge\Dermnet\test/Poison Ivy Photos and other Contact Dermatitis/patch-testing-2.jpg
13,E:\MedicalData\kagglechallenge\Dermnet\test/Poison Ivy Photos and other Contact Dermatitis/patch-testing-21.jpg
13,E:\MedicalData\kagglechallenge\Dermnet\test/Poison Ivy Photos and other Contact Dermatitis/patch-testing-22.jpg
13,E:\MedicalData\kagglechallenge\Dermnet\test/Poison Ivy Photos and other Contact Dermatitis/patch-testing-26.jpg
13,E:\MedicalData\kagglechallenge\Dermnet\test/Poison Ivy Photos and other Contact Dermatitis/patch-testing-29.jpg
13,E:\MedicalData\kagglechallenge\Dermnet\test/Poison Ivy Photos and other Contact Dermatitis/patch-testing-31.jpg
13,E:\MedicalData\kagglechallenge\Dermnet\test/Poison Ivy Photos and other Contact Dermatitis/patch-testing-33.jpg
13,E:\MedicalData\kagglechallenge\Dermnet\test/Poison Ivy Photos and other Contact Dermatitis/patch-testing-56.jpg
13,E:\MedicalData\kagglechallenge\Dermnet\test/Poison Ivy Photos and other Contact Dermatitis/patch-testing-9.jpg
13,E:\MedicalData\kagglechallenge\Dermnet\test/Poison Ivy Photos and other Contact Dermatitis/rhus-dermatitis-14.jpg
13,E:\MedicalData\kagglechallenge\Dermnet\test/Poison Ivy Photos and other Contact Dermatitis/rhus-dermatitis-17.jpg
13,E:\MedicalData\kagglechallenge\Dermnet\test/Poison Ivy Photos and other Contact Dermatitis/rhus-dermatitis-19.jpg
13,E:\MedicalData\kagglechallenge\Dermnet\test/Poison Ivy Photos and other Contact Dermatitis/rhus-dermatitis-25.jpg
13,E:\MedicalData\kagglechallenge\Dermnet\test/Poison Ivy Photos and other Contact Dermatitis/rhus-dermatitis-26.jpg
13,E:\MedicalData\kagglechallenge\Dermnet\test/Poison Ivy Photos and other Contact Dermatitis/rhus-dermatitis-27.jpg
13,E:\MedicalData\kagglechallenge\Dermnet\test/Poison Ivy Photos and other Contact Dermatitis/rhus-dermatitis-35.jpg
13,E:\MedicalData\kagglechallenge\Dermnet\test/Poison Ivy Photos and other Contact Dermatitis/rhus-dermatitis-4.jpg
13,E:\MedicalData\kagglechallenge\Dermnet\test/Poison Ivy Photos and other Contact Dermatitis/rhus-dermatitis-40.jpg
13,E:\MedicalData\kagglechallenge\Dermnet\test/Poison Ivy Photos and other Contact Dermatitis/rhus-dermatitis-43.jpg
13,E:\MedicalData\kagglechallenge\Dermnet\test/Poison Ivy Photos and other Contact Dermatitis/rhus-dermatitis-46.jpg
13,E:\MedicalData\kagglechallenge\Dermnet\test/Poison Ivy Photos and other Contact Dermatitis/rhus-dermatitis-58.jpg
13,E:\MedicalData\kagglechallenge\Dermnet\test/Poison Ivy Photos and other Contact Dermatitis/rhus-dermatitis-63.jpg
13,E:\MedicalData\kagglechallenge\Dermnet\test/Poison Ivy Photos and other Contact Dermatitis/rhus-dermatitis-71.jpg
13,E:\MedicalData\kagglechallenge\Dermnet\test/Poison Ivy Photos and other Contact Dermatitis/rhus-dermatitis-8.jpg
13,E:\MedicalData\kagglechallenge\Dermnet\test/Poison Ivy Photos and other Contact Dermatitis/rhus-dermatitis-82.jpg
13,E:\MedicalData\kagglechallenge\Dermnet\test/Poison Ivy Photos and other Contact Dermatitis/rhus-dermatitis-85.jpg
13,E:\MedicalData\kagglechallenge\Dermnet\test/Poison Ivy Photos and other Contact Dermatitis/shoe-allergy-4.jpg
13,E:\MedicalData\kagglechallenge\Dermnet\test/Poison Ivy Photos and other Contact Dermatitis/shoe-allergy-6.jpg
13,E:\MedicalData\kagglechallenge\Dermnet\test/Poison Ivy Photos and other Contact Dermatitis/shoe-allergy-7.jpg
13,E:\MedicalData\kagglechallenge\Dermnet\test/Poison Ivy Photos and other Contact Dermatitis/systemically-induced-allergic-dermatitis-3.jpg
14,E:\MedicalData\kagglechallenge\Dermnet\test/Psoriasis pictures Lichen Planus and related diseases/08glutealPinking061906.jpg
14,E:\MedicalData\kagglechallenge\Dermnet\test/Psoriasis pictures Lichen Planus and related diseases/08OilSpotPsoriasis1027.jpg
14,E:\MedicalData\kagglechallenge\Dermnet\test/Psoriasis pictures Lichen Planus and related diseases/08PsoriasisAnalPink1216.jpg
14,E:\MedicalData\kagglechallenge\Dermnet\test/Psoriasis pictures Lichen Planus and related diseases/08psoriasisAnus.jpg
14,E:\MedicalData\kagglechallenge\Dermnet\test/Psoriasis pictures Lichen Planus and related diseases/08PsoriasisPinking1.jpg
14,E:\MedicalData\kagglechallenge\Dermnet\test/Psoriasis pictures Lichen Planus and related diseases/08SebDermChest010106.jpg
14,E:\MedicalData\kagglechallenge\Dermnet\test/Psoriasis pictures Lichen Planus and related diseases/08SebDermLids030104.jpg
14,E:\MedicalData\kagglechallenge\Dermnet\test/Psoriasis pictures Lichen Planus and related diseases/08SebDermPrestern.jpg
14,E:\MedicalData\kagglechallenge\Dermnet\test/Psoriasis pictures Lichen Planus and related diseases/08SebDermPresternal063001.jpg
14,E:\MedicalData\kagglechallenge\Dermnet\test/Psoriasis pictures Lichen Planus and related diseases/08sebKerm01230642.jpg
14,E:\MedicalData\kagglechallenge\Dermnet\test/Psoriasis pictures Lichen Planus and related diseases/08sebKerm1122046.jpg
14,E:\MedicalData\kagglechallenge\Dermnet\test/Psoriasis pictures Lichen Planus and related diseases/13tineaAmiantacea082106.jpg
14,E:\MedicalData\kagglechallenge\Dermnet\test/Psoriasis pictures Lichen Planus and related diseases/8Psoriasis2-127.jpg
14,E:\MedicalData\kagglechallenge\Dermnet\test/Psoriasis pictures Lichen Planus and related diseases/8Psoriasis2-130.jpg
14,E:\MedicalData\kagglechallenge\Dermnet\test/Psoriasis pictures Lichen Planus and related diseases/Axillary-Granular-Parakeratosis-1.jpg
14,E:\MedicalData\kagglechallenge\Dermnet\test/Psoriasis pictures Lichen Planus and related diseases/Axillary-Granular-Parakeratosis-9.jpg
14,E:\MedicalData\kagglechallenge\Dermnet\test/Psoriasis pictures Lichen Planus and related diseases/Lichen-Nitidus-2.jpg
14,E:\MedicalData\kagglechallenge\Dermnet\test/Psoriasis pictures Lichen Planus and related diseases/Lichen-Nitidus-22.jpg
14,E:\MedicalData\kagglechallenge\Dermnet\test/Psoriasis pictures Lichen Planus and related diseases/Lichen-Nitidus-3.jpg
14,E:\MedicalData\kagglechallenge\Dermnet\test/Psoriasis pictures Lichen Planus and related diseases/lichen-planus-10.jpg
14,E:\MedicalData\kagglechallenge\Dermnet\test/Psoriasis pictures Lichen Planus and related diseases/lichen-planus-113.jpg
14,E:\MedicalData\kagglechallenge\Dermnet\test/Psoriasis pictures Lichen Planus and related diseases/lichen-planus-115.jpg
14,E:\MedicalData\kagglechallenge\Dermnet\test/Psoriasis pictures Lichen Planus and related diseases/lichen-planus-117.jpg
14,E:\MedicalData\kagglechallenge\Dermnet\test/Psoriasis pictures Lichen Planus and related diseases/lichen-planus-121.jpg
14,E:\MedicalData\kagglechallenge\Dermnet\test/Psoriasis pictures Lichen Planus and related diseases/lichen-planus-125.jpg
14,E:\MedicalData\kagglechallenge\Dermnet\test/Psoriasis pictures Lichen Planus and related diseases/lichen-planus-129.jpg
14,E:\MedicalData\kagglechallenge\Dermnet\test/Psoriasis pictures Lichen Planus and related diseases/lichen-planus-133.jpg
14,E:\MedicalData\kagglechallenge\Dermnet\test/Psoriasis pictures Lichen Planus and related diseases/lichen-planus-144.jpg
14,E:\MedicalData\kagglechallenge\Dermnet\test/Psoriasis pictures Lichen Planus and related diseases/lichen-planus-149.jpg
14,E:\MedicalData\kagglechallenge\Dermnet\test/Psoriasis pictures Lichen Planus and related diseases/lichen-planus-153.jpg
14,E:\MedicalData\kagglechallenge\Dermnet\test/Psoriasis pictures Lichen Planus and related diseases/lichen-planus-157.jpg
14,E:\MedicalData\kagglechallenge\Dermnet\test/Psoriasis pictures Lichen Planus and related diseases/lichen-planus-159.jpg
14,E:\MedicalData\kagglechallenge\Dermnet\test/Psoriasis pictures Lichen Planus and related diseases/lichen-planus-16.jpg
14,E:\MedicalData\kagglechallenge\Dermnet\test/Psoriasis pictures Lichen Planus and related diseases/lichen-planus-160.jpg
14,E:\MedicalData\kagglechallenge\Dermnet\test/Psoriasis pictures Lichen Planus and related diseases/lichen-planus-168.jpg
14,E:\MedicalData\kagglechallenge\Dermnet\test/Psoriasis pictures Lichen Planus and related diseases/lichen-planus-180.jpg
14,E:\MedicalData\kagglechallenge\Dermnet\test/Psoriasis pictures Lichen Planus and related diseases/lichen-planus-186.jpg
14,E:\MedicalData\kagglechallenge\Dermnet\test/Psoriasis pictures Lichen Planus and related diseases/lichen-planus-187.jpg
14,E:\MedicalData\kagglechallenge\Dermnet\test/Psoriasis pictures Lichen Planus and related diseases/lichen-planus-188.jpg
14,E:\MedicalData\kagglechallenge\Dermnet\test/Psoriasis pictures Lichen Planus and related diseases/lichen-planus-190.jpg
14,E:\MedicalData\kagglechallenge\Dermnet\test/Psoriasis pictures Lichen Planus and related diseases/lichen-planus-199.jpg
14,E:\MedicalData\kagglechallenge\Dermnet\test/Psoriasis pictures Lichen Planus and related diseases/lichen-planus-205.jpg
14,E:\MedicalData\kagglechallenge\Dermnet\test/Psoriasis pictures Lichen Planus and related diseases/lichen-planus-212.jpg
14,E:\MedicalData\kagglechallenge\Dermnet\test/Psoriasis pictures Lichen Planus and related diseases/lichen-planus-83.jpg
14,E:\MedicalData\kagglechallenge\Dermnet\test/Psoriasis pictures Lichen Planus and related diseases/lichen-planus-84.jpg
14,E:\MedicalData\kagglechallenge\Dermnet\test/Psoriasis pictures Lichen Planus and related diseases/Lichen-Planus-Drug-19.jpg
14,E:\MedicalData\kagglechallenge\Dermnet\test/Psoriasis pictures Lichen Planus and related diseases/Lichen-Planus-Drug-20.jpg
14,E:\MedicalData\kagglechallenge\Dermnet\test/Psoriasis pictures Lichen Planus and related diseases/Lichen-Planus-Drug-28.jpg
14,E:\MedicalData\kagglechallenge\Dermnet\test/Psoriasis pictures Lichen Planus and related diseases/Lichen-Planus-Hypertrophic-16.jpg
14,E:\MedicalData\kagglechallenge\Dermnet\test/Psoriasis pictures Lichen Planus and related diseases/Lichen-Planus-Hypertrophic-17.jpg
14,E:\MedicalData\kagglechallenge\Dermnet\test/Psoriasis pictures Lichen Planus and related diseases/Lichen-Planus-Hypertrophic-18.jpg
14,E:\MedicalData\kagglechallenge\Dermnet\test/Psoriasis pictures Lichen Planus and related diseases/Lichen-Planus-Hypertrophic-22.jpg
14,E:\MedicalData\kagglechallenge\Dermnet\test/Psoriasis pictures Lichen Planus and related diseases/Lichen-Planus-Hypertrophic-8.jpg
14,E:\MedicalData\kagglechallenge\Dermnet\test/Psoriasis pictures Lichen Planus and related diseases/Lichen-Planus-Oral-13.jpg
14,E:\MedicalData\kagglechallenge\Dermnet\test/Psoriasis pictures Lichen Planus and related diseases/Lichen-Planus-Oral-23.jpg
14,E:\MedicalData\kagglechallenge\Dermnet\test/Psoriasis pictures Lichen Planus and related diseases/Lichen-Planus-Oral-32.jpg
14,E:\MedicalData\kagglechallenge\Dermnet\test/Psoriasis pictures Lichen Planus and related diseases/Lichen-Planus-Oral-45.jpg
14,E:\MedicalData\kagglechallenge\Dermnet\test/Psoriasis pictures Lichen Planus and related diseases/Lichen-Planus-Palm-Soles-11.jpg
14,E:\MedicalData\kagglechallenge\Dermnet\test/Psoriasis pictures Lichen Planus and related diseases/Lichen-Planus-Penis-10.jpg
14,E:\MedicalData\kagglechallenge\Dermnet\test/Psoriasis pictures Lichen Planus and related diseases/Lichen-Planus-Penis-5.jpg
14,E:\MedicalData\kagglechallenge\Dermnet\test/Psoriasis pictures Lichen Planus and related diseases/lichen-planus-vaginal-9.jpg
14,E:\MedicalData\kagglechallenge\Dermnet\test/Psoriasis pictures Lichen Planus and related diseases/Lichen-Sclerosis-Vulva-13.jpg
14,E:\MedicalData\kagglechallenge\Dermnet\test/Psoriasis pictures Lichen Planus and related diseases/Lichen-Sclerosis-Vulva-15.jpg
14,E:\MedicalData\kagglechallenge\Dermnet\test/Psoriasis pictures Lichen Planus and related diseases/Lichen-Sclerosis-Vulva-17.jpg
14,E:\MedicalData\kagglechallenge\Dermnet\test/Psoriasis pictures Lichen Planus and related diseases/Lichen-Sclerosis-Vulva-3.jpg
14,E:\MedicalData\kagglechallenge\Dermnet\test/Psoriasis pictures Lichen Planus and related diseases/Lichen-Sclerosis-Vulva-31.jpg
14,E:\MedicalData\kagglechallenge\Dermnet\test/Psoriasis pictures Lichen Planus and related diseases/Lichen-Sclerosis-Vulva-33.jpg
14,E:\MedicalData\kagglechallenge\Dermnet\test/Psoriasis pictures Lichen Planus and related diseases/Lichen-Sclerosis-Vulva-5.jpg
14,E:\MedicalData\kagglechallenge\Dermnet\test/Psoriasis pictures Lichen Planus and related diseases/Lichen-Sclerosis-Vulva-6.jpg
14,E:\MedicalData\kagglechallenge\Dermnet\test/Psoriasis pictures Lichen Planus and related diseases/Lichen-Sclerosus-Penis-10.jpg
14,E:\MedicalData\kagglechallenge\Dermnet\test/Psoriasis pictures Lichen Planus and related diseases/Lichen-Sclerosus-Penis-19.jpg
14,E:\MedicalData\kagglechallenge\Dermnet\test/Psoriasis pictures Lichen Planus and related diseases/Lichen-Sclerosus-Penis-24.jpg
14,E:\MedicalData\kagglechallenge\Dermnet\test/Psoriasis pictures Lichen Planus and related diseases/Lichen-Sclerosus-Penis-33.jpg
14,E:\MedicalData\kagglechallenge\Dermnet\test/Psoriasis pictures Lichen Planus and related diseases/Lichen-Sclerosus-Penis-35.jpg
14,E:\MedicalData\kagglechallenge\Dermnet\test/Psoriasis pictures Lichen Planus and related diseases/Lichen-Sclerosus-Penis-36.jpg
14,E:\MedicalData\kagglechallenge\Dermnet\test/Psoriasis pictures Lichen Planus and related diseases/Lichen-Sclerosus-Penis-38.jpg
14,E:\MedicalData\kagglechallenge\Dermnet\test/Psoriasis pictures Lichen Planus and related diseases/Lichen-Sclerosus-Penis-39.jpg
14,E:\MedicalData\kagglechallenge\Dermnet\test/Psoriasis pictures Lichen Planus and related diseases/Lichen-Sclerosus-Penis-41.jpg
14,E:\MedicalData\kagglechallenge\Dermnet\test/Psoriasis pictures Lichen Planus and related diseases/Lichen-Sclerosus-Penis-43.jpg
14,E:\MedicalData\kagglechallenge\Dermnet\test/Psoriasis pictures Lichen Planus and related diseases/Lichen-Sclerosus-Penis-5.jpg
14,E:\MedicalData\kagglechallenge\Dermnet\test/Psoriasis pictures Lichen Planus and related diseases/Lichen-Sclerosus-Skin-1.jpg
14,E:\MedicalData\kagglechallenge\Dermnet\test/Psoriasis pictures Lichen Planus and related diseases/Lichen-Sclerosus-Skin-109.jpg
14,E:\MedicalData\kagglechallenge\Dermnet\test/Psoriasis pictures Lichen Planus and related diseases/Lichen-Sclerosus-Skin-113.jpg
14,E:\MedicalData\kagglechallenge\Dermnet\test/Psoriasis pictures Lichen Planus and related diseases/Lichen-Sclerosus-Skin-123.jpg
14,E:\MedicalData\kagglechallenge\Dermnet\test/Psoriasis pictures Lichen Planus and related diseases/Lichen-Sclerosus-Skin-130.jpg
14,E:\MedicalData\kagglechallenge\Dermnet\test/Psoriasis pictures Lichen Planus and related diseases/Lichen-Sclerosus-Skin-16.jpg
14,E:\MedicalData\kagglechallenge\Dermnet\test/Psoriasis pictures Lichen Planus and related diseases/Lichen-Sclerosus-Skin-19.jpg
14,E:\MedicalData\kagglechallenge\Dermnet\test/Psoriasis pictures Lichen Planus and related diseases/Lichen-Sclerosus-Skin-2.jpg
14,E:\MedicalData\kagglechallenge\Dermnet\test/Psoriasis pictures Lichen Planus and related diseases/Lichen-Sclerosus-Skin-23.jpg
14,E:\MedicalData\kagglechallenge\Dermnet\test/Psoriasis pictures Lichen Planus and related diseases/Lichen-Sclerosus-Skin-25.jpg
14,E:\MedicalData\kagglechallenge\Dermnet\test/Psoriasis pictures Lichen Planus and related diseases/Lichen-Sclerosus-Skin-26.jpg
14,E:\MedicalData\kagglechallenge\Dermnet\test/Psoriasis pictures Lichen Planus and related diseases/Lichen-Sclerosus-Skin-3.jpg
14,E:\MedicalData\kagglechallenge\Dermnet\test/Psoriasis pictures Lichen Planus and related diseases/Lichen-Sclerosus-Skin-34.jpg
14,E:\MedicalData\kagglechallenge\Dermnet\test/Psoriasis pictures Lichen Planus and related diseases/Lichen-Sclerosus-Skin-39.jpg
14,E:\MedicalData\kagglechallenge\Dermnet\test/Psoriasis pictures Lichen Planus and related diseases/Lichen-Sclerosus-Skin-40.jpg
14,E:\MedicalData\kagglechallenge\Dermnet\test/Psoriasis pictures Lichen Planus and related diseases/Lichen-Sclerosus-Skin-43.jpg
14,E:\MedicalData\kagglechallenge\Dermnet\test/Psoriasis pictures Lichen Planus and related diseases/Lichen-Sclerosus-Skin-48.jpg
14,E:\MedicalData\kagglechallenge\Dermnet\test/Psoriasis pictures Lichen Planus and related diseases/Lichen-Sclerosus-Skin-51.jpg
14,E:\MedicalData\kagglechallenge\Dermnet\test/Psoriasis pictures Lichen Planus and related diseases/Lichen-Sclerosus-Skin-53.jpg
14,E:\MedicalData\kagglechallenge\Dermnet\test/Psoriasis pictures Lichen Planus and related diseases/Lichen-Sclerosus-Skin-58.jpg
14,E:\MedicalData\kagglechallenge\Dermnet\test/Psoriasis pictures Lichen Planus and related diseases/Lichen-Sclerosus-Skin-68.jpg
14,E:\MedicalData\kagglechallenge\Dermnet\test/Psoriasis pictures Lichen Planus and related diseases/Lichen-Sclerosus-Skin-75.jpg
14,E:\MedicalData\kagglechallenge\Dermnet\test/Psoriasis pictures Lichen Planus and related diseases/Lichen-Sclerosus-Skin-84.jpg
14,E:\MedicalData\kagglechallenge\Dermnet\test/Psoriasis pictures Lichen Planus and related diseases/Lichen-Sclerosus-Skin-9.jpg
14,E:\MedicalData\kagglechallenge\Dermnet\test/Psoriasis pictures Lichen Planus and related diseases/Lichen-Sclerosus-Skin-91.jpg
14,E:\MedicalData\kagglechallenge\Dermnet\test/Psoriasis pictures Lichen Planus and related diseases/Lichen-Sclerosus-Skin-92.jpg
14,E:\MedicalData\kagglechallenge\Dermnet\test/Psoriasis pictures Lichen Planus and related diseases/Lichen-Sclerosus-Skin-96.jpg
14,E:\MedicalData\kagglechallenge\Dermnet\test/Psoriasis pictures Lichen Planus and related diseases/Pityriasis-Lichenoides-12.jpg
14,E:\MedicalData\kagglechallenge\Dermnet\test/Psoriasis pictures Lichen Planus and related diseases/Pityriasis-Lichenoides-14.jpg
14,E:\MedicalData\kagglechallenge\Dermnet\test/Psoriasis pictures Lichen Planus and related diseases/Pityriasis-Lichenoides-26.jpg
14,E:\MedicalData\kagglechallenge\Dermnet\test/Psoriasis pictures Lichen Planus and related diseases/Pityriasis-Lichenoides-32.jpg
14,E:\MedicalData\kagglechallenge\Dermnet\test/Psoriasis pictures Lichen Planus and related diseases/Pityriasis-Lichenoides-48.jpg
14,E:\MedicalData\kagglechallenge\Dermnet\test/Psoriasis pictures Lichen Planus and related diseases/Pityriasis-Lichenoides-9.jpg
14,E:\MedicalData\kagglechallenge\Dermnet\test/Psoriasis pictures Lichen Planus and related diseases/pityriasis-rosea-106.jpg
14,E:\MedicalData\kagglechallenge\Dermnet\test/Psoriasis pictures Lichen Planus and related diseases/pityriasis-rosea-11.jpg
14,E:\MedicalData\kagglechallenge\Dermnet\test/Psoriasis pictures Lichen Planus and related diseases/pityriasis-rosea-116.jpg
14,E:\MedicalData\kagglechallenge\Dermnet\test/Psoriasis pictures Lichen Planus and related diseases/pityriasis-rosea-121.jpg
14,E:\MedicalData\kagglechallenge\Dermnet\test/Psoriasis pictures Lichen Planus and related diseases/pityriasis-rosea-122.jpg
14,E:\MedicalData\kagglechallenge\Dermnet\test/Psoriasis pictures Lichen Planus and related diseases/pityriasis-rosea-131.jpg
14,E:\MedicalData\kagglechallenge\Dermnet\test/Psoriasis pictures Lichen Planus and related diseases/pityriasis-rosea-135.jpg
14,E:\MedicalData\kagglechallenge\Dermnet\test/Psoriasis pictures Lichen Planus and related diseases/pityriasis-rosea-139.jpg
14,E:\MedicalData\kagglechallenge\Dermnet\test/Psoriasis pictures Lichen Planus and related diseases/pityriasis-rosea-140.jpg
14,E:\MedicalData\kagglechallenge\Dermnet\test/Psoriasis pictures Lichen Planus and related diseases/pityriasis-rosea-143.jpg
14,E:\MedicalData\kagglechallenge\Dermnet\test/Psoriasis pictures Lichen Planus and related diseases/pityriasis-rosea-146.jpg
14,E:\MedicalData\kagglechallenge\Dermnet\test/Psoriasis pictures Lichen Planus and related diseases/pityriasis-rosea-154.jpg
14,E:\MedicalData\kagglechallenge\Dermnet\test/Psoriasis pictures Lichen Planus and related diseases/pityriasis-rosea-156.jpg
14,E:\MedicalData\kagglechallenge\Dermnet\test/Psoriasis pictures Lichen Planus and related diseases/pityriasis-rosea-159.jpg
14,E:\MedicalData\kagglechallenge\Dermnet\test/Psoriasis pictures Lichen Planus and related diseases/pityriasis-rosea-161.jpg
14,E:\MedicalData\kagglechallenge\Dermnet\test/Psoriasis pictures Lichen Planus and related diseases/pityriasis-rosea-173.jpg
14,E:\MedicalData\kagglechallenge\Dermnet\test/Psoriasis pictures Lichen Planus and related diseases/pityriasis-rosea-176.jpg
14,E:\MedicalData\kagglechallenge\Dermnet\test/Psoriasis pictures Lichen Planus and related diseases/pityriasis-rosea-187.jpg
14,E:\MedicalData\kagglechallenge\Dermnet\test/Psoriasis pictures Lichen Planus and related diseases/pityriasis-rosea-189.jpg
14,E:\MedicalData\kagglechallenge\Dermnet\test/Psoriasis pictures Lichen Planus and related diseases/pityriasis-rosea-191.jpg
14,E:\MedicalData\kagglechallenge\Dermnet\test/Psoriasis pictures Lichen Planus and related diseases/pityriasis-rosea-197.jpg
14,E:\MedicalData\kagglechallenge\Dermnet\test/Psoriasis pictures Lichen Planus and related diseases/pityriasis-rosea-199.jpg
14,E:\MedicalData\kagglechallenge\Dermnet\test/Psoriasis pictures Lichen Planus and related diseases/pityriasis-rosea-200.jpg
14,E:\MedicalData\kagglechallenge\Dermnet\test/Psoriasis pictures Lichen Planus and related diseases/pityriasis-rosea-22.jpg
14,E:\MedicalData\kagglechallenge\Dermnet\test/Psoriasis pictures Lichen Planus and related diseases/pityriasis-rosea-90.jpg
14,E:\MedicalData\kagglechallenge\Dermnet\test/Psoriasis pictures Lichen Planus and related diseases/pityriasis-rosea-91.jpg
14,E:\MedicalData\kagglechallenge\Dermnet\test/Psoriasis pictures Lichen Planus and related diseases/pityriasis-rosea-94.jpg
14,E:\MedicalData\kagglechallenge\Dermnet\test/Psoriasis pictures Lichen Planus and related diseases/pityriasis-rosea-95.jpg
14,E:\MedicalData\kagglechallenge\Dermnet\test/Psoriasis pictures Lichen Planus and related diseases/pityriasis-rubra-pilaris-1.jpg
14,E:\MedicalData\kagglechallenge\Dermnet\test/Psoriasis pictures Lichen Planus and related diseases/pityriasis-rubra-pilaris-11.jpg
14,E:\MedicalData\kagglechallenge\Dermnet\test/Psoriasis pictures Lichen Planus and related diseases/pityriasis-rubra-pilaris-13.jpg
14,E:\MedicalData\kagglechallenge\Dermnet\test/Psoriasis pictures Lichen Planus and related diseases/pityriasis-rubra-pilaris-14.jpg
14,E:\MedicalData\kagglechallenge\Dermnet\test/Psoriasis pictures Lichen Planus and related diseases/pityriasis-rubra-pilaris-15.jpg
14,E:\MedicalData\kagglechallenge\Dermnet\test/Psoriasis pictures Lichen Planus and related diseases/pityriasis-rubra-pilaris-20.jpg
14,E:\MedicalData\kagglechallenge\Dermnet\test/Psoriasis pictures Lichen Planus and related diseases/pityriasis-rubra-pilaris-30.jpg
14,E:\MedicalData\kagglechallenge\Dermnet\test/Psoriasis pictures Lichen Planus and related diseases/pityriasis-rubra-pilaris-45.jpg
14,E:\MedicalData\kagglechallenge\Dermnet\test/Psoriasis pictures Lichen Planus and related diseases/pityriasis-rubra-pilaris-48.jpg
14,E:\MedicalData\kagglechallenge\Dermnet\test/Psoriasis pictures Lichen Planus and related diseases/pityriasis-rubra-pilaris-49.jpg
14,E:\MedicalData\kagglechallenge\Dermnet\test/Psoriasis pictures Lichen Planus and related diseases/pityriasis-rubra-pilaris-58.jpg
14,E:\MedicalData\kagglechallenge\Dermnet\test/Psoriasis pictures Lichen Planus and related diseases/pityriasis-rubra-pilaris-60.jpg
14,E:\MedicalData\kagglechallenge\Dermnet\test/Psoriasis pictures Lichen Planus and related diseases/pityriasis-rubra-pilaris-61.jpg
14,E:\MedicalData\kagglechallenge\Dermnet\test/Psoriasis pictures Lichen Planus and related diseases/pityriasis-rubra-pilaris-70.jpg
14,E:\MedicalData\kagglechallenge\Dermnet\test/Psoriasis pictures Lichen Planus and related diseases/pityriasis-rubra-pilaris-8.jpg
14,E:\MedicalData\kagglechallenge\Dermnet\test/Psoriasis pictures Lichen Planus and related diseases/pityriasis-rubra-pilaris-9.jpg
14,E:\MedicalData\kagglechallenge\Dermnet\test/Psoriasis pictures Lichen Planus and related diseases/Psoriasis-Anus-15.jpg
14,E:\MedicalData\kagglechallenge\Dermnet\test/Psoriasis pictures Lichen Planus and related diseases/Psoriasis-Anus-18.jpg
14,E:\MedicalData\kagglechallenge\Dermnet\test/Psoriasis pictures Lichen Planus and related diseases/Psoriasis-Cellulitis-2.jpg
14,E:\MedicalData\kagglechallenge\Dermnet\test/Psoriasis pictures Lichen Planus and related diseases/psoriasis-Chronic-plaque-00316.jpg
14,E:\MedicalData\kagglechallenge\Dermnet\test/Psoriasis pictures Lichen Planus and related diseases/Psoriasis-Chronic-Plaque-1.jpg
14,E:\MedicalData\kagglechallenge\Dermnet\test/Psoriasis pictures Lichen Planus and related diseases/Psoriasis-Chronic-Plaque-108.jpg
14,E:\MedicalData\kagglechallenge\Dermnet\test/Psoriasis pictures Lichen Planus and related diseases/Psoriasis-Chronic-Plaque-121.jpg
14,E:\MedicalData\kagglechallenge\Dermnet\test/Psoriasis pictures Lichen Planus and related diseases/Psoriasis-Chronic-Plaque-122.jpg
14,E:\MedicalData\kagglechallenge\Dermnet\test/Psoriasis pictures Lichen Planus and related diseases/Psoriasis-Chronic-Plaque-123.jpg
14,E:\MedicalData\kagglechallenge\Dermnet\test/Psoriasis pictures Lichen Planus and related diseases/Psoriasis-Chronic-Plaque-131.jpg
14,E:\MedicalData\kagglechallenge\Dermnet\test/Psoriasis pictures Lichen Planus and related diseases/Psoriasis-Chronic-Plaque-132.jpg
14,E:\MedicalData\kagglechallenge\Dermnet\test/Psoriasis pictures Lichen Planus and related diseases/Psoriasis-Chronic-Plaque-134.jpg
14,E:\MedicalData\kagglechallenge\Dermnet\test/Psoriasis pictures Lichen Planus and related diseases/Psoriasis-Chronic-Plaque-14.jpg
14,E:\MedicalData\kagglechallenge\Dermnet\test/Psoriasis pictures Lichen Planus and related diseases/Psoriasis-Chronic-Plaque-159.jpg
14,E:\MedicalData\kagglechallenge\Dermnet\test/Psoriasis pictures Lichen Planus and related diseases/Psoriasis-Chronic-Plaque-160.jpg
14,E:\MedicalData\kagglechallenge\Dermnet\test/Psoriasis pictures Lichen Planus and related diseases/Psoriasis-Chronic-Plaque-176.jpg
14,E:\MedicalData\kagglechallenge\Dermnet\test/Psoriasis pictures Lichen Planus and related diseases/Psoriasis-Chronic-Plaque-181.jpg
14,E:\MedicalData\kagglechallenge\Dermnet\test/Psoriasis pictures Lichen Planus and related diseases/Psoriasis-Chronic-Plaque-183.jpg
14,E:\MedicalData\kagglechallenge\Dermnet\test/Psoriasis pictures Lichen Planus and related diseases/Psoriasis-Chronic-Plaque-19.jpg
14,E:\MedicalData\kagglechallenge\Dermnet\test/Psoriasis pictures Lichen Planus and related diseases/Psoriasis-Chronic-Plaque-191.jpg
14,E:\MedicalData\kagglechallenge\Dermnet\test/Psoriasis pictures Lichen Planus and related diseases/Psoriasis-Chronic-Plaque-93.jpg
14,E:\MedicalData\kagglechallenge\Dermnet\test/Psoriasis pictures Lichen Planus and related diseases/Psoriasis-Chronic-Plaque-95.jpg
14,E:\MedicalData\kagglechallenge\Dermnet\test/Psoriasis pictures Lichen Planus and related diseases/Psoriasis-Chronic-Plaque-96.jpg
14,E:\MedicalData\kagglechallenge\Dermnet\test/Psoriasis pictures Lichen Planus and related diseases/psoriasis-erythrodermic-14.jpg
14,E:\MedicalData\kagglechallenge\Dermnet\test/Psoriasis pictures Lichen Planus and related diseases/psoriasis-erythrodermic-15.jpg
14,E:\MedicalData\kagglechallenge\Dermnet\test/Psoriasis pictures Lichen Planus and related diseases/psoriasis-erythrodermic-17.jpg
14,E:\MedicalData\kagglechallenge\Dermnet\test/Psoriasis pictures Lichen Planus and related diseases/psoriasis-erythrodermic-33.jpg
14,E:\MedicalData\kagglechallenge\Dermnet\test/Psoriasis pictures Lichen Planus and related diseases/psoriasis-erythrodermic-6.jpg
14,E:\MedicalData\kagglechallenge\Dermnet\test/Psoriasis pictures Lichen Planus and related diseases/psoriasis-erythrodermic-8.jpg
14,E:\MedicalData\kagglechallenge\Dermnet\test/Psoriasis pictures Lichen Planus and related diseases/Psoriasis-Guttate-1.jpg
14,E:\MedicalData\kagglechallenge\Dermnet\test/Psoriasis pictures Lichen Planus and related diseases/Psoriasis-Guttate-105.jpg
14,E:\MedicalData\kagglechallenge\Dermnet\test/Psoriasis pictures Lichen Planus and related diseases/Psoriasis-Guttate-109.jpg
14,E:\MedicalData\kagglechallenge\Dermnet\test/Psoriasis pictures Lichen Planus and related diseases/Psoriasis-Guttate-110.jpg
14,E:\MedicalData\kagglechallenge\Dermnet\test/Psoriasis pictures Lichen Planus and related diseases/Psoriasis-Guttate-113.jpg
14,E:\MedicalData\kagglechallenge\Dermnet\test/Psoriasis pictures Lichen Planus and related diseases/Psoriasis-Guttate-117.jpg
14,E:\MedicalData\kagglechallenge\Dermnet\test/Psoriasis pictures Lichen Planus and related diseases/Psoriasis-Guttate-124.jpg
14,E:\MedicalData\kagglechallenge\Dermnet\test/Psoriasis pictures Lichen Planus and related diseases/Psoriasis-Guttate-21.jpg
14,E:\MedicalData\kagglechallenge\Dermnet\test/Psoriasis pictures Lichen Planus and related diseases/Psoriasis-Guttate-47.jpg
14,E:\MedicalData\kagglechallenge\Dermnet\test/Psoriasis pictures Lichen Planus and related diseases/Psoriasis-Guttate-55.jpg
14,E:\MedicalData\kagglechallenge\Dermnet\test/Psoriasis pictures Lichen Planus and related diseases/Psoriasis-Guttate-59.jpg
14,E:\MedicalData\kagglechallenge\Dermnet\test/Psoriasis pictures Lichen Planus and related diseases/Psoriasis-Guttate-6.jpg
14,E:\MedicalData\kagglechallenge\Dermnet\test/Psoriasis pictures Lichen Planus and related diseases/Psoriasis-Guttate-65.jpg
14,E:\MedicalData\kagglechallenge\Dermnet\test/Psoriasis pictures Lichen Planus and related diseases/Psoriasis-Guttate-74.jpg
14,E:\MedicalData\kagglechallenge\Dermnet\test/Psoriasis pictures Lichen Planus and related diseases/Psoriasis-Guttate-79.jpg
14,E:\MedicalData\kagglechallenge\Dermnet\test/Psoriasis pictures Lichen Planus and related diseases/Psoriasis-Guttate-84.jpg
14,E:\MedicalData\kagglechallenge\Dermnet\test/Psoriasis pictures Lichen Planus and related diseases/Psoriasis-Guttate-88.jpg
14,E:\MedicalData\kagglechallenge\Dermnet\test/Psoriasis pictures Lichen Planus and related diseases/Psoriasis-Guttate-93.jpg
14,E:\MedicalData\kagglechallenge\Dermnet\test/Psoriasis pictures Lichen Planus and related diseases/Psoriasis-Guttate-94.jpg
14,E:\MedicalData\kagglechallenge\Dermnet\test/Psoriasis pictures Lichen Planus and related diseases/Psoriasis-Guttate-96.jpg
14,E:\MedicalData\kagglechallenge\Dermnet\test/Psoriasis pictures Lichen Planus and related diseases/Psoriasis-Hand-34.jpg
14,E:\MedicalData\kagglechallenge\Dermnet\test/Psoriasis pictures Lichen Planus and related diseases/Psoriasis-Hand-35.jpg
14,E:\MedicalData\kagglechallenge\Dermnet\test/Psoriasis pictures Lichen Planus and related diseases/Psoriasis-Hand-4.jpg
14,E:\MedicalData\kagglechallenge\Dermnet\test/Psoriasis pictures Lichen Planus and related diseases/Psoriasis-Hand-40.jpg
14,E:\MedicalData\kagglechallenge\Dermnet\test/Psoriasis pictures Lichen Planus and related diseases/Psoriasis-Hand-43.jpg
14,E:\MedicalData\kagglechallenge\Dermnet\test/Psoriasis pictures Lichen Planus and related diseases/Psoriasis-Hand-44.jpg
14,E:\MedicalData\kagglechallenge\Dermnet\test/Psoriasis pictures Lichen Planus and related diseases/Psoriasis-Hand-48.jpg
14,E:\MedicalData\kagglechallenge\Dermnet\test/Psoriasis pictures Lichen Planus and related diseases/Psoriasis-Hand-5.jpg
14,E:\MedicalData\kagglechallenge\Dermnet\test/Psoriasis pictures Lichen Planus and related diseases/Psoriasis-Hand-55.jpg
14,E:\MedicalData\kagglechallenge\Dermnet\test/Psoriasis pictures Lichen Planus and related diseases/Psoriasis-Hand-7.jpg
14,E:\MedicalData\kagglechallenge\Dermnet\test/Psoriasis pictures Lichen Planus and related diseases/Psoriasis-Histology-11.jpg
14,E:\MedicalData\kagglechallenge\Dermnet\test/Psoriasis pictures Lichen Planus and related diseases/Psoriasis-Histology-4.jpg
14,E:\MedicalData\kagglechallenge\Dermnet\test/Psoriasis pictures Lichen Planus and related diseases/Psoriasis-Histology-8.jpg
14,E:\MedicalData\kagglechallenge\Dermnet\test/Psoriasis pictures Lichen Planus and related diseases/Psoriasis-Histology-9.jpg
14,E:\MedicalData\kagglechallenge\Dermnet\test/Psoriasis pictures Lichen Planus and related diseases/Psoriasis-Interferon-Injection-08230423.jpg
14,E:\MedicalData\kagglechallenge\Dermnet\test/Psoriasis pictures Lichen Planus and related diseases/Psoriasis-inversus-13.jpg
14,E:\MedicalData\kagglechallenge\Dermnet\test/Psoriasis pictures Lichen Planus and related diseases/Psoriasis-inversus-18.jpg
14,E:\MedicalData\kagglechallenge\Dermnet\test/Psoriasis pictures Lichen Planus and related diseases/Psoriasis-inversus-23.jpg
14,E:\MedicalData\kagglechallenge\Dermnet\test/Psoriasis pictures Lichen Planus and related diseases/Psoriasis-inversus-25.jpg
14,E:\MedicalData\kagglechallenge\Dermnet\test/Psoriasis pictures Lichen Planus and related diseases/Psoriasis-inversus-29.jpg
14,E:\MedicalData\kagglechallenge\Dermnet\test/Psoriasis pictures Lichen Planus and related diseases/Psoriasis-inversus-4.jpg
14,E:\MedicalData\kagglechallenge\Dermnet\test/Psoriasis pictures Lichen Planus and related diseases/Psoriasis-nails-10.jpg
14,E:\MedicalData\kagglechallenge\Dermnet\test/Psoriasis pictures Lichen Planus and related diseases/Psoriasis-nails-17.jpg
14,E:\MedicalData\kagglechallenge\Dermnet\test/Psoriasis pictures Lichen Planus and related diseases/Psoriasis-nails-18.jpg
14,E:\MedicalData\kagglechallenge\Dermnet\test/Psoriasis pictures Lichen Planus and related diseases/Psoriasis-nails-2.jpg
14,E:\MedicalData\kagglechallenge\Dermnet\test/Psoriasis pictures Lichen Planus and related diseases/Psoriasis-nails-3.jpg
14,E:\MedicalData\kagglechallenge\Dermnet\test/Psoriasis pictures Lichen Planus and related diseases/Psoriasis-nails-31.jpg
14,E:\MedicalData\kagglechallenge\Dermnet\test/Psoriasis pictures Lichen Planus and related diseases/Psoriasis-nails-9.jpg
14,E:\MedicalData\kagglechallenge\Dermnet\test/Psoriasis pictures Lichen Planus and related diseases/psoriasis-palms-soles-109.jpg
14,E:\MedicalData\kagglechallenge\Dermnet\test/Psoriasis pictures Lichen Planus and related diseases/psoriasis-palms-soles-111.jpg
14,E:\MedicalData\kagglechallenge\Dermnet\test/Psoriasis pictures Lichen Planus and related diseases/psoriasis-palms-soles-114.jpg
14,E:\MedicalData\kagglechallenge\Dermnet\test/Psoriasis pictures Lichen Planus and related diseases/psoriasis-palms-soles-12.jpg
14,E:\MedicalData\kagglechallenge\Dermnet\test/Psoriasis pictures Lichen Planus and related diseases/psoriasis-palms-soles-123.jpg
14,E:\MedicalData\kagglechallenge\Dermnet\test/Psoriasis pictures Lichen Planus and related diseases/psoriasis-palms-soles-125.jpg
14,E:\MedicalData\kagglechallenge\Dermnet\test/Psoriasis pictures Lichen Planus and related diseases/psoriasis-palms-soles-129.jpg
14,E:\MedicalData\kagglechallenge\Dermnet\test/Psoriasis pictures Lichen Planus and related diseases/psoriasis-palms-soles-132.jpg
14,E:\MedicalData\kagglechallenge\Dermnet\test/Psoriasis pictures Lichen Planus and related diseases/psoriasis-palms-soles-136.jpg
14,E:\MedicalData\kagglechallenge\Dermnet\test/Psoriasis pictures Lichen Planus and related diseases/psoriasis-palms-soles-14.jpg
14,E:\MedicalData\kagglechallenge\Dermnet\test/Psoriasis pictures Lichen Planus and related diseases/psoriasis-palms-soles-140.jpg
14,E:\MedicalData\kagglechallenge\Dermnet\test/Psoriasis pictures Lichen Planus and related diseases/psoriasis-palms-soles-142.jpg
14,E:\MedicalData\kagglechallenge\Dermnet\test/Psoriasis pictures Lichen Planus and related diseases/psoriasis-palms-soles-153.jpg
14,E:\MedicalData\kagglechallenge\Dermnet\test/Psoriasis pictures Lichen Planus and related diseases/psoriasis-palms-soles-164.jpg
14,E:\MedicalData\kagglechallenge\Dermnet\test/Psoriasis pictures Lichen Planus and related diseases/psoriasis-palms-soles-169.jpg
14,E:\MedicalData\kagglechallenge\Dermnet\test/Psoriasis pictures Lichen Planus and related diseases/psoriasis-palms-soles-177.jpg
14,E:\MedicalData\kagglechallenge\Dermnet\test/Psoriasis pictures Lichen Planus and related diseases/psoriasis-palms-soles-185.jpg
14,E:\MedicalData\kagglechallenge\Dermnet\test/Psoriasis pictures Lichen Planus and related diseases/psoriasis-palms-soles-193.jpg
14,E:\MedicalData\kagglechallenge\Dermnet\test/Psoriasis pictures Lichen Planus and related diseases/psoriasis-palms-soles-86.jpg
14,E:\MedicalData\kagglechallenge\Dermnet\test/Psoriasis pictures Lichen Planus and related diseases/psoriasis-palms-soles-87.jpg
14,E:\MedicalData\kagglechallenge\Dermnet\test/Psoriasis pictures Lichen Planus and related diseases/psoriasis-palms-soles-88.jpg
14,E:\MedicalData\kagglechallenge\Dermnet\test/Psoriasis pictures Lichen Planus and related diseases/psoriasis-palms-soles-9.jpg
14,E:\MedicalData\kagglechallenge\Dermnet\test/Psoriasis pictures Lichen Planus and related diseases/psoriasis-palms-soles-95.jpg
14,E:\MedicalData\kagglechallenge\Dermnet\test/Psoriasis pictures Lichen Planus and related diseases/Psoriasis-penis-12.jpg
14,E:\MedicalData\kagglechallenge\Dermnet\test/Psoriasis pictures Lichen Planus and related diseases/Psoriasis-penis-13.jpg
14,E:\MedicalData\kagglechallenge\Dermnet\test/Psoriasis pictures Lichen Planus and related diseases/Psoriasis-penis-17.jpg
14,E:\MedicalData\kagglechallenge\Dermnet\test/Psoriasis pictures Lichen Planus and related diseases/Psoriasis-penis-26.jpg
14,E:\MedicalData\kagglechallenge\Dermnet\test/Psoriasis pictures Lichen Planus and related diseases/Psoriasis-penis-4.jpg
14,E:\MedicalData\kagglechallenge\Dermnet\test/Psoriasis pictures Lichen Planus and related diseases/psoriasis-pustular-generalized-1.jpg
14,E:\MedicalData\kagglechallenge\Dermnet\test/Psoriasis pictures Lichen Planus and related diseases/psoriasis-pustular-generalized-12.jpg
14,E:\MedicalData\kagglechallenge\Dermnet\test/Psoriasis pictures Lichen Planus and related diseases/psoriasis-pustular-generalized-18.jpg
14,E:\MedicalData\kagglechallenge\Dermnet\test/Psoriasis pictures Lichen Planus and related diseases/psoriasis-pustular-generalized-2.jpg
14,E:\MedicalData\kagglechallenge\Dermnet\test/Psoriasis pictures Lichen Planus and related diseases/psoriasis-pustular-generalized-20.jpg
14,E:\MedicalData\kagglechallenge\Dermnet\test/Psoriasis pictures Lichen Planus and related diseases/psoriasis-pustular-generalized-21.jpg
14,E:\MedicalData\kagglechallenge\Dermnet\test/Psoriasis pictures Lichen Planus and related diseases/psoriasis-pustular-generalized-26.jpg
14,E:\MedicalData\kagglechallenge\Dermnet\test/Psoriasis pictures Lichen Planus and related diseases/psoriasis-pustular-generalized-28.jpg
14,E:\MedicalData\kagglechallenge\Dermnet\test/Psoriasis pictures Lichen Planus and related diseases/psoriasis-pustular-generalized-31.jpg
14,E:\MedicalData\kagglechallenge\Dermnet\test/Psoriasis pictures Lichen Planus and related diseases/psoriasis-pustular-generalized-44.jpg
14,E:\MedicalData\kagglechallenge\Dermnet\test/Psoriasis pictures Lichen Planus and related diseases/psoriasis-pustular-generalized-45.jpg
14,E:\MedicalData\kagglechallenge\Dermnet\test/Psoriasis pictures Lichen Planus and related diseases/psoriasis-pustular-generalized-5.jpg
14,E:\MedicalData\kagglechallenge\Dermnet\test/Psoriasis pictures Lichen Planus and related diseases/psoriasis-pustular-generalized-54.jpg
14,E:\MedicalData\kagglechallenge\Dermnet\test/Psoriasis pictures Lichen Planus and related diseases/psoriasis-pustular-generalized-57.jpg
14,E:\MedicalData\kagglechallenge\Dermnet\test/Psoriasis pictures Lichen Planus and related diseases/psoriasis-scalp-109.jpg
14,E:\MedicalData\kagglechallenge\Dermnet\test/Psoriasis pictures Lichen Planus and related diseases/psoriasis-scalp-12.jpg
14,E:\MedicalData\kagglechallenge\Dermnet\test/Psoriasis pictures Lichen Planus and related diseases/psoriasis-scalp-16.jpg
14,E:\MedicalData\kagglechallenge\Dermnet\test/Psoriasis pictures Lichen Planus and related diseases/psoriasis-scalp-17.jpg
14,E:\MedicalData\kagglechallenge\Dermnet\test/Psoriasis pictures Lichen Planus and related diseases/psoriasis-scalp-18.jpg
14,E:\MedicalData\kagglechallenge\Dermnet\test/Psoriasis pictures Lichen Planus and related diseases/psoriasis-scalp-38.jpg
14,E:\MedicalData\kagglechallenge\Dermnet\test/Psoriasis pictures Lichen Planus and related diseases/psoriasis-scalp-4.jpg
14,E:\MedicalData\kagglechallenge\Dermnet\test/Psoriasis pictures Lichen Planus and related diseases/psoriasis-scalp-44.jpg
14,E:\MedicalData\kagglechallenge\Dermnet\test/Psoriasis pictures Lichen Planus and related diseases/psoriasis-scalp-45.jpg
14,E:\MedicalData\kagglechallenge\Dermnet\test/Psoriasis pictures Lichen Planus and related diseases/psoriasis-scalp-46.jpg
14,E:\MedicalData\kagglechallenge\Dermnet\test/Psoriasis pictures Lichen Planus and related diseases/psoriasis-scalp-51.jpg
14,E:\MedicalData\kagglechallenge\Dermnet\test/Psoriasis pictures Lichen Planus and related diseases/psoriasis-scalp-56.jpg
14,E:\MedicalData\kagglechallenge\Dermnet\test/Psoriasis pictures Lichen Planus and related diseases/psoriasis-scalp-58.jpg
14,E:\MedicalData\kagglechallenge\Dermnet\test/Psoriasis pictures Lichen Planus and related diseases/psoriasis-scalp-60.jpg
14,E:\MedicalData\kagglechallenge\Dermnet\test/Psoriasis pictures Lichen Planus and related diseases/psoriasis-scalp-64.jpg
14,E:\MedicalData\kagglechallenge\Dermnet\test/Psoriasis pictures Lichen Planus and related diseases/psoriasis-scalp-65.jpg
14,E:\MedicalData\kagglechallenge\Dermnet\test/Psoriasis pictures Lichen Planus and related diseases/psoriasis-scalp-79.jpg
14,E:\MedicalData\kagglechallenge\Dermnet\test/Psoriasis pictures Lichen Planus and related diseases/psoriasis-scalp-82.jpg
14,E:\MedicalData\kagglechallenge\Dermnet\test/Psoriasis pictures Lichen Planus and related diseases/psoriasis-scalp-83.jpg
14,E:\MedicalData\kagglechallenge\Dermnet\test/Psoriasis pictures Lichen Planus and related diseases/psoriasis-scalp-89.jpg
14,E:\MedicalData\kagglechallenge\Dermnet\test/Psoriasis pictures Lichen Planus and related diseases/psoriasis-scalp-98.jpg
14,E:\MedicalData\kagglechallenge\Dermnet\test/Psoriasis pictures Lichen Planus and related diseases/Psoriasis-sunburn-6.jpg
14,E:\MedicalData\kagglechallenge\Dermnet\test/Psoriasis pictures Lichen Planus and related diseases/reiter-syndrome-17.jpg
14,E:\MedicalData\kagglechallenge\Dermnet\test/Psoriasis pictures Lichen Planus and related diseases/reiter-syndrome-2.jpg
14,E:\MedicalData\kagglechallenge\Dermnet\test/Psoriasis pictures Lichen Planus and related diseases/reiter-syndrome-3.jpg
14,E:\MedicalData\kagglechallenge\Dermnet\test/Psoriasis pictures Lichen Planus and related diseases/reiter-syndrome-5.jpg
14,E:\MedicalData\kagglechallenge\Dermnet\test/Psoriasis pictures Lichen Planus and related diseases/reiter-syndrome-8.jpg
14,E:\MedicalData\kagglechallenge\Dermnet\test/Psoriasis pictures Lichen Planus and related diseases/seborrheic-dermatitis-100.jpg
14,E:\MedicalData\kagglechallenge\Dermnet\test/Psoriasis pictures Lichen Planus and related diseases/seborrheic-dermatitis-107.jpg
14,E:\MedicalData\kagglechallenge\Dermnet\test/Psoriasis pictures Lichen Planus and related diseases/seborrheic-dermatitis-108.jpg
14,E:\MedicalData\kagglechallenge\Dermnet\test/Psoriasis pictures Lichen Planus and related diseases/seborrheic-dermatitis-11.jpg
14,E:\MedicalData\kagglechallenge\Dermnet\test/Psoriasis pictures Lichen Planus and related diseases/seborrheic-dermatitis-113.jpg
14,E:\MedicalData\kagglechallenge\Dermnet\test/Psoriasis pictures Lichen Planus and related diseases/seborrheic-dermatitis-117.jpg
14,E:\MedicalData\kagglechallenge\Dermnet\test/Psoriasis pictures Lichen Planus and related diseases/seborrheic-dermatitis-122.jpg
14,E:\MedicalData\kagglechallenge\Dermnet\test/Psoriasis pictures Lichen Planus and related diseases/seborrheic-dermatitis-129.jpg
14,E:\MedicalData\kagglechallenge\Dermnet\test/Psoriasis pictures Lichen Planus and related diseases/seborrheic-dermatitis-132.jpg
14,E:\MedicalData\kagglechallenge\Dermnet\test/Psoriasis pictures Lichen Planus and related diseases/seborrheic-dermatitis-135.jpg
14,E:\MedicalData\kagglechallenge\Dermnet\test/Psoriasis pictures Lichen Planus and related diseases/seborrheic-dermatitis-137.jpg
14,E:\MedicalData\kagglechallenge\Dermnet\test/Psoriasis pictures Lichen Planus and related diseases/seborrheic-dermatitis-15.jpg
14,E:\MedicalData\kagglechallenge\Dermnet\test/Psoriasis pictures Lichen Planus and related diseases/seborrheic-dermatitis-82.jpg
14,E:\MedicalData\kagglechallenge\Dermnet\test/Psoriasis pictures Lichen Planus and related diseases/seborrheic-dermatitis-84.jpg
14,E:\MedicalData\kagglechallenge\Dermnet\test/Psoriasis pictures Lichen Planus and related diseases/seborrheic-dermatitis-87.jpg
14,E:\MedicalData\kagglechallenge\Dermnet\test/Psoriasis pictures Lichen Planus and related diseases/seborrheic-dermatitis-89.jpg
14,E:\MedicalData\kagglechallenge\Dermnet\test/Psoriasis pictures Lichen Planus and related diseases/seborrheic-dermatitis-9.jpg
14,E:\MedicalData\kagglechallenge\Dermnet\test/Psoriasis pictures Lichen Planus and related diseases/seborrheic-dermatitis-97.jpg
15,E:\MedicalData\kagglechallenge\Dermnet\test/Scabies Lyme Disease and other Infestations and Bites/biting-insects-1.jpg
15,E:\MedicalData\kagglechallenge\Dermnet\test/Scabies Lyme Disease and other Infestations and Bites/biting-insects-10.jpg
15,E:\MedicalData\kagglechallenge\Dermnet\test/Scabies Lyme Disease and other Infestations and Bites/biting-insects-19.jpg
15,E:\MedicalData\kagglechallenge\Dermnet\test/Scabies Lyme Disease and other Infestations and Bites/biting-insects-26.jpg
15,E:\MedicalData\kagglechallenge\Dermnet\test/Scabies Lyme Disease and other Infestations and Bites/biting-insects-27.jpg
15,E:\MedicalData\kagglechallenge\Dermnet\test/Scabies Lyme Disease and other Infestations and Bites/biting-insects-3.jpg
15,E:\MedicalData\kagglechallenge\Dermnet\test/Scabies Lyme Disease and other Infestations and Bites/biting-insects-30.jpg
15,E:\MedicalData\kagglechallenge\Dermnet\test/Scabies Lyme Disease and other Infestations and Bites/biting-insects-33.jpg
15,E:\MedicalData\kagglechallenge\Dermnet\test/Scabies Lyme Disease and other Infestations and Bites/biting-insects-61.jpg
15,E:\MedicalData\kagglechallenge\Dermnet\test/Scabies Lyme Disease and other Infestations and Bites/biting-insects-7.jpg
15,E:\MedicalData\kagglechallenge\Dermnet\test/Scabies Lyme Disease and other Infestations and Bites/Box6MiscIMG086-GP3.jpg
15,E:\MedicalData\kagglechallenge\Dermnet\test/Scabies Lyme Disease and other Infestations and Bites/cactus-granuloma-2.jpg
15,E:\MedicalData\kagglechallenge\Dermnet\test/Scabies Lyme Disease and other Infestations and Bites/cat-bite-2.jpg
15,E:\MedicalData\kagglechallenge\Dermnet\test/Scabies Lyme Disease and other Infestations and Bites/caterpillar-dermatitis-1.jpg
15,E:\MedicalData\kagglechallenge\Dermnet\test/Scabies Lyme Disease and other Infestations and Bites/caterpillar-dermatitis-2.jpg
15,E:\MedicalData\kagglechallenge\Dermnet\test/Scabies Lyme Disease and other Infestations and Bites/chigger-Bites-Bullous-.jpg
15,E:\MedicalData\kagglechallenge\Dermnet\test/Scabies Lyme Disease and other Infestations and Bites/Coral-Poisoning-2.jpg
15,E:\MedicalData\kagglechallenge\Dermnet\test/Scabies Lyme Disease and other Infestations and Bites/cutaneous-Larva-Migrans-19.jpg
15,E:\MedicalData\kagglechallenge\Dermnet\test/Scabies Lyme Disease and other Infestations and Bites/cutaneous-Larva-Migrans-27.jpg
15,E:\MedicalData\kagglechallenge\Dermnet\test/Scabies Lyme Disease and other Infestations and Bites/cutaneous-Larva-Migrans-34.jpg
15,E:\MedicalData\kagglechallenge\Dermnet\test/Scabies Lyme Disease and other Infestations and Bites/cutaneous-Larva-Migrans-38.jpg
15,E:\MedicalData\kagglechallenge\Dermnet\test/Scabies Lyme Disease and other Infestations and Bites/cutaneous-Larva-Migrans-39.jpg
15,E:\MedicalData\kagglechallenge\Dermnet\test/Scabies Lyme Disease and other Infestations and Bites/cutaneous-Larva-Migrans-45.jpg
15,E:\MedicalData\kagglechallenge\Dermnet\test/Scabies Lyme Disease and other Infestations and Bites/dermatitis-swimming-2.jpg
15,E:\MedicalData\kagglechallenge\Dermnet\test/Scabies Lyme Disease and other Infestations and Bites/duck-itch-1.jpg
15,E:\MedicalData\kagglechallenge\Dermnet\test/Scabies Lyme Disease and other Infestations and Bites/duck-itch-2.jpg
15,E:\MedicalData\kagglechallenge\Dermnet\test/Scabies Lyme Disease and other Infestations and Bites/flea-bites-1.jpg
15,E:\MedicalData\kagglechallenge\Dermnet\test/Scabies Lyme Disease and other Infestations and Bites/flea-bites-10.jpg
15,E:\MedicalData\kagglechallenge\Dermnet\test/Scabies Lyme Disease and other Infestations and Bites/flea-bites-11.jpg
15,E:\MedicalData\kagglechallenge\Dermnet\test/Scabies Lyme Disease and other Infestations and Bites/flea-bites-14.jpg
15,E:\MedicalData\kagglechallenge\Dermnet\test/Scabies Lyme Disease and other Infestations and Bites/flea-bites-17.jpg
15,E:\MedicalData\kagglechallenge\Dermnet\test/Scabies Lyme Disease and other Infestations and Bites/flea-bites-6.jpg
15,E:\MedicalData\kagglechallenge\Dermnet\test/Scabies Lyme Disease and other Infestations and Bites/jelly-fish-sting3.jpg
15,E:\MedicalData\kagglechallenge\Dermnet\test/Scabies Lyme Disease and other Infestations and Bites/jelly-fish-sting4.jpg
15,E:\MedicalData\kagglechallenge\Dermnet\test/Scabies Lyme Disease and other Infestations and Bites/jelly-fish-sting7.jpg
15,E:\MedicalData\kagglechallenge\Dermnet\test/Scabies Lyme Disease and other Infestations and Bites/leishmaniasis-5.jpg
15,E:\MedicalData\kagglechallenge\Dermnet\test/Scabies Lyme Disease and other Infestations and Bites/lyme-disease-24.jpg
15,E:\MedicalData\kagglechallenge\Dermnet\test/Scabies Lyme Disease and other Infestations and Bites/lyme-disease-26.jpg
15,E:\MedicalData\kagglechallenge\Dermnet\test/Scabies Lyme Disease and other Infestations and Bites/lyme-disease-28.jpg
15,E:\MedicalData\kagglechallenge\Dermnet\test/Scabies Lyme Disease and other Infestations and Bites/lyme-disease-6.jpg
15,E:\MedicalData\kagglechallenge\Dermnet\test/Scabies Lyme Disease and other Infestations and Bites/lyme-disease-7.jpg
15,E:\MedicalData\kagglechallenge\Dermnet\test/Scabies Lyme Disease and other Infestations and Bites/maculae-cerulea-1.jpg
15,E:\MedicalData\kagglechallenge\Dermnet\test/Scabies Lyme Disease and other Infestations and Bites/maculae-cerulea-3.jpg
15,E:\MedicalData\kagglechallenge\Dermnet\test/Scabies Lyme Disease and other Infestations and Bites/maculae-cerulea-6.jpg
15,E:\MedicalData\kagglechallenge\Dermnet\test/Scabies Lyme Disease and other Infestations and Bites/myiasis-2.jpg
15,E:\MedicalData\kagglechallenge\Dermnet\test/Scabies Lyme Disease and other Infestations and Bites/pediculosis-body-3.jpg
15,E:\MedicalData\kagglechallenge\Dermnet\test/Scabies Lyme Disease and other Infestations and Bites/pediculosis-lids-1.jpg
15,E:\MedicalData\kagglechallenge\Dermnet\test/Scabies Lyme Disease and other Infestations and Bites/pubic-lice-22.jpg
15,E:\MedicalData\kagglechallenge\Dermnet\test/Scabies Lyme Disease and other Infestations and Bites/pubic-lice-23.jpg
15,E:\MedicalData\kagglechallenge\Dermnet\test/Scabies Lyme Disease and other Infestations and Bites/pubic-lice-28.jpg
15,E:\MedicalData\kagglechallenge\Dermnet\test/Scabies Lyme Disease and other Infestations and Bites/pubic-lice-37.jpg
15,E:\MedicalData\kagglechallenge\Dermnet\test/Scabies Lyme Disease and other Infestations and Bites/pubic-lice-8.jpg
15,E:\MedicalData\kagglechallenge\Dermnet\test/Scabies Lyme Disease and other Infestations and Bites/rocky-mountain-spotted-fever-1.jpg
15,E:\MedicalData\kagglechallenge\Dermnet\test/Scabies Lyme Disease and other Infestations and Bites/rocky-mountain-spotted-fever-4.jpg
15,E:\MedicalData\kagglechallenge\Dermnet\test/Scabies Lyme Disease and other Infestations and Bites/scabies-10.jpg
15,E:\MedicalData\kagglechallenge\Dermnet\test/Scabies Lyme Disease and other Infestations and Bites/scabies-102.jpg
15,E:\MedicalData\kagglechallenge\Dermnet\test/Scabies Lyme Disease and other Infestations and Bites/scabies-109.jpg
15,E:\MedicalData\kagglechallenge\Dermnet\test/Scabies Lyme Disease and other Infestations and Bites/scabies-112.jpg
15,E:\MedicalData\kagglechallenge\Dermnet\test/Scabies Lyme Disease and other Infestations and Bites/scabies-12.jpg
15,E:\MedicalData\kagglechallenge\Dermnet\test/Scabies Lyme Disease and other Infestations and Bites/scabies-128.jpg
15,E:\MedicalData\kagglechallenge\Dermnet\test/Scabies Lyme Disease and other Infestations and Bites/scabies-130.jpg
15,E:\MedicalData\kagglechallenge\Dermnet\test/Scabies Lyme Disease and other Infestations and Bites/scabies-132.jpg
15,E:\MedicalData\kagglechallenge\Dermnet\test/Scabies Lyme Disease and other Infestations and Bites/scabies-138.jpg
15,E:\MedicalData\kagglechallenge\Dermnet\test/Scabies Lyme Disease and other Infestations and Bites/scabies-149.jpg
15,E:\MedicalData\kagglechallenge\Dermnet\test/Scabies Lyme Disease and other Infestations and Bites/scabies-155.jpg
15,E:\MedicalData\kagglechallenge\Dermnet\test/Scabies Lyme Disease and other Infestations and Bites/scabies-156.jpg
15,E:\MedicalData\kagglechallenge\Dermnet\test/Scabies Lyme Disease and other Infestations and Bites/scabies-168.jpg
15,E:\MedicalData\kagglechallenge\Dermnet\test/Scabies Lyme Disease and other Infestations and Bites/scabies-176.jpg
15,E:\MedicalData\kagglechallenge\Dermnet\test/Scabies Lyme Disease and other Infestations and Bites/scabies-184.jpg
15,E:\MedicalData\kagglechallenge\Dermnet\test/Scabies Lyme Disease and other Infestations and Bites/scabies-187.jpg
15,E:\MedicalData\kagglechallenge\Dermnet\test/Scabies Lyme Disease and other Infestations and Bites/scabies-19.jpg
15,E:\MedicalData\kagglechallenge\Dermnet\test/Scabies Lyme Disease and other Infestations and Bites/scabies-194.jpg
15,E:\MedicalData\kagglechallenge\Dermnet\test/Scabies Lyme Disease and other Infestations and Bites/scabies-8.jpg
15,E:\MedicalData\kagglechallenge\Dermnet\test/Scabies Lyme Disease and other Infestations and Bites/scabies-83.jpg
15,E:\MedicalData\kagglechallenge\Dermnet\test/Scabies Lyme Disease and other Infestations and Bites/scabies-85.jpg
15,E:\MedicalData\kagglechallenge\Dermnet\test/Scabies Lyme Disease and other Infestations and Bites/scabies-95.jpg
15,E:\MedicalData\kagglechallenge\Dermnet\test/Scabies Lyme Disease and other Infestations and Bites/scabies-96.jpg
15,E:\MedicalData\kagglechallenge\Dermnet\test/Scabies Lyme Disease and other Infestations and Bites/Sea-bathers-eruption-2.jpg
15,E:\MedicalData\kagglechallenge\Dermnet\test/Scabies Lyme Disease and other Infestations and Bites/spider-bite-14.jpg
15,E:\MedicalData\kagglechallenge\Dermnet\test/Scabies Lyme Disease and other Infestations and Bites/spider-bite-20.jpg
15,E:\MedicalData\kagglechallenge\Dermnet\test/Scabies Lyme Disease and other Infestations and Bites/spider-bite-21.jpg
15,E:\MedicalData\kagglechallenge\Dermnet\test/Scabies Lyme Disease and other Infestations and Bites/spider-bite-5.jpg
15,E:\MedicalData\kagglechallenge\Dermnet\test/Scabies Lyme Disease and other Infestations and Bites/spider-bite-6.jpg
15,E:\MedicalData\kagglechallenge\Dermnet\test/Scabies Lyme Disease and other Infestations and Bites/tick-bite-10.jpg
15,E:\MedicalData\kagglechallenge\Dermnet\test/Scabies Lyme Disease and other Infestations and Bites/tick-bite-12.jpg
15,E:\MedicalData\kagglechallenge\Dermnet\test/Scabies Lyme Disease and other Infestations and Bites/tick-bite-15.jpg
15,E:\MedicalData\kagglechallenge\Dermnet\test/Scabies Lyme Disease and other Infestations and Bites/tick-bite-22.jpg
15,E:\MedicalData\kagglechallenge\Dermnet\test/Scabies Lyme Disease and other Infestations and Bites/tick-bite-29.jpg
15,E:\MedicalData\kagglechallenge\Dermnet\test/Scabies Lyme Disease and other Infestations and Bites/tick-bite-3.jpg
15,E:\MedicalData\kagglechallenge\Dermnet\test/Scabies Lyme Disease and other Infestations and Bites/tick-bite-36.jpg
15,E:\MedicalData\kagglechallenge\Dermnet\test/Scabies Lyme Disease and other Infestations and Bites/tick-bite-38.jpg
15,E:\MedicalData\kagglechallenge\Dermnet\test/Scabies Lyme Disease and other Infestations and Bites/tick-bite-42.jpg
15,E:\MedicalData\kagglechallenge\Dermnet\test/Scabies Lyme Disease and other Infestations and Bites/tick-bite-46.jpg
15,E:\MedicalData\kagglechallenge\Dermnet\test/Scabies Lyme Disease and other Infestations and Bites/tick-bite-50.jpg
16,E:\MedicalData\kagglechallenge\Dermnet\test/Seborrheic Keratoses and other Benign Tumors/20EpidermCystRuptured1.jpg
16,E:\MedicalData\kagglechallenge\Dermnet\test/Seborrheic Keratoses and other Benign Tumors/20Keratoacanthoma072101.jpg
16,E:\MedicalData\kagglechallenge\Dermnet\test/Seborrheic Keratoses and other Benign Tumors/20seborrheicKeratosisCrop.jpg
16,E:\MedicalData\kagglechallenge\Dermnet\test/Seborrheic Keratoses and other Benign Tumors/accessory-nipple-2.jpg
16,E:\MedicalData\kagglechallenge\Dermnet\test/Seborrheic Keratoses and other Benign Tumors/accessory-nipple-7.jpg
16,E:\MedicalData\kagglechallenge\Dermnet\test/Seborrheic Keratoses and other Benign Tumors/accessory-trachus-6.jpg
16,E:\MedicalData\kagglechallenge\Dermnet\test/Seborrheic Keratoses and other Benign Tumors/acquired-digital-fibrokeratoma-3.jpg
16,E:\MedicalData\kagglechallenge\Dermnet\test/Seborrheic Keratoses and other Benign Tumors/acquired-digital-fibrokeratoma-4.jpg
16,E:\MedicalData\kagglechallenge\Dermnet\test/Seborrheic Keratoses and other Benign Tumors/chondrodermatitis-nodularis-20.jpg
16,E:\MedicalData\kagglechallenge\Dermnet\test/Seborrheic Keratoses and other Benign Tumors/chondrodermatitis-nodularis-27.jpg
16,E:\MedicalData\kagglechallenge\Dermnet\test/Seborrheic Keratoses and other Benign Tumors/chondrodermatitis-nodularis-29.jpg
16,E:\MedicalData\kagglechallenge\Dermnet\test/Seborrheic Keratoses and other Benign Tumors/chondrodermatitis-nodularis-31.jpg
16,E:\MedicalData\kagglechallenge\Dermnet\test/Seborrheic Keratoses and other Benign Tumors/chondrodermatitis-nodularis-38.jpg
16,E:\MedicalData\kagglechallenge\Dermnet\test/Seborrheic Keratoses and other Benign Tumors/chondrodermatitis-nodularis-42.jpg
16,E:\MedicalData\kagglechallenge\Dermnet\test/Seborrheic Keratoses and other Benign Tumors/chondrodermatitis-nodularis-48.jpg
16,E:\MedicalData\kagglechallenge\Dermnet\test/Seborrheic Keratoses and other Benign Tumors/chondrodermatitis-nodularis-53.jpg
16,E:\MedicalData\kagglechallenge\Dermnet\test/Seborrheic Keratoses and other Benign Tumors/chondrodermatitis-nodularis-6.jpg
16,E:\MedicalData\kagglechallenge\Dermnet\test/Seborrheic Keratoses and other Benign Tumors/chondrodermatitis-nodularis-65.jpg
16,E:\MedicalData\kagglechallenge\Dermnet\test/Seborrheic Keratoses and other Benign Tumors/chondrodermatitis-nodularis-66.jpg
16,E:\MedicalData\kagglechallenge\Dermnet\test/Seborrheic Keratoses and other Benign Tumors/chondrodermatitis-nodularis-71.jpg
16,E:\MedicalData\kagglechallenge\Dermnet\test/Seborrheic Keratoses and other Benign Tumors/collagenoma-1.jpg
16,E:\MedicalData\kagglechallenge\Dermnet\test/Seborrheic Keratoses and other Benign Tumors/cylindroma-10.jpg
16,E:\MedicalData\kagglechallenge\Dermnet\test/Seborrheic Keratoses and other Benign Tumors/cylindroma-2.jpg
16,E:\MedicalData\kagglechallenge\Dermnet\test/Seborrheic Keratoses and other Benign Tumors/cylindroma-4.jpg
16,E:\MedicalData\kagglechallenge\Dermnet\test/Seborrheic Keratoses and other Benign Tumors/dermatofibroma-1.jpg
16,E:\MedicalData\kagglechallenge\Dermnet\test/Seborrheic Keratoses and other Benign Tumors/dermatofibroma-105.jpg
16,E:\MedicalData\kagglechallenge\Dermnet\test/Seborrheic Keratoses and other Benign Tumors/dermatofibroma-106.jpg
16,E:\MedicalData\kagglechallenge\Dermnet\test/Seborrheic Keratoses and other Benign Tumors/dermatofibroma-108.jpg
16,E:\MedicalData\kagglechallenge\Dermnet\test/Seborrheic Keratoses and other Benign Tumors/dermatofibroma-109.jpg
16,E:\MedicalData\kagglechallenge\Dermnet\test/Seborrheic Keratoses and other Benign Tumors/dermatofibroma-112.jpg
16,E:\MedicalData\kagglechallenge\Dermnet\test/Seborrheic Keratoses and other Benign Tumors/dermatofibroma-117.jpg
16,E:\MedicalData\kagglechallenge\Dermnet\test/Seborrheic Keratoses and other Benign Tumors/dermatofibroma-122.jpg
16,E:\MedicalData\kagglechallenge\Dermnet\test/Seborrheic Keratoses and other Benign Tumors/dermatofibroma-123.jpg
16,E:\MedicalData\kagglechallenge\Dermnet\test/Seborrheic Keratoses and other Benign Tumors/dermatofibroma-133.jpg
16,E:\MedicalData\kagglechallenge\Dermnet\test/Seborrheic Keratoses and other Benign Tumors/dermatofibroma-135.jpg
16,E:\MedicalData\kagglechallenge\Dermnet\test/Seborrheic Keratoses and other Benign Tumors/dermatofibroma-16.jpg
16,E:\MedicalData\kagglechallenge\Dermnet\test/Seborrheic Keratoses and other Benign Tumors/dermatofibroma-17.jpg
16,E:\MedicalData\kagglechallenge\Dermnet\test/Seborrheic Keratoses and other Benign Tumors/dermatofibroma-18.jpg
16,E:\MedicalData\kagglechallenge\Dermnet\test/Seborrheic Keratoses and other Benign Tumors/dermatofibroma-19.jpg
16,E:\MedicalData\kagglechallenge\Dermnet\test/Seborrheic Keratoses and other Benign Tumors/dermatofibroma-27.jpg
16,E:\MedicalData\kagglechallenge\Dermnet\test/Seborrheic Keratoses and other Benign Tumors/dermatofibroma-39.jpg
16,E:\MedicalData\kagglechallenge\Dermnet\test/Seborrheic Keratoses and other Benign Tumors/dermatofibroma-4.jpg
16,E:\MedicalData\kagglechallenge\Dermnet\test/Seborrheic Keratoses and other Benign Tumors/dermatofibroma-45.jpg
16,E:\MedicalData\kagglechallenge\Dermnet\test/Seborrheic Keratoses and other Benign Tumors/dermatofibroma-48.jpg
16,E:\MedicalData\kagglechallenge\Dermnet\test/Seborrheic Keratoses and other Benign Tumors/dermatofibroma-52.jpg
16,E:\MedicalData\kagglechallenge\Dermnet\test/Seborrheic Keratoses and other Benign Tumors/dermatofibroma-58.jpg
16,E:\MedicalData\kagglechallenge\Dermnet\test/Seborrheic Keratoses and other Benign Tumors/dermatofibroma-67.jpg
16,E:\MedicalData\kagglechallenge\Dermnet\test/Seborrheic Keratoses and other Benign Tumors/dermatofibroma-74.jpg
16,E:\MedicalData\kagglechallenge\Dermnet\test/Seborrheic Keratoses and other Benign Tumors/dermatofibroma-77.jpg
16,E:\MedicalData\kagglechallenge\Dermnet\test/Seborrheic Keratoses and other Benign Tumors/dermatofibroma-82.jpg
16,E:\MedicalData\kagglechallenge\Dermnet\test/Seborrheic Keratoses and other Benign Tumors/dermatofibroma-86.jpg
16,E:\MedicalData\kagglechallenge\Dermnet\test/Seborrheic Keratoses and other Benign Tumors/dermatofibroma-87.jpg
16,E:\MedicalData\kagglechallenge\Dermnet\test/Seborrheic Keratoses and other Benign Tumors/dermatofibroma-9.jpg
16,E:\MedicalData\kagglechallenge\Dermnet\test/Seborrheic Keratoses and other Benign Tumors/dermatofibroma-93.jpg
16,E:\MedicalData\kagglechallenge\Dermnet\test/Seborrheic Keratoses and other Benign Tumors/dermatofibroma-99.jpg
16,E:\MedicalData\kagglechallenge\Dermnet\test/Seborrheic Keratoses and other Benign Tumors/dermatosis-papulosa-nigra-4.jpg
16,E:\MedicalData\kagglechallenge\Dermnet\test/Seborrheic Keratoses and other Benign Tumors/epidermal-cyst-106.jpg
16,E:\MedicalData\kagglechallenge\Dermnet\test/Seborrheic Keratoses and other Benign Tumors/epidermal-cyst-108.jpg
16,E:\MedicalData\kagglechallenge\Dermnet\test/Seborrheic Keratoses and other Benign Tumors/epidermal-cyst-109.jpg
16,E:\MedicalData\kagglechallenge\Dermnet\test/Seborrheic Keratoses and other Benign Tumors/epidermal-cyst-12.jpg
16,E:\MedicalData\kagglechallenge\Dermnet\test/Seborrheic Keratoses and other Benign Tumors/epidermal-cyst-123.jpg
16,E:\MedicalData\kagglechallenge\Dermnet\test/Seborrheic Keratoses and other Benign Tumors/epidermal-cyst-126.jpg
16,E:\MedicalData\kagglechallenge\Dermnet\test/Seborrheic Keratoses and other Benign Tumors/epidermal-cyst-131.jpg
16,E:\MedicalData\kagglechallenge\Dermnet\test/Seborrheic Keratoses and other Benign Tumors/epidermal-cyst-134.jpg
16,E:\MedicalData\kagglechallenge\Dermnet\test/Seborrheic Keratoses and other Benign Tumors/epidermal-cyst-136.jpg
16,E:\MedicalData\kagglechallenge\Dermnet\test/Seborrheic Keratoses and other Benign Tumors/epidermal-cyst-142.jpg
16,E:\MedicalData\kagglechallenge\Dermnet\test/Seborrheic Keratoses and other Benign Tumors/epidermal-cyst-156.jpg
16,E:\MedicalData\kagglechallenge\Dermnet\test/Seborrheic Keratoses and other Benign Tumors/epidermal-cyst-173.jpg
16,E:\MedicalData\kagglechallenge\Dermnet\test/Seborrheic Keratoses and other Benign Tumors/epidermal-cyst-175.jpg
16,E:\MedicalData\kagglechallenge\Dermnet\test/Seborrheic Keratoses and other Benign Tumors/epidermal-cyst-176.jpg
16,E:\MedicalData\kagglechallenge\Dermnet\test/Seborrheic Keratoses and other Benign Tumors/epidermal-cyst-177.jpg
16,E:\MedicalData\kagglechallenge\Dermnet\test/Seborrheic Keratoses and other Benign Tumors/epidermal-cyst-180.jpg
16,E:\MedicalData\kagglechallenge\Dermnet\test/Seborrheic Keratoses and other Benign Tumors/epidermal-cyst-188.jpg
16,E:\MedicalData\kagglechallenge\Dermnet\test/Seborrheic Keratoses and other Benign Tumors/epidermal-nevus-11.jpg
16,E:\MedicalData\kagglechallenge\Dermnet\test/Seborrheic Keratoses and other Benign Tumors/epidermal-nevus-12.jpg
16,E:\MedicalData\kagglechallenge\Dermnet\test/Seborrheic Keratoses and other Benign Tumors/epidermal-nevus-13.jpg
16,E:\MedicalData\kagglechallenge\Dermnet\test/Seborrheic Keratoses and other Benign Tumors/epidermal-nevus-16.jpg
16,E:\MedicalData\kagglechallenge\Dermnet\test/Seborrheic Keratoses and other Benign Tumors/epidermal-nevus-29.jpg
16,E:\MedicalData\kagglechallenge\Dermnet\test/Seborrheic Keratoses and other Benign Tumors/epidermal-nevus-3.jpg
16,E:\MedicalData\kagglechallenge\Dermnet\test/Seborrheic Keratoses and other Benign Tumors/epidermal-nevus-41.jpg
16,E:\MedicalData\kagglechallenge\Dermnet\test/Seborrheic Keratoses and other Benign Tumors/epidermal-nevus-57.jpg
16,E:\MedicalData\kagglechallenge\Dermnet\test/Seborrheic Keratoses and other Benign Tumors/epidermal-nevus-58.jpg
16,E:\MedicalData\kagglechallenge\Dermnet\test/Seborrheic Keratoses and other Benign Tumors/epidermal-nevus-69.jpg
16,E:\MedicalData\kagglechallenge\Dermnet\test/Seborrheic Keratoses and other Benign Tumors/epidermal-nevus-74.jpg
16,E:\MedicalData\kagglechallenge\Dermnet\test/Seborrheic Keratoses and other Benign Tumors/fibroma-1.jpg
16,E:\MedicalData\kagglechallenge\Dermnet\test/Seborrheic Keratoses and other Benign Tumors/fibroma-3.jpg
16,E:\MedicalData\kagglechallenge\Dermnet\test/Seborrheic Keratoses and other Benign Tumors/fibroma-4.jpg
16,E:\MedicalData\kagglechallenge\Dermnet\test/Seborrheic Keratoses and other Benign Tumors/fibroma-7.jpg
16,E:\MedicalData\kagglechallenge\Dermnet\test/Seborrheic Keratoses and other Benign Tumors/follicular-keratosis-1.jpg
16,E:\MedicalData\kagglechallenge\Dermnet\test/Seborrheic Keratoses and other Benign Tumors/follicular-keratosis-2.jpg
16,E:\MedicalData\kagglechallenge\Dermnet\test/Seborrheic Keratoses and other Benign Tumors/hydrocystoma-3.jpg
16,E:\MedicalData\kagglechallenge\Dermnet\test/Seborrheic Keratoses and other Benign Tumors/hydrocystoma-7.jpg
16,E:\MedicalData\kagglechallenge\Dermnet\test/Seborrheic Keratoses and other Benign Tumors/keloids-11.jpg
16,E:\MedicalData\kagglechallenge\Dermnet\test/Seborrheic Keratoses and other Benign Tumors/keloids-13.jpg
16,E:\MedicalData\kagglechallenge\Dermnet\test/Seborrheic Keratoses and other Benign Tumors/keloids-15.jpg
16,E:\MedicalData\kagglechallenge\Dermnet\test/Seborrheic Keratoses and other Benign Tumors/keloids-20.jpg
16,E:\MedicalData\kagglechallenge\Dermnet\test/Seborrheic Keratoses and other Benign Tumors/keloids-21.jpg
16,E:\MedicalData\kagglechallenge\Dermnet\test/Seborrheic Keratoses and other Benign Tumors/keloids-23.jpg
16,E:\MedicalData\kagglechallenge\Dermnet\test/Seborrheic Keratoses and other Benign Tumors/keloids-25.jpg
16,E:\MedicalData\kagglechallenge\Dermnet\test/Seborrheic Keratoses and other Benign Tumors/keloids-27.jpg
16,E:\MedicalData\kagglechallenge\Dermnet\test/Seborrheic Keratoses and other Benign Tumors/keloids-3.jpg
16,E:\MedicalData\kagglechallenge\Dermnet\test/Seborrheic Keratoses and other Benign Tumors/keloids-32.jpg
16,E:\MedicalData\kagglechallenge\Dermnet\test/Seborrheic Keratoses and other Benign Tumors/keloids-38.jpg
16,E:\MedicalData\kagglechallenge\Dermnet\test/Seborrheic Keratoses and other Benign Tumors/keloids-42.jpg
16,E:\MedicalData\kagglechallenge\Dermnet\test/Seborrheic Keratoses and other Benign Tumors/keloids-47.jpg
16,E:\MedicalData\kagglechallenge\Dermnet\test/Seborrheic Keratoses and other Benign Tumors/keloids-50.jpg
16,E:\MedicalData\kagglechallenge\Dermnet\test/Seborrheic Keratoses and other Benign Tumors/keloids-51.jpg
16,E:\MedicalData\kagglechallenge\Dermnet\test/Seborrheic Keratoses and other Benign Tumors/keloids-59.jpg
16,E:\MedicalData\kagglechallenge\Dermnet\test/Seborrheic Keratoses and other Benign Tumors/keloids-62.jpg
16,E:\MedicalData\kagglechallenge\Dermnet\test/Seborrheic Keratoses and other Benign Tumors/keloids-7.jpg
16,E:\MedicalData\kagglechallenge\Dermnet\test/Seborrheic Keratoses and other Benign Tumors/keloids-71.jpg
16,E:\MedicalData\kagglechallenge\Dermnet\test/Seborrheic Keratoses and other Benign Tumors/keloids-75.jpg
16,E:\MedicalData\kagglechallenge\Dermnet\test/Seborrheic Keratoses and other Benign Tumors/keratoacanthoma-10.jpg
16,E:\MedicalData\kagglechallenge\Dermnet\test/Seborrheic Keratoses and other Benign Tumors/keratoacanthoma-11.jpg
16,E:\MedicalData\kagglechallenge\Dermnet\test/Seborrheic Keratoses and other Benign Tumors/keratoacanthoma-117.jpg
16,E:\MedicalData\kagglechallenge\Dermnet\test/Seborrheic Keratoses and other Benign Tumors/keratoacanthoma-118.jpg
16,E:\MedicalData\kagglechallenge\Dermnet\test/Seborrheic Keratoses and other Benign Tumors/keratoacanthoma-131.jpg
16,E:\MedicalData\kagglechallenge\Dermnet\test/Seborrheic Keratoses and other Benign Tumors/keratoacanthoma-132.jpg
16,E:\MedicalData\kagglechallenge\Dermnet\test/Seborrheic Keratoses and other Benign Tumors/keratoacanthoma-135.jpg
16,E:\MedicalData\kagglechallenge\Dermnet\test/Seborrheic Keratoses and other Benign Tumors/keratoacanthoma-136.jpg
16,E:\MedicalData\kagglechallenge\Dermnet\test/Seborrheic Keratoses and other Benign Tumors/keratoacanthoma-137.jpg
16,E:\MedicalData\kagglechallenge\Dermnet\test/Seborrheic Keratoses and other Benign Tumors/keratoacanthoma-139.jpg
16,E:\MedicalData\kagglechallenge\Dermnet\test/Seborrheic Keratoses and other Benign Tumors/keratoacanthoma-14.jpg
16,E:\MedicalData\kagglechallenge\Dermnet\test/Seborrheic Keratoses and other Benign Tumors/keratoacanthoma-143.jpg
16,E:\MedicalData\kagglechallenge\Dermnet\test/Seborrheic Keratoses and other Benign Tumors/keratoacanthoma-145.jpg
16,E:\MedicalData\kagglechallenge\Dermnet\test/Seborrheic Keratoses and other Benign Tumors/keratoacanthoma-151.jpg
16,E:\MedicalData\kagglechallenge\Dermnet\test/Seborrheic Keratoses and other Benign Tumors/keratoacanthoma-157.jpg
16,E:\MedicalData\kagglechallenge\Dermnet\test/Seborrheic Keratoses and other Benign Tumors/keratoacanthoma-159.jpg
16,E:\MedicalData\kagglechallenge\Dermnet\test/Seborrheic Keratoses and other Benign Tumors/keratoacanthoma-164.jpg
16,E:\MedicalData\kagglechallenge\Dermnet\test/Seborrheic Keratoses and other Benign Tumors/keratoacanthoma-167.jpg
16,E:\MedicalData\kagglechallenge\Dermnet\test/Seborrheic Keratoses and other Benign Tumors/keratoacanthoma-173.jpg
16,E:\MedicalData\kagglechallenge\Dermnet\test/Seborrheic Keratoses and other Benign Tumors/keratoacanthoma-181.jpg
16,E:\MedicalData\kagglechallenge\Dermnet\test/Seborrheic Keratoses and other Benign Tumors/keratoacanthoma-194.jpg
16,E:\MedicalData\kagglechallenge\Dermnet\test/Seborrheic Keratoses and other Benign Tumors/keratoacanthoma-8.jpg
16,E:\MedicalData\kagglechallenge\Dermnet\test/Seborrheic Keratoses and other Benign Tumors/keratoacanthoma-82.jpg
16,E:\MedicalData\kagglechallenge\Dermnet\test/Seborrheic Keratoses and other Benign Tumors/keratoacanthoma-83.jpg
16,E:\MedicalData\kagglechallenge\Dermnet\test/Seborrheic Keratoses and other Benign Tumors/keratoacanthoma-84.jpg
16,E:\MedicalData\kagglechallenge\Dermnet\test/Seborrheic Keratoses and other Benign Tumors/keratoacanthoma-9.jpg
16,E:\MedicalData\kagglechallenge\Dermnet\test/Seborrheic Keratoses and other Benign Tumors/keratosis-punctata-1.jpg
16,E:\MedicalData\kagglechallenge\Dermnet\test/Seborrheic Keratoses and other Benign Tumors/keratosis-punctata-2.jpg
16,E:\MedicalData\kagglechallenge\Dermnet\test/Seborrheic Keratoses and other Benign Tumors/kyrle-disease-4.jpg
16,E:\MedicalData\kagglechallenge\Dermnet\test/Seborrheic Keratoses and other Benign Tumors/leiomyomata-4.jpg
16,E:\MedicalData\kagglechallenge\Dermnet\test/Seborrheic Keratoses and other Benign Tumors/melanoma-mimic-10.jpg
16,E:\MedicalData\kagglechallenge\Dermnet\test/Seborrheic Keratoses and other Benign Tumors/melanoma-mimic-15.jpg
16,E:\MedicalData\kagglechallenge\Dermnet\test/Seborrheic Keratoses and other Benign Tumors/melanoma-mimic-2.jpg
16,E:\MedicalData\kagglechallenge\Dermnet\test/Seborrheic Keratoses and other Benign Tumors/melanoma-mimic-20.jpg
16,E:\MedicalData\kagglechallenge\Dermnet\test/Seborrheic Keratoses and other Benign Tumors/melanoma-mimic-23.jpg
16,E:\MedicalData\kagglechallenge\Dermnet\test/Seborrheic Keratoses and other Benign Tumors/melanoma-mimic-8.jpg
16,E:\MedicalData\kagglechallenge\Dermnet\test/Seborrheic Keratoses and other Benign Tumors/neurofibromas-11.jpg
16,E:\MedicalData\kagglechallenge\Dermnet\test/Seborrheic Keratoses and other Benign Tumors/neurofibromas-18.jpg
16,E:\MedicalData\kagglechallenge\Dermnet\test/Seborrheic Keratoses and other Benign Tumors/neurofibromas-5.jpg
16,E:\MedicalData\kagglechallenge\Dermnet\test/Seborrheic Keratoses and other Benign Tumors/nevus-sebaceous-15.jpg
16,E:\MedicalData\kagglechallenge\Dermnet\test/Seborrheic Keratoses and other Benign Tumors/nevus-sebaceous-16.jpg
16,E:\MedicalData\kagglechallenge\Dermnet\test/Seborrheic Keratoses and other Benign Tumors/nevus-sebaceous-29.jpg
16,E:\MedicalData\kagglechallenge\Dermnet\test/Seborrheic Keratoses and other Benign Tumors/nevus-sebaceous-31.jpg
16,E:\MedicalData\kagglechallenge\Dermnet\test/Seborrheic Keratoses and other Benign Tumors/nevus-sebaceous-32.jpg
16,E:\MedicalData\kagglechallenge\Dermnet\test/Seborrheic Keratoses and other Benign Tumors/nevus-sebaceous-40.jpg
16,E:\MedicalData\kagglechallenge\Dermnet\test/Seborrheic Keratoses and other Benign Tumors/nevus-sebaceous-51.jpg
16,E:\MedicalData\kagglechallenge\Dermnet\test/Seborrheic Keratoses and other Benign Tumors/nevus-sebaceous-56.jpg
16,E:\MedicalData\kagglechallenge\Dermnet\test/Seborrheic Keratoses and other Benign Tumors/nevus-sebaceous-57.jpg
16,E:\MedicalData\kagglechallenge\Dermnet\test/Seborrheic Keratoses and other Benign Tumors/nevus-sebaceous-58.jpg
16,E:\MedicalData\kagglechallenge\Dermnet\test/Seborrheic Keratoses and other Benign Tumors/nevus-sebaceous-63.jpg
16,E:\MedicalData\kagglechallenge\Dermnet\test/Seborrheic Keratoses and other Benign Tumors/pilar-cyst-11.jpg
16,E:\MedicalData\kagglechallenge\Dermnet\test/Seborrheic Keratoses and other Benign Tumors/pilar-cyst-13.jpg
16,E:\MedicalData\kagglechallenge\Dermnet\test/Seborrheic Keratoses and other Benign Tumors/pilar-cyst-18.jpg
16,E:\MedicalData\kagglechallenge\Dermnet\test/Seborrheic Keratoses and other Benign Tumors/pilar-cyst-2.jpg
16,E:\MedicalData\kagglechallenge\Dermnet\test/Seborrheic Keratoses and other Benign Tumors/pilar-cyst-22.jpg
16,E:\MedicalData\kagglechallenge\Dermnet\test/Seborrheic Keratoses and other Benign Tumors/pilar-cyst-25.jpg
16,E:\MedicalData\kagglechallenge\Dermnet\test/Seborrheic Keratoses and other Benign Tumors/pilar-cyst-34.jpg
16,E:\MedicalData\kagglechallenge\Dermnet\test/Seborrheic Keratoses and other Benign Tumors/pilar-cyst-37.jpg
16,E:\MedicalData\kagglechallenge\Dermnet\test/Seborrheic Keratoses and other Benign Tumors/pilar-cyst-4.jpg
16,E:\MedicalData\kagglechallenge\Dermnet\test/Seborrheic Keratoses and other Benign Tumors/pilar-cyst-40.jpg
16,E:\MedicalData\kagglechallenge\Dermnet\test/Seborrheic Keratoses and other Benign Tumors/pilar-cyst-42.jpg
16,E:\MedicalData\kagglechallenge\Dermnet\test/Seborrheic Keratoses and other Benign Tumors/pilar-cyst-48.jpg
16,E:\MedicalData\kagglechallenge\Dermnet\test/Seborrheic Keratoses and other Benign Tumors/pinkus-tumor-3.jpg
16,E:\MedicalData\kagglechallenge\Dermnet\test/Seborrheic Keratoses and other Benign Tumors/porokeratosis-19.jpg
16,E:\MedicalData\kagglechallenge\Dermnet\test/Seborrheic Keratoses and other Benign Tumors/porokeratosis-21.jpg
16,E:\MedicalData\kagglechallenge\Dermnet\test/Seborrheic Keratoses and other Benign Tumors/porokeratosis-22.jpg
16,E:\MedicalData\kagglechallenge\Dermnet\test/Seborrheic Keratoses and other Benign Tumors/porokeratosis-23.jpg
16,E:\MedicalData\kagglechallenge\Dermnet\test/Seborrheic Keratoses and other Benign Tumors/porokeratosis-31.jpg
16,E:\MedicalData\kagglechallenge\Dermnet\test/Seborrheic Keratoses and other Benign Tumors/porokeratosis-5.jpg
16,E:\MedicalData\kagglechallenge\Dermnet\test/Seborrheic Keratoses and other Benign Tumors/porokeratosis-51.jpg
16,E:\MedicalData\kagglechallenge\Dermnet\test/Seborrheic Keratoses and other Benign Tumors/porokeratosis-66.jpg
16,E:\MedicalData\kagglechallenge\Dermnet\test/Seborrheic Keratoses and other Benign Tumors/porokeratosis-67.jpg
16,E:\MedicalData\kagglechallenge\Dermnet\test/Seborrheic Keratoses and other Benign Tumors/pseudo-cyst-auricle-1.jpg
16,E:\MedicalData\kagglechallenge\Dermnet\test/Seborrheic Keratoses and other Benign Tumors/sebaceous-hyperplasia-10.jpg
16,E:\MedicalData\kagglechallenge\Dermnet\test/Seborrheic Keratoses and other Benign Tumors/sebaceous-hyperplasia-101.jpg
16,E:\MedicalData\kagglechallenge\Dermnet\test/Seborrheic Keratoses and other Benign Tumors/sebaceous-hyperplasia-103.jpg
16,E:\MedicalData\kagglechallenge\Dermnet\test/Seborrheic Keratoses and other Benign Tumors/sebaceous-hyperplasia-12.jpg
16,E:\MedicalData\kagglechallenge\Dermnet\test/Seborrheic Keratoses and other Benign Tumors/sebaceous-hyperplasia-14.jpg
16,E:\MedicalData\kagglechallenge\Dermnet\test/Seborrheic Keratoses and other Benign Tumors/sebaceous-hyperplasia-19.jpg
16,E:\MedicalData\kagglechallenge\Dermnet\test/Seborrheic Keratoses and other Benign Tumors/sebaceous-hyperplasia-2.jpg
16,E:\MedicalData\kagglechallenge\Dermnet\test/Seborrheic Keratoses and other Benign Tumors/sebaceous-hyperplasia-21.jpg
16,E:\MedicalData\kagglechallenge\Dermnet\test/Seborrheic Keratoses and other Benign Tumors/sebaceous-hyperplasia-30.jpg
16,E:\MedicalData\kagglechallenge\Dermnet\test/Seborrheic Keratoses and other Benign Tumors/sebaceous-hyperplasia-34.jpg
16,E:\MedicalData\kagglechallenge\Dermnet\test/Seborrheic Keratoses and other Benign Tumors/sebaceous-hyperplasia-36.jpg
16,E:\MedicalData\kagglechallenge\Dermnet\test/Seborrheic Keratoses and other Benign Tumors/sebaceous-hyperplasia-43.jpg
16,E:\MedicalData\kagglechallenge\Dermnet\test/Seborrheic Keratoses and other Benign Tumors/sebaceous-hyperplasia-51.jpg
16,E:\MedicalData\kagglechallenge\Dermnet\test/Seborrheic Keratoses and other Benign Tumors/sebaceous-hyperplasia-59.jpg
16,E:\MedicalData\kagglechallenge\Dermnet\test/Seborrheic Keratoses and other Benign Tumors/sebaceous-hyperplasia-64.jpg
16,E:\MedicalData\kagglechallenge\Dermnet\test/Seborrheic Keratoses and other Benign Tumors/sebaceous-hyperplasia-75.jpg
16,E:\MedicalData\kagglechallenge\Dermnet\test/Seborrheic Keratoses and other Benign Tumors/sebaceous-hyperplasia-87.jpg
16,E:\MedicalData\kagglechallenge\Dermnet\test/Seborrheic Keratoses and other Benign Tumors/sebaceous-hyperplasia-9.jpg
16,E:\MedicalData\kagglechallenge\Dermnet\test/Seborrheic Keratoses and other Benign Tumors/sebaceous-hyperplasia-90.jpg
16,E:\MedicalData\kagglechallenge\Dermnet\test/Seborrheic Keratoses and other Benign Tumors/sebaceous-hyperplasia-96.jpg
16,E:\MedicalData\kagglechallenge\Dermnet\test/Seborrheic Keratoses and other Benign Tumors/seborrheic-keratoses-ruff-100.jpg
16,E:\MedicalData\kagglechallenge\Dermnet\test/Seborrheic Keratoses and other Benign Tumors/seborrheic-keratoses-ruff-101.jpg
16,E:\MedicalData\kagglechallenge\Dermnet\test/Seborrheic Keratoses and other Benign Tumors/seborrheic-keratoses-ruff-107.jpg
16,E:\MedicalData\kagglechallenge\Dermnet\test/Seborrheic Keratoses and other Benign Tumors/seborrheic-keratoses-ruff-111.jpg
16,E:\MedicalData\kagglechallenge\Dermnet\test/Seborrheic Keratoses and other Benign Tumors/seborrheic-keratoses-ruff-114.jpg
16,E:\MedicalData\kagglechallenge\Dermnet\test/Seborrheic Keratoses and other Benign Tumors/seborrheic-keratoses-ruff-123.jpg
16,E:\MedicalData\kagglechallenge\Dermnet\test/Seborrheic Keratoses and other Benign Tumors/seborrheic-keratoses-ruff-125.jpg
16,E:\MedicalData\kagglechallenge\Dermnet\test/Seborrheic Keratoses and other Benign Tumors/seborrheic-keratoses-ruff-130.jpg
16,E:\MedicalData\kagglechallenge\Dermnet\test/Seborrheic Keratoses and other Benign Tumors/seborrheic-keratoses-ruff-146.jpg
16,E:\MedicalData\kagglechallenge\Dermnet\test/Seborrheic Keratoses and other Benign Tumors/seborrheic-keratoses-ruff-149.jpg
16,E:\MedicalData\kagglechallenge\Dermnet\test/Seborrheic Keratoses and other Benign Tumors/seborrheic-keratoses-ruff-170.jpg
16,E:\MedicalData\kagglechallenge\Dermnet\test/Seborrheic Keratoses and other Benign Tumors/seborrheic-keratoses-ruff-182.jpg
16,E:\MedicalData\kagglechallenge\Dermnet\test/Seborrheic Keratoses and other Benign Tumors/seborrheic-keratoses-ruff-184.jpg
16,E:\MedicalData\kagglechallenge\Dermnet\test/Seborrheic Keratoses and other Benign Tumors/seborrheic-keratoses-ruff-193.jpg
16,E:\MedicalData\kagglechallenge\Dermnet\test/Seborrheic Keratoses and other Benign Tumors/seborrheic-keratoses-ruff-195.jpg
16,E:\MedicalData\kagglechallenge\Dermnet\test/Seborrheic Keratoses and other Benign Tumors/seborrheic-keratoses-ruff-196.jpg
16,E:\MedicalData\kagglechallenge\Dermnet\test/Seborrheic Keratoses and other Benign Tumors/seborrheic-keratoses-ruff-80.jpg
16,E:\MedicalData\kagglechallenge\Dermnet\test/Seborrheic Keratoses and other Benign Tumors/seborrheic-keratoses-ruff-82.jpg
16,E:\MedicalData\kagglechallenge\Dermnet\test/Seborrheic Keratoses and other Benign Tumors/seborrheic-keratoses-ruff-91.jpg
16,E:\MedicalData\kagglechallenge\Dermnet\test/Seborrheic Keratoses and other Benign Tumors/seborrheic-keratoses-ruff-92.jpg
16,E:\MedicalData\kagglechallenge\Dermnet\test/Seborrheic Keratoses and other Benign Tumors/seborrheic-keratoses-smooth-107.jpg
16,E:\MedicalData\kagglechallenge\Dermnet\test/Seborrheic Keratoses and other Benign Tumors/seborrheic-keratoses-smooth-112.jpg
16,E:\MedicalData\kagglechallenge\Dermnet\test/Seborrheic Keratoses and other Benign Tumors/seborrheic-keratoses-smooth-113.jpg
16,E:\MedicalData\kagglechallenge\Dermnet\test/Seborrheic Keratoses and other Benign Tumors/seborrheic-keratoses-smooth-114.jpg
16,E:\MedicalData\kagglechallenge\Dermnet\test/Seborrheic Keratoses and other Benign Tumors/seborrheic-keratoses-smooth-116.jpg
16,E:\MedicalData\kagglechallenge\Dermnet\test/Seborrheic Keratoses and other Benign Tumors/seborrheic-keratoses-smooth-121.jpg
16,E:\MedicalData\kagglechallenge\Dermnet\test/Seborrheic Keratoses and other Benign Tumors/seborrheic-keratoses-smooth-127.jpg
16,E:\MedicalData\kagglechallenge\Dermnet\test/Seborrheic Keratoses and other Benign Tumors/seborrheic-keratoses-smooth-20.jpg
16,E:\MedicalData\kagglechallenge\Dermnet\test/Seborrheic Keratoses and other Benign Tumors/seborrheic-keratoses-smooth-26.jpg
16,E:\MedicalData\kagglechallenge\Dermnet\test/Seborrheic Keratoses and other Benign Tumors/seborrheic-keratoses-smooth-31.jpg
16,E:\MedicalData\kagglechallenge\Dermnet\test/Seborrheic Keratoses and other Benign Tumors/seborrheic-keratoses-smooth-32.jpg
16,E:\MedicalData\kagglechallenge\Dermnet\test/Seborrheic Keratoses and other Benign Tumors/seborrheic-keratoses-smooth-35.jpg
16,E:\MedicalData\kagglechallenge\Dermnet\test/Seborrheic Keratoses and other Benign Tumors/seborrheic-keratoses-smooth-42.jpg
16,E:\MedicalData\kagglechallenge\Dermnet\test/Seborrheic Keratoses and other Benign Tumors/seborrheic-keratoses-smooth-44.jpg
16,E:\MedicalData\kagglechallenge\Dermnet\test/Seborrheic Keratoses and other Benign Tumors/seborrheic-keratoses-smooth-57.jpg
16,E:\MedicalData\kagglechallenge\Dermnet\test/Seborrheic Keratoses and other Benign Tumors/seborrheic-keratoses-smooth-6.jpg
16,E:\MedicalData\kagglechallenge\Dermnet\test/Seborrheic Keratoses and other Benign Tumors/seborrheic-keratoses-smooth-62.jpg
16,E:\MedicalData\kagglechallenge\Dermnet\test/Seborrheic Keratoses and other Benign Tumors/seborrheic-keratoses-smooth-66.jpg
16,E:\MedicalData\kagglechallenge\Dermnet\test/Seborrheic Keratoses and other Benign Tumors/seborrheic-keratoses-smooth-68.jpg
16,E:\MedicalData\kagglechallenge\Dermnet\test/Seborrheic Keratoses and other Benign Tumors/seborrheic-keratoses-smooth-76.jpg
16,E:\MedicalData\kagglechallenge\Dermnet\test/Seborrheic Keratoses and other Benign Tumors/seborrheic-keratoses-smooth-78.jpg
16,E:\MedicalData\kagglechallenge\Dermnet\test/Seborrheic Keratoses and other Benign Tumors/seborrheic-keratoses-smooth-94.jpg
16,E:\MedicalData\kagglechallenge\Dermnet\test/Seborrheic Keratoses and other Benign Tumors/seborrheic-keratoses-smooth-99.jpg
16,E:\MedicalData\kagglechallenge\Dermnet\test/Seborrheic Keratoses and other Benign Tumors/seborrheic-keratosis-irritated-101.jpg
16,E:\MedicalData\kagglechallenge\Dermnet\test/Seborrheic Keratoses and other Benign Tumors/seborrheic-keratosis-irritated-107.jpg
16,E:\MedicalData\kagglechallenge\Dermnet\test/Seborrheic Keratoses and other Benign Tumors/seborrheic-keratosis-irritated-109.jpg
16,E:\MedicalData\kagglechallenge\Dermnet\test/Seborrheic Keratoses and other Benign Tumors/seborrheic-keratosis-irritated-110.jpg
16,E:\MedicalData\kagglechallenge\Dermnet\test/Seborrheic Keratoses and other Benign Tumors/seborrheic-keratosis-irritated-113.jpg
16,E:\MedicalData\kagglechallenge\Dermnet\test/Seborrheic Keratoses and other Benign Tumors/seborrheic-keratosis-irritated-114.jpg
16,E:\MedicalData\kagglechallenge\Dermnet\test/Seborrheic Keratoses and other Benign Tumors/seborrheic-keratosis-irritated-124.jpg
16,E:\MedicalData\kagglechallenge\Dermnet\test/Seborrheic Keratoses and other Benign Tumors/seborrheic-keratosis-irritated-126.jpg
16,E:\MedicalData\kagglechallenge\Dermnet\test/Seborrheic Keratoses and other Benign Tumors/seborrheic-keratosis-irritated-130.jpg
16,E:\MedicalData\kagglechallenge\Dermnet\test/Seborrheic Keratoses and other Benign Tumors/seborrheic-keratosis-irritated-135.jpg
16,E:\MedicalData\kagglechallenge\Dermnet\test/Seborrheic Keratoses and other Benign Tumors/seborrheic-keratosis-irritated-137.jpg
16,E:\MedicalData\kagglechallenge\Dermnet\test/Seborrheic Keratoses and other Benign Tumors/seborrheic-keratosis-irritated-152.jpg
16,E:\MedicalData\kagglechallenge\Dermnet\test/Seborrheic Keratoses and other Benign Tumors/seborrheic-keratosis-irritated-184.jpg
16,E:\MedicalData\kagglechallenge\Dermnet\test/Seborrheic Keratoses and other Benign Tumors/seborrheic-keratosis-irritated-22.jpg
16,E:\MedicalData\kagglechallenge\Dermnet\test/Seborrheic Keratoses and other Benign Tumors/seborrheic-keratosis-irritated-23.jpg
16,E:\MedicalData\kagglechallenge\Dermnet\test/Seborrheic Keratoses and other Benign Tumors/seborrheic-keratosis-irritated-28.jpg
16,E:\MedicalData\kagglechallenge\Dermnet\test/Seborrheic Keratoses and other Benign Tumors/seborrheic-keratosis-irritated-32.jpg
16,E:\MedicalData\kagglechallenge\Dermnet\test/Seborrheic Keratoses and other Benign Tumors/seborrheic-keratosis-irritated-80.jpg
16,E:\MedicalData\kagglechallenge\Dermnet\test/Seborrheic Keratoses and other Benign Tumors/seborrheic-keratosis-irritated-81.jpg
16,E:\MedicalData\kagglechallenge\Dermnet\test/Seborrheic Keratoses and other Benign Tumors/seborrheic-keratosis-irritated-86.jpg
16,E:\MedicalData\kagglechallenge\Dermnet\test/Seborrheic Keratoses and other Benign Tumors/seborrheic-keratosis-irritated-89.jpg
16,E:\MedicalData\kagglechallenge\Dermnet\test/Seborrheic Keratoses and other Benign Tumors/seborrheic-keratosis-irritated-91.jpg
16,E:\MedicalData\kagglechallenge\Dermnet\test/Seborrheic Keratoses and other Benign Tumors/skin-tags-polyps-16.jpg
16,E:\MedicalData\kagglechallenge\Dermnet\test/Seborrheic Keratoses and other Benign Tumors/skin-tags-polyps-22.jpg
16,E:\MedicalData\kagglechallenge\Dermnet\test/Seborrheic Keratoses and other Benign Tumors/skin-tags-polyps-23.jpg
16,E:\MedicalData\kagglechallenge\Dermnet\test/Seborrheic Keratoses and other Benign Tumors/skin-tags-polyps-26.jpg
16,E:\MedicalData\kagglechallenge\Dermnet\test/Seborrheic Keratoses and other Benign Tumors/skin-tags-polyps-27.jpg
16,E:\MedicalData\kagglechallenge\Dermnet\test/Seborrheic Keratoses and other Benign Tumors/skin-tags-polyps-36.jpg
16,E:\MedicalData\kagglechallenge\Dermnet\test/Seborrheic Keratoses and other Benign Tumors/skin-tags-polyps-43.jpg
16,E:\MedicalData\kagglechallenge\Dermnet\test/Seborrheic Keratoses and other Benign Tumors/skin-tags-polyps-60.jpg
16,E:\MedicalData\kagglechallenge\Dermnet\test/Seborrheic Keratoses and other Benign Tumors/skin-tags-polyps-66.jpg
16,E:\MedicalData\kagglechallenge\Dermnet\test/Seborrheic Keratoses and other Benign Tumors/skin-tags-polyps-68.jpg
16,E:\MedicalData\kagglechallenge\Dermnet\test/Seborrheic Keratoses and other Benign Tumors/skin-tags-polyps-69.jpg
16,E:\MedicalData\kagglechallenge\Dermnet\test/Seborrheic Keratoses and other Benign Tumors/skin-tags-polyps-70.jpg
16,E:\MedicalData\kagglechallenge\Dermnet\test/Seborrheic Keratoses and other Benign Tumors/skin-tags-polyps-76.jpg
16,E:\MedicalData\kagglechallenge\Dermnet\test/Seborrheic Keratoses and other Benign Tumors/skin-tags-polyps-81.jpg
16,E:\MedicalData\kagglechallenge\Dermnet\test/Seborrheic Keratoses and other Benign Tumors/skin-tags-polyps-84.jpg
16,E:\MedicalData\kagglechallenge\Dermnet\test/Seborrheic Keratoses and other Benign Tumors/skin-tags-polyps-97.jpg
16,E:\MedicalData\kagglechallenge\Dermnet\test/Seborrheic Keratoses and other Benign Tumors/stucco-keratoses-11.jpg
16,E:\MedicalData\kagglechallenge\Dermnet\test/Seborrheic Keratoses and other Benign Tumors/stucco-keratoses-13.jpg
16,E:\MedicalData\kagglechallenge\Dermnet\test/Seborrheic Keratoses and other Benign Tumors/stucco-keratoses-18.jpg
16,E:\MedicalData\kagglechallenge\Dermnet\test/Seborrheic Keratoses and other Benign Tumors/stucco-keratoses-20.jpg
16,E:\MedicalData\kagglechallenge\Dermnet\test/Seborrheic Keratoses and other Benign Tumors/stucco-keratoses-21.jpg
16,E:\MedicalData\kagglechallenge\Dermnet\test/Seborrheic Keratoses and other Benign Tumors/stucco-keratoses-37.jpg
16,E:\MedicalData\kagglechallenge\Dermnet\test/Seborrheic Keratoses and other Benign Tumors/stucco-keratoses-49.jpg
16,E:\MedicalData\kagglechallenge\Dermnet\test/Seborrheic Keratoses and other Benign Tumors/stucco-keratoses-53.jpg
16,E:\MedicalData\kagglechallenge\Dermnet\test/Seborrheic Keratoses and other Benign Tumors/stucco-keratoses-59.jpg
16,E:\MedicalData\kagglechallenge\Dermnet\test/Seborrheic Keratoses and other Benign Tumors/stucco-keratoses-8.jpg
16,E:\MedicalData\kagglechallenge\Dermnet\test/Seborrheic Keratoses and other Benign Tumors/syringoma-14.jpg
16,E:\MedicalData\kagglechallenge\Dermnet\test/Seborrheic Keratoses and other Benign Tumors/syringoma-26.jpg
16,E:\MedicalData\kagglechallenge\Dermnet\test/Seborrheic Keratoses and other Benign Tumors/syringoma-34.jpg
16,E:\MedicalData\kagglechallenge\Dermnet\test/Seborrheic Keratoses and other Benign Tumors/syringoma-36.jpg
16,E:\MedicalData\kagglechallenge\Dermnet\test/Seborrheic Keratoses and other Benign Tumors/syringoma-42.jpg
16,E:\MedicalData\kagglechallenge\Dermnet\test/Seborrheic Keratoses and other Benign Tumors/syringoma-51.jpg
16,E:\MedicalData\kagglechallenge\Dermnet\test/Seborrheic Keratoses and other Benign Tumors/syringoma-7.jpg
16,E:\MedicalData\kagglechallenge\Dermnet\test/Seborrheic Keratoses and other Benign Tumors/trichofolliculoma-2.jpg
16,E:\MedicalData\kagglechallenge\Dermnet\test/Seborrheic Keratoses and other Benign Tumors/trichofolliculoma-5.jpg
17,E:\MedicalData\kagglechallenge\Dermnet\test/Systemic Disease/26Fibrofolliculoma090604.jpg
17,E:\MedicalData\kagglechallenge\Dermnet\test/Systemic Disease/acanthosis-nigricans-11.jpg
17,E:\MedicalData\kagglechallenge\Dermnet\test/Systemic Disease/acanthosis-nigricans-20.jpg
17,E:\MedicalData\kagglechallenge\Dermnet\test/Systemic Disease/acanthosis-nigricans-25.jpg
17,E:\MedicalData\kagglechallenge\Dermnet\test/Systemic Disease/acanthosis-nigricans-26.jpg
17,E:\MedicalData\kagglechallenge\Dermnet\test/Systemic Disease/acanthosis-nigricans-37.jpg
17,E:\MedicalData\kagglechallenge\Dermnet\test/Systemic Disease/acanthosis-nigricans-4.jpg
17,E:\MedicalData\kagglechallenge\Dermnet\test/Systemic Disease/acanthosis-nigricans-47.jpg
17,E:\MedicalData\kagglechallenge\Dermnet\test/Systemic Disease/acanthosis-nigricans-56.jpg
17,E:\MedicalData\kagglechallenge\Dermnet\test/Systemic Disease/acanthosis-nigricans-59.jpg
17,E:\MedicalData\kagglechallenge\Dermnet\test/Systemic Disease/acanthosis-nigricans-7.jpg
17,E:\MedicalData\kagglechallenge\Dermnet\test/Systemic Disease/acanthosis-nigricans-9.jpg
17,E:\MedicalData\kagglechallenge\Dermnet\test/Systemic Disease/acrodermatitis-enteropathica-1.jpg
17,E:\MedicalData\kagglechallenge\Dermnet\test/Systemic Disease/amyloidosis-11.jpg
17,E:\MedicalData\kagglechallenge\Dermnet\test/Systemic Disease/amyloidosis-17.jpg
17,E:\MedicalData\kagglechallenge\Dermnet\test/Systemic Disease/amyloidosis-18.jpg
17,E:\MedicalData\kagglechallenge\Dermnet\test/Systemic Disease/amyloidosis-28.jpg
17,E:\MedicalData\kagglechallenge\Dermnet\test/Systemic Disease/amyloidosis-7.jpg
17,E:\MedicalData\kagglechallenge\Dermnet\test/Systemic Disease/cowden-disease-4.jpg
17,E:\MedicalData\kagglechallenge\Dermnet\test/Systemic Disease/degos-disease-3.jpg
17,E:\MedicalData\kagglechallenge\Dermnet\test/Systemic Disease/degos-disease-4.jpg
17,E:\MedicalData\kagglechallenge\Dermnet\test/Systemic Disease/diabetes-mellitus-1.jpg
17,E:\MedicalData\kagglechallenge\Dermnet\test/Systemic Disease/diabetes-mellitus-13.jpg
17,E:\MedicalData\kagglechallenge\Dermnet\test/Systemic Disease/diabetes-mellitus-7.jpg
17,E:\MedicalData\kagglechallenge\Dermnet\test/Systemic Disease/elastosis-perferans-2.jpg
17,E:\MedicalData\kagglechallenge\Dermnet\test/Systemic Disease/elastosis-perferans-3.jpg
17,E:\MedicalData\kagglechallenge\Dermnet\test/Systemic Disease/glucagonoma-2.jpg
17,E:\MedicalData\kagglechallenge\Dermnet\test/Systemic Disease/glucagonoma-8.jpg
17,E:\MedicalData\kagglechallenge\Dermnet\test/Systemic Disease/granuloma-annulare-108.jpg
17,E:\MedicalData\kagglechallenge\Dermnet\test/Systemic Disease/granuloma-annulare-110.jpg
17,E:\MedicalData\kagglechallenge\Dermnet\test/Systemic Disease/granuloma-annulare-112.jpg
17,E:\MedicalData\kagglechallenge\Dermnet\test/Systemic Disease/granuloma-annulare-117.jpg
17,E:\MedicalData\kagglechallenge\Dermnet\test/Systemic Disease/granuloma-annulare-136.jpg
17,E:\MedicalData\kagglechallenge\Dermnet\test/Systemic Disease/granuloma-annulare-138.jpg
17,E:\MedicalData\kagglechallenge\Dermnet\test/Systemic Disease/granuloma-annulare-139.jpg
17,E:\MedicalData\kagglechallenge\Dermnet\test/Systemic Disease/granuloma-annulare-142.jpg
17,E:\MedicalData\kagglechallenge\Dermnet\test/Systemic Disease/granuloma-annulare-147.jpg
17,E:\MedicalData\kagglechallenge\Dermnet\test/Systemic Disease/granuloma-annulare-158.jpg
17,E:\MedicalData\kagglechallenge\Dermnet\test/Systemic Disease/granuloma-annulare-160.jpg
17,E:\MedicalData\kagglechallenge\Dermnet\test/Systemic Disease/granuloma-annulare-163.jpg
17,E:\MedicalData\kagglechallenge\Dermnet\test/Systemic Disease/granuloma-annulare-164.jpg
17,E:\MedicalData\kagglechallenge\Dermnet\test/Systemic Disease/granuloma-annulare-166.jpg
17,E:\MedicalData\kagglechallenge\Dermnet\test/Systemic Disease/granuloma-annulare-167.jpg
17,E:\MedicalData\kagglechallenge\Dermnet\test/Systemic Disease/granuloma-annulare-170.jpg
17,E:\MedicalData\kagglechallenge\Dermnet\test/Systemic Disease/granuloma-annulare-177.jpg
17,E:\MedicalData\kagglechallenge\Dermnet\test/Systemic Disease/granuloma-annulare-180.jpg
17,E:\MedicalData\kagglechallenge\Dermnet\test/Systemic Disease/granuloma-annulare-186.jpg
17,E:\MedicalData\kagglechallenge\Dermnet\test/Systemic Disease/granuloma-annulare-191.jpg
17,E:\MedicalData\kagglechallenge\Dermnet\test/Systemic Disease/granuloma-annulare-197.jpg
17,E:\MedicalData\kagglechallenge\Dermnet\test/Systemic Disease/granuloma-annulare-20.jpg
17,E:\MedicalData\kagglechallenge\Dermnet\test/Systemic Disease/granuloma-annulare-200.jpg
17,E:\MedicalData\kagglechallenge\Dermnet\test/Systemic Disease/granuloma-annulare-83.jpg
17,E:\MedicalData\kagglechallenge\Dermnet\test/Systemic Disease/granuloma-annulare-86.jpg
17,E:\MedicalData\kagglechallenge\Dermnet\test/Systemic Disease/granuloma-annulare-87.jpg
17,E:\MedicalData\kagglechallenge\Dermnet\test/Systemic Disease/granuloma-annulare-92.jpg
17,E:\MedicalData\kagglechallenge\Dermnet\test/Systemic Disease/lichen-amyloidosis-2.jpg
17,E:\MedicalData\kagglechallenge\Dermnet\test/Systemic Disease/lichen-amyloidosis-3.jpg
17,E:\MedicalData\kagglechallenge\Dermnet\test/Systemic Disease/lichen-amyloidosis-6.jpg
17,E:\MedicalData\kagglechallenge\Dermnet\test/Systemic Disease/lichen-myxedematosus-4.jpg
17,E:\MedicalData\kagglechallenge\Dermnet\test/Systemic Disease/lipoid-proteinosis-2.jpg
17,E:\MedicalData\kagglechallenge\Dermnet\test/Systemic Disease/myxedema-1.jpg
17,E:\MedicalData\kagglechallenge\Dermnet\test/Systemic Disease/necrobiosis-lipoidica-1.jpg
17,E:\MedicalData\kagglechallenge\Dermnet\test/Systemic Disease/necrobiosis-lipoidica-13.jpg
17,E:\MedicalData\kagglechallenge\Dermnet\test/Systemic Disease/necrobiosis-lipoidica-22.jpg
17,E:\MedicalData\kagglechallenge\Dermnet\test/Systemic Disease/necrobiosis-lipoidica-35.jpg
17,E:\MedicalData\kagglechallenge\Dermnet\test/Systemic Disease/necrobiosis-lipoidica-40.jpg
17,E:\MedicalData\kagglechallenge\Dermnet\test/Systemic Disease/necrobiosis-lipoidica-47.jpg
17,E:\MedicalData\kagglechallenge\Dermnet\test/Systemic Disease/necrobiosis-lipoidica-54.jpg
17,E:\MedicalData\kagglechallenge\Dermnet\test/Systemic Disease/necrobiosis-lipoidica-60.jpg
17,E:\MedicalData\kagglechallenge\Dermnet\test/Systemic Disease/necrobiosis-lipoidica-62.jpg
17,E:\MedicalData\kagglechallenge\Dermnet\test/Systemic Disease/neurofibromatosis-13.jpg
17,E:\MedicalData\kagglechallenge\Dermnet\test/Systemic Disease/neurofibromatosis-16.jpg
17,E:\MedicalData\kagglechallenge\Dermnet\test/Systemic Disease/neurofibromatosis-19.jpg
17,E:\MedicalData\kagglechallenge\Dermnet\test/Systemic Disease/neurofibromatosis-25.jpg
17,E:\MedicalData\kagglechallenge\Dermnet\test/Systemic Disease/neurofibromatosis-29.jpg
17,E:\MedicalData\kagglechallenge\Dermnet\test/Systemic Disease/neurofibromatosis-34.jpg
17,E:\MedicalData\kagglechallenge\Dermnet\test/Systemic Disease/neurofibromatosis-39.jpg
17,E:\MedicalData\kagglechallenge\Dermnet\test/Systemic Disease/neurofibromatosis-48.jpg
17,E:\MedicalData\kagglechallenge\Dermnet\test/Systemic Disease/neurofibromatosis-50.jpg
17,E:\MedicalData\kagglechallenge\Dermnet\test/Systemic Disease/neurofibromatosis-51.jpg
17,E:\MedicalData\kagglechallenge\Dermnet\test/Systemic Disease/neurofibromatosis-52.jpg
17,E:\MedicalData\kagglechallenge\Dermnet\test/Systemic Disease/neurofibromatosis-54.jpg
17,E:\MedicalData\kagglechallenge\Dermnet\test/Systemic Disease/neurofibromatosis-62.jpg
17,E:\MedicalData\kagglechallenge\Dermnet\test/Systemic Disease/nevoxanthoendothelioma-12.jpg
17,E:\MedicalData\kagglechallenge\Dermnet\test/Systemic Disease/nevoxanthoendothelioma-5.jpg
17,E:\MedicalData\kagglechallenge\Dermnet\test/Systemic Disease/osler-node-1.jpg
17,E:\MedicalData\kagglechallenge\Dermnet\test/Systemic Disease/pellagra-5.jpg
17,E:\MedicalData\kagglechallenge\Dermnet\test/Systemic Disease/pretibial-myxedema-12.jpg
17,E:\MedicalData\kagglechallenge\Dermnet\test/Systemic Disease/pretibial-myxedema-13.jpg
17,E:\MedicalData\kagglechallenge\Dermnet\test/Systemic Disease/pretibial-myxedema-14.jpg
17,E:\MedicalData\kagglechallenge\Dermnet\test/Systemic Disease/pretibial-myxedema-15.jpg
17,E:\MedicalData\kagglechallenge\Dermnet\test/Systemic Disease/pretibial-myxedema-16.jpg
17,E:\MedicalData\kagglechallenge\Dermnet\test/Systemic Disease/pretibial-myxedema-20.jpg
17,E:\MedicalData\kagglechallenge\Dermnet\test/Systemic Disease/pretibial-myxedema-21.jpg
17,E:\MedicalData\kagglechallenge\Dermnet\test/Systemic Disease/pretibial-myxedema-23.jpg
17,E:\MedicalData\kagglechallenge\Dermnet\test/Systemic Disease/pretibial-myxedema-24.jpg
17,E:\MedicalData\kagglechallenge\Dermnet\test/Systemic Disease/pretibial-myxedema-6.jpg
17,E:\MedicalData\kagglechallenge\Dermnet\test/Systemic Disease/pseudoxanthoma-elasticum-4.jpg
17,E:\MedicalData\kagglechallenge\Dermnet\test/Systemic Disease/pseudoxanthoma-elasticum-6.jpg
17,E:\MedicalData\kagglechallenge\Dermnet\test/Systemic Disease/rheumatoid-nodule-8.jpg
17,E:\MedicalData\kagglechallenge\Dermnet\test/Systemic Disease/sarcoid-10.jpg
17,E:\MedicalData\kagglechallenge\Dermnet\test/Systemic Disease/sarcoid-11.jpg
17,E:\MedicalData\kagglechallenge\Dermnet\test/Systemic Disease/sarcoid-16.jpg
17,E:\MedicalData\kagglechallenge\Dermnet\test/Systemic Disease/sarcoid-19.jpg
17,E:\MedicalData\kagglechallenge\Dermnet\test/Systemic Disease/sarcoid-25.jpg
17,E:\MedicalData\kagglechallenge\Dermnet\test/Systemic Disease/sarcoid-27.jpg
17,E:\MedicalData\kagglechallenge\Dermnet\test/Systemic Disease/sarcoid-28.jpg
17,E:\MedicalData\kagglechallenge\Dermnet\test/Systemic Disease/sebaceous-adenoma-3.jpg
17,E:\MedicalData\kagglechallenge\Dermnet\test/Systemic Disease/sebaceous-adenoma-5.jpg
17,E:\MedicalData\kagglechallenge\Dermnet\test/Systemic Disease/tuberous-sclerosis-11.jpg
17,E:\MedicalData\kagglechallenge\Dermnet\test/Systemic Disease/tuberous-sclerosis-112.jpg
17,E:\MedicalData\kagglechallenge\Dermnet\test/Systemic Disease/tuberous-sclerosis-167.jpg
17,E:\MedicalData\kagglechallenge\Dermnet\test/Systemic Disease/tuberous-sclerosis-20.jpg
17,E:\MedicalData\kagglechallenge\Dermnet\test/Systemic Disease/tuberous-sclerosis-23.jpg
17,E:\MedicalData\kagglechallenge\Dermnet\test/Systemic Disease/tuberous-sclerosis-24.jpg
17,E:\MedicalData\kagglechallenge\Dermnet\test/Systemic Disease/tuberous-sclerosis-26.jpg
17,E:\MedicalData\kagglechallenge\Dermnet\test/Systemic Disease/tuberous-sclerosis-30.jpg
17,E:\MedicalData\kagglechallenge\Dermnet\test/Systemic Disease/tuberous-sclerosis-46.jpg
17,E:\MedicalData\kagglechallenge\Dermnet\test/Systemic Disease/tuberous-sclerosis-5.jpg
17,E:\MedicalData\kagglechallenge\Dermnet\test/Systemic Disease/tuberous-sclerosis-52.jpg
17,E:\MedicalData\kagglechallenge\Dermnet\test/Systemic Disease/xanthomas-12.jpg
17,E:\MedicalData\kagglechallenge\Dermnet\test/Systemic Disease/xanthomas-17.jpg
17,E:\MedicalData\kagglechallenge\Dermnet\test/Systemic Disease/xanthomas-2.jpg
17,E:\MedicalData\kagglechallenge\Dermnet\test/Systemic Disease/xanthomas-28.jpg
17,E:\MedicalData\kagglechallenge\Dermnet\test/Systemic Disease/xanthomas-43.jpg
17,E:\MedicalData\kagglechallenge\Dermnet\test/Systemic Disease/xanthomas-49.jpg
17,E:\MedicalData\kagglechallenge\Dermnet\test/Systemic Disease/xanthomas-50.jpg
17,E:\MedicalData\kagglechallenge\Dermnet\test/Systemic Disease/xanthomas-59.jpg
17,E:\MedicalData\kagglechallenge\Dermnet\test/Systemic Disease/xanthomas-61.jpg
17,E:\MedicalData\kagglechallenge\Dermnet\test/Systemic Disease/xanthomas-66.jpg
17,E:\MedicalData\kagglechallenge\Dermnet\test/Systemic Disease/xanthomas-69.jpg
17,E:\MedicalData\kagglechallenge\Dermnet\test/Systemic Disease/xanthomas-71.jpg
17,E:\MedicalData\kagglechallenge\Dermnet\test/Systemic Disease/xanthomas-72.jpg
18,E:\MedicalData\kagglechallenge\Dermnet\test/Tinea Ringworm Candidiasis and other Fungal Infections/03cheilitis05010422.jpg
18,E:\MedicalData\kagglechallenge\Dermnet\test/Tinea Ringworm Candidiasis and other Fungal Infections/13Candida040702.jpg
18,E:\MedicalData\kagglechallenge\Dermnet\test/Tinea Ringworm Candidiasis and other Fungal Infections/13Candida040704.jpg
18,E:\MedicalData\kagglechallenge\Dermnet\test/Tinea Ringworm Candidiasis and other Fungal Infections/13CandidaAxillae0712041.jpg
18,E:\MedicalData\kagglechallenge\Dermnet\test/Tinea Ringworm Candidiasis and other Fungal Infections/13candidaIntertrigo0220061.jpg
18,E:\MedicalData\kagglechallenge\Dermnet\test/Tinea Ringworm Candidiasis and other Fungal Infections/13intertrigo1219051.jpg
18,E:\MedicalData\kagglechallenge\Dermnet\test/Tinea Ringworm Candidiasis and other Fungal Infections/13TineaIncognito2.jpg
18,E:\MedicalData\kagglechallenge\Dermnet\test/Tinea Ringworm Candidiasis and other Fungal Infections/actinomycosis-1.jpg
18,E:\MedicalData\kagglechallenge\Dermnet\test/Tinea Ringworm Candidiasis and other Fungal Infections/actinomycosis-3.jpg
18,E:\MedicalData\kagglechallenge\Dermnet\test/Tinea Ringworm Candidiasis and other Fungal Infections/candida-groin-1.jpg
18,E:\MedicalData\kagglechallenge\Dermnet\test/Tinea Ringworm Candidiasis and other Fungal Infections/candida-groin-2.jpg
18,E:\MedicalData\kagglechallenge\Dermnet\test/Tinea Ringworm Candidiasis and other Fungal Infections/candida-groin-4.jpg
18,E:\MedicalData\kagglechallenge\Dermnet\test/Tinea Ringworm Candidiasis and other Fungal Infections/candida-penis-1.jpg
18,E:\MedicalData\kagglechallenge\Dermnet\test/Tinea Ringworm Candidiasis and other Fungal Infections/candida-penis-16.jpg
18,E:\MedicalData\kagglechallenge\Dermnet\test/Tinea Ringworm Candidiasis and other Fungal Infections/candida-penis-20.jpg
18,E:\MedicalData\kagglechallenge\Dermnet\test/Tinea Ringworm Candidiasis and other Fungal Infections/candida-penis-27.jpg
18,E:\MedicalData\kagglechallenge\Dermnet\test/Tinea Ringworm Candidiasis and other Fungal Infections/candida-penis-33.jpg
18,E:\MedicalData\kagglechallenge\Dermnet\test/Tinea Ringworm Candidiasis and other Fungal Infections/candida-penis-52.jpg
18,E:\MedicalData\kagglechallenge\Dermnet\test/Tinea Ringworm Candidiasis and other Fungal Infections/candida-penis-53.jpg
18,E:\MedicalData\kagglechallenge\Dermnet\test/Tinea Ringworm Candidiasis and other Fungal Infections/candida-penis-8.jpg
18,E:\MedicalData\kagglechallenge\Dermnet\test/Tinea Ringworm Candidiasis and other Fungal Infections/candidiasis-diaper-10.jpg
18,E:\MedicalData\kagglechallenge\Dermnet\test/Tinea Ringworm Candidiasis and other Fungal Infections/candidiasis-diaper-15.jpg
18,E:\MedicalData\kagglechallenge\Dermnet\test/Tinea Ringworm Candidiasis and other Fungal Infections/candidiasis-diaper-22.jpg
18,E:\MedicalData\kagglechallenge\Dermnet\test/Tinea Ringworm Candidiasis and other Fungal Infections/candidiasis-diaper-24.jpg
18,E:\MedicalData\kagglechallenge\Dermnet\test/Tinea Ringworm Candidiasis and other Fungal Infections/candidiasis-diaper-7.jpg
18,E:\MedicalData\kagglechallenge\Dermnet\test/Tinea Ringworm Candidiasis and other Fungal Infections/candidiasis-large-skin-folds-100.jpg
18,E:\MedicalData\kagglechallenge\Dermnet\test/Tinea Ringworm Candidiasis and other Fungal Infections/candidiasis-large-skin-folds-101.jpg
18,E:\MedicalData\kagglechallenge\Dermnet\test/Tinea Ringworm Candidiasis and other Fungal Infections/candidiasis-large-skin-folds-102.jpg
18,E:\MedicalData\kagglechallenge\Dermnet\test/Tinea Ringworm Candidiasis and other Fungal Infections/candidiasis-large-skin-folds-106.jpg
18,E:\MedicalData\kagglechallenge\Dermnet\test/Tinea Ringworm Candidiasis and other Fungal Infections/candidiasis-large-skin-folds-110.jpg
18,E:\MedicalData\kagglechallenge\Dermnet\test/Tinea Ringworm Candidiasis and other Fungal Infections/candidiasis-large-skin-folds-121.jpg
18,E:\MedicalData\kagglechallenge\Dermnet\test/Tinea Ringworm Candidiasis and other Fungal Infections/candidiasis-large-skin-folds-147.jpg
18,E:\MedicalData\kagglechallenge\Dermnet\test/Tinea Ringworm Candidiasis and other Fungal Infections/candidiasis-large-skin-folds-152.jpg
18,E:\MedicalData\kagglechallenge\Dermnet\test/Tinea Ringworm Candidiasis and other Fungal Infections/candidiasis-large-skin-folds-16.jpg
18,E:\MedicalData\kagglechallenge\Dermnet\test/Tinea Ringworm Candidiasis and other Fungal Infections/candidiasis-large-skin-folds-160.jpg
18,E:\MedicalData\kagglechallenge\Dermnet\test/Tinea Ringworm Candidiasis and other Fungal Infections/candidiasis-large-skin-folds-172.jpg
18,E:\MedicalData\kagglechallenge\Dermnet\test/Tinea Ringworm Candidiasis and other Fungal Infections/candidiasis-large-skin-folds-96.jpg
18,E:\MedicalData\kagglechallenge\Dermnet\test/Tinea Ringworm Candidiasis and other Fungal Infections/candidiasis-mouth-11.jpg
18,E:\MedicalData\kagglechallenge\Dermnet\test/Tinea Ringworm Candidiasis and other Fungal Infections/candidiasis-mouth-5.jpg
18,E:\MedicalData\kagglechallenge\Dermnet\test/Tinea Ringworm Candidiasis and other Fungal Infections/candidiasis-Penis-78.jpg
18,E:\MedicalData\kagglechallenge\Dermnet\test/Tinea Ringworm Candidiasis and other Fungal Infections/candidiasis-vaginal-2.jpg
18,E:\MedicalData\kagglechallenge\Dermnet\test/Tinea Ringworm Candidiasis and other Fungal Infections/candidiasis-vaginal-7.jpg
18,E:\MedicalData\kagglechallenge\Dermnet\test/Tinea Ringworm Candidiasis and other Fungal Infections/coccidiomycosis-4.jpg
18,E:\MedicalData\kagglechallenge\Dermnet\test/Tinea Ringworm Candidiasis and other Fungal Infections/confluent-reticulate-papillomatosis-4.jpg
18,E:\MedicalData\kagglechallenge\Dermnet\test/Tinea Ringworm Candidiasis and other Fungal Infections/confluent-reticulate-papillomatosis-5.jpg
18,E:\MedicalData\kagglechallenge\Dermnet\test/Tinea Ringworm Candidiasis and other Fungal Infections/erosio-interdigitalis-blastomycetica-11.jpg
18,E:\MedicalData\kagglechallenge\Dermnet\test/Tinea Ringworm Candidiasis and other Fungal Infections/erosio-interdigitalis-blastomycetica-13.jpg
18,E:\MedicalData\kagglechallenge\Dermnet\test/Tinea Ringworm Candidiasis and other Fungal Infections/erosio-interdigitalis-blastomycetica-19.jpg
18,E:\MedicalData\kagglechallenge\Dermnet\test/Tinea Ringworm Candidiasis and other Fungal Infections/erosio-interdigitalis-blastomycetica-20.jpg
18,E:\MedicalData\kagglechallenge\Dermnet\test/Tinea Ringworm Candidiasis and other Fungal Infections/erosio-interdigitalis-blastomycetica-22.jpg
18,E:\MedicalData\kagglechallenge\Dermnet\test/Tinea Ringworm Candidiasis and other Fungal Infections/erosio-interdigitalis-blastomycetica-24.jpg
18,E:\MedicalData\kagglechallenge\Dermnet\test/Tinea Ringworm Candidiasis and other Fungal Infections/erosio-interdigitalis-blastomycetica-29.jpg
18,E:\MedicalData\kagglechallenge\Dermnet\test/Tinea Ringworm Candidiasis and other Fungal Infections/erosio-interdigitalis-blastomycetica-33.jpg
18,E:\MedicalData\kagglechallenge\Dermnet\test/Tinea Ringworm Candidiasis and other Fungal Infections/erosio-interdigitalis-blastomycetica-34.jpg
18,E:\MedicalData\kagglechallenge\Dermnet\test/Tinea Ringworm Candidiasis and other Fungal Infections/erosio-interdigitalis-blastomycetica-36.jpg
18,E:\MedicalData\kagglechallenge\Dermnet\test/Tinea Ringworm Candidiasis and other Fungal Infections/erosio-interdigitalis-blastomycetica-8.jpg
18,E:\MedicalData\kagglechallenge\Dermnet\test/Tinea Ringworm Candidiasis and other Fungal Infections/erythrasma-13.jpg
18,E:\MedicalData\kagglechallenge\Dermnet\test/Tinea Ringworm Candidiasis and other Fungal Infections/id-reaction-11.jpg
18,E:\MedicalData\kagglechallenge\Dermnet\test/Tinea Ringworm Candidiasis and other Fungal Infections/id-reaction-5.jpg
18,E:\MedicalData\kagglechallenge\Dermnet\test/Tinea Ringworm Candidiasis and other Fungal Infections/id-reaction-6.jpg
18,E:\MedicalData\kagglechallenge\Dermnet\test/Tinea Ringworm Candidiasis and other Fungal Infections/id-reaction-9.jpg
18,E:\MedicalData\kagglechallenge\Dermnet\test/Tinea Ringworm Candidiasis and other Fungal Infections/intertrigo-29.jpg
18,E:\MedicalData\kagglechallenge\Dermnet\test/Tinea Ringworm Candidiasis and other Fungal Infections/intertrigo-30.jpg
18,E:\MedicalData\kagglechallenge\Dermnet\test/Tinea Ringworm Candidiasis and other Fungal Infections/intertrigo-33.jpg
18,E:\MedicalData\kagglechallenge\Dermnet\test/Tinea Ringworm Candidiasis and other Fungal Infections/intertrigo-4.jpg
18,E:\MedicalData\kagglechallenge\Dermnet\test/Tinea Ringworm Candidiasis and other Fungal Infections/intertrigo-47.jpg
18,E:\MedicalData\kagglechallenge\Dermnet\test/Tinea Ringworm Candidiasis and other Fungal Infections/intertrigo-48.jpg
18,E:\MedicalData\kagglechallenge\Dermnet\test/Tinea Ringworm Candidiasis and other Fungal Infections/intertrigo-49.jpg
18,E:\MedicalData\kagglechallenge\Dermnet\test/Tinea Ringworm Candidiasis and other Fungal Infections/intertrigo-57.jpg
18,E:\MedicalData\kagglechallenge\Dermnet\test/Tinea Ringworm Candidiasis and other Fungal Infections/intertrigo-60.jpg
18,E:\MedicalData\kagglechallenge\Dermnet\test/Tinea Ringworm Candidiasis and other Fungal Infections/intertrigo-79.jpg
18,E:\MedicalData\kagglechallenge\Dermnet\test/Tinea Ringworm Candidiasis and other Fungal Infections/intertrigo-80.jpg
18,E:\MedicalData\kagglechallenge\Dermnet\test/Tinea Ringworm Candidiasis and other Fungal Infections/intertrigo-83.jpg
18,E:\MedicalData\kagglechallenge\Dermnet\test/Tinea Ringworm Candidiasis and other Fungal Infections/kerion-12.jpg
18,E:\MedicalData\kagglechallenge\Dermnet\test/Tinea Ringworm Candidiasis and other Fungal Infections/kerion-5.jpg
18,E:\MedicalData\kagglechallenge\Dermnet\test/Tinea Ringworm Candidiasis and other Fungal Infections/kerion-6.jpg
18,E:\MedicalData\kagglechallenge\Dermnet\test/Tinea Ringworm Candidiasis and other Fungal Infections/kerion-9.jpg
18,E:\MedicalData\kagglechallenge\Dermnet\test/Tinea Ringworm Candidiasis and other Fungal Infections/majocchi-granuloma-15.jpg
18,E:\MedicalData\kagglechallenge\Dermnet\test/Tinea Ringworm Candidiasis and other Fungal Infections/majocchi-granuloma-2.jpg
18,E:\MedicalData\kagglechallenge\Dermnet\test/Tinea Ringworm Candidiasis and other Fungal Infections/majocchi-granuloma-9.jpg
18,E:\MedicalData\kagglechallenge\Dermnet\test/Tinea Ringworm Candidiasis and other Fungal Infections/north-american-blastomycosis-1.jpg
18,E:\MedicalData\kagglechallenge\Dermnet\test/Tinea Ringworm Candidiasis and other Fungal Infections/north-american-blastomycosis-2.jpg
18,E:\MedicalData\kagglechallenge\Dermnet\test/Tinea Ringworm Candidiasis and other Fungal Infections/perleche-12.jpg
18,E:\MedicalData\kagglechallenge\Dermnet\test/Tinea Ringworm Candidiasis and other Fungal Infections/perleche-13.jpg
18,E:\MedicalData\kagglechallenge\Dermnet\test/Tinea Ringworm Candidiasis and other Fungal Infections/perleche-22.jpg
18,E:\MedicalData\kagglechallenge\Dermnet\test/Tinea Ringworm Candidiasis and other Fungal Infections/perleche-28.jpg
18,E:\MedicalData\kagglechallenge\Dermnet\test/Tinea Ringworm Candidiasis and other Fungal Infections/perleche-34.jpg
18,E:\MedicalData\kagglechallenge\Dermnet\test/Tinea Ringworm Candidiasis and other Fungal Infections/perleche-4.jpg
18,E:\MedicalData\kagglechallenge\Dermnet\test/Tinea Ringworm Candidiasis and other Fungal Infections/perleche-41.jpg
18,E:\MedicalData\kagglechallenge\Dermnet\test/Tinea Ringworm Candidiasis and other Fungal Infections/perleche-42.jpg
18,E:\MedicalData\kagglechallenge\Dermnet\test/Tinea Ringworm Candidiasis and other Fungal Infections/perleche-5.jpg
18,E:\MedicalData\kagglechallenge\Dermnet\test/Tinea Ringworm Candidiasis and other Fungal Infections/perleche-51.jpg
18,E:\MedicalData\kagglechallenge\Dermnet\test/Tinea Ringworm Candidiasis and other Fungal Infections/perleche-55.jpg
18,E:\MedicalData\kagglechallenge\Dermnet\test/Tinea Ringworm Candidiasis and other Fungal Infections/perleche-61.jpg
18,E:\MedicalData\kagglechallenge\Dermnet\test/Tinea Ringworm Candidiasis and other Fungal Infections/perleche-7.jpg
18,E:\MedicalData\kagglechallenge\Dermnet\test/Tinea Ringworm Candidiasis and other Fungal Infections/perleche-785.jpg
18,E:\MedicalData\kagglechallenge\Dermnet\test/Tinea Ringworm Candidiasis and other Fungal Infections/perleche-787.jpg
18,E:\MedicalData\kagglechallenge\Dermnet\test/Tinea Ringworm Candidiasis and other Fungal Infections/perleche-788.jpg
18,E:\MedicalData\kagglechallenge\Dermnet\test/Tinea Ringworm Candidiasis and other Fungal Infections/pitted-keratolysis-2.jpg
18,E:\MedicalData\kagglechallenge\Dermnet\test/Tinea Ringworm Candidiasis and other Fungal Infections/pitted-keratolysis-3.jpg
18,E:\MedicalData\kagglechallenge\Dermnet\test/Tinea Ringworm Candidiasis and other Fungal Infections/pitted-keratolysis-6.jpg
18,E:\MedicalData\kagglechallenge\Dermnet\test/Tinea Ringworm Candidiasis and other Fungal Infections/pityrosporum-folliculitis-1.jpg
18,E:\MedicalData\kagglechallenge\Dermnet\test/Tinea Ringworm Candidiasis and other Fungal Infections/pityrosporum-folliculitis-4.jpg
18,E:\MedicalData\kagglechallenge\Dermnet\test/Tinea Ringworm Candidiasis and other Fungal Infections/pityrosporum-folliculitis-6.jpg
18,E:\MedicalData\kagglechallenge\Dermnet\test/Tinea Ringworm Candidiasis and other Fungal Infections/tinea-beard-2.jpg
18,E:\MedicalData\kagglechallenge\Dermnet\test/Tinea Ringworm Candidiasis and other Fungal Infections/tinea-beard-3.jpg
18,E:\MedicalData\kagglechallenge\Dermnet\test/Tinea Ringworm Candidiasis and other Fungal Infections/tinea-beard-6.jpg
18,E:\MedicalData\kagglechallenge\Dermnet\test/Tinea Ringworm Candidiasis and other Fungal Infections/tinea-body-100.jpg
18,E:\MedicalData\kagglechallenge\Dermnet\test/Tinea Ringworm Candidiasis and other Fungal Infections/tinea-body-109.jpg
18,E:\MedicalData\kagglechallenge\Dermnet\test/Tinea Ringworm Candidiasis and other Fungal Infections/tinea-body-118.jpg
18,E:\MedicalData\kagglechallenge\Dermnet\test/Tinea Ringworm Candidiasis and other Fungal Infections/tinea-body-122.jpg
18,E:\MedicalData\kagglechallenge\Dermnet\test/Tinea Ringworm Candidiasis and other Fungal Infections/tinea-body-123.jpg
18,E:\MedicalData\kagglechallenge\Dermnet\test/Tinea Ringworm Candidiasis and other Fungal Infections/tinea-body-124.jpg
18,E:\MedicalData\kagglechallenge\Dermnet\test/Tinea Ringworm Candidiasis and other Fungal Infections/tinea-body-127.jpg
18,E:\MedicalData\kagglechallenge\Dermnet\test/Tinea Ringworm Candidiasis and other Fungal Infections/tinea-body-130.jpg
18,E:\MedicalData\kagglechallenge\Dermnet\test/Tinea Ringworm Candidiasis and other Fungal Infections/tinea-body-132.jpg
18,E:\MedicalData\kagglechallenge\Dermnet\test/Tinea Ringworm Candidiasis and other Fungal Infections/tinea-body-137.jpg
18,E:\MedicalData\kagglechallenge\Dermnet\test/Tinea Ringworm Candidiasis and other Fungal Infections/tinea-body-138.jpg
18,E:\MedicalData\kagglechallenge\Dermnet\test/Tinea Ringworm Candidiasis and other Fungal Infections/tinea-body-140.jpg
18,E:\MedicalData\kagglechallenge\Dermnet\test/Tinea Ringworm Candidiasis and other Fungal Infections/tinea-body-144.jpg
18,E:\MedicalData\kagglechallenge\Dermnet\test/Tinea Ringworm Candidiasis and other Fungal Infections/tinea-body-149.jpg
18,E:\MedicalData\kagglechallenge\Dermnet\test/Tinea Ringworm Candidiasis and other Fungal Infections/tinea-body-150.jpg
18,E:\MedicalData\kagglechallenge\Dermnet\test/Tinea Ringworm Candidiasis and other Fungal Infections/tinea-body-152.jpg
18,E:\MedicalData\kagglechallenge\Dermnet\test/Tinea Ringworm Candidiasis and other Fungal Infections/tinea-body-156.jpg
18,E:\MedicalData\kagglechallenge\Dermnet\test/Tinea Ringworm Candidiasis and other Fungal Infections/tinea-body-160.jpg
18,E:\MedicalData\kagglechallenge\Dermnet\test/Tinea Ringworm Candidiasis and other Fungal Infections/tinea-body-161.jpg
18,E:\MedicalData\kagglechallenge\Dermnet\test/Tinea Ringworm Candidiasis and other Fungal Infections/tinea-body-164.jpg
18,E:\MedicalData\kagglechallenge\Dermnet\test/Tinea Ringworm Candidiasis and other Fungal Infections/tinea-body-180.jpg
18,E:\MedicalData\kagglechallenge\Dermnet\test/Tinea Ringworm Candidiasis and other Fungal Infections/tinea-body-192.jpg
18,E:\MedicalData\kagglechallenge\Dermnet\test/Tinea Ringworm Candidiasis and other Fungal Infections/tinea-body-196.jpg
18,E:\MedicalData\kagglechallenge\Dermnet\test/Tinea Ringworm Candidiasis and other Fungal Infections/tinea-body-198.jpg
18,E:\MedicalData\kagglechallenge\Dermnet\test/Tinea Ringworm Candidiasis and other Fungal Infections/tinea-body-199.jpg
18,E:\MedicalData\kagglechallenge\Dermnet\test/Tinea Ringworm Candidiasis and other Fungal Infections/tinea-body-82.jpg
18,E:\MedicalData\kagglechallenge\Dermnet\test/Tinea Ringworm Candidiasis and other Fungal Infections/tinea-body-87.jpg
18,E:\MedicalData\kagglechallenge\Dermnet\test/Tinea Ringworm Candidiasis and other Fungal Infections/tinea-body-9.jpg
18,E:\MedicalData\kagglechallenge\Dermnet\test/Tinea Ringworm Candidiasis and other Fungal Infections/tinea-body-97.jpg
18,E:\MedicalData\kagglechallenge\Dermnet\test/Tinea Ringworm Candidiasis and other Fungal Infections/tinea-face-1.jpg
18,E:\MedicalData\kagglechallenge\Dermnet\test/Tinea Ringworm Candidiasis and other Fungal Infections/tinea-face-10.jpg
18,E:\MedicalData\kagglechallenge\Dermnet\test/Tinea Ringworm Candidiasis and other Fungal Infections/tinea-face-2.jpg
18,E:\MedicalData\kagglechallenge\Dermnet\test/Tinea Ringworm Candidiasis and other Fungal Infections/tinea-face-26.jpg
18,E:\MedicalData\kagglechallenge\Dermnet\test/Tinea Ringworm Candidiasis and other Fungal Infections/tinea-face-31.jpg
18,E:\MedicalData\kagglechallenge\Dermnet\test/Tinea Ringworm Candidiasis and other Fungal Infections/tinea-face-33.jpg
18,E:\MedicalData\kagglechallenge\Dermnet\test/Tinea Ringworm Candidiasis and other Fungal Infections/tinea-face-35.jpg
18,E:\MedicalData\kagglechallenge\Dermnet\test/Tinea Ringworm Candidiasis and other Fungal Infections/tinea-face-37.jpg
18,E:\MedicalData\kagglechallenge\Dermnet\test/Tinea Ringworm Candidiasis and other Fungal Infections/tinea-face-4.jpg
18,E:\MedicalData\kagglechallenge\Dermnet\test/Tinea Ringworm Candidiasis and other Fungal Infections/tinea-face-47.jpg
18,E:\MedicalData\kagglechallenge\Dermnet\test/Tinea Ringworm Candidiasis and other Fungal Infections/tinea-face-48.jpg
18,E:\MedicalData\kagglechallenge\Dermnet\test/Tinea Ringworm Candidiasis and other Fungal Infections/tinea-face-5.jpg
18,E:\MedicalData\kagglechallenge\Dermnet\test/Tinea Ringworm Candidiasis and other Fungal Infections/tinea-face-55.jpg
18,E:\MedicalData\kagglechallenge\Dermnet\test/Tinea Ringworm Candidiasis and other Fungal Infections/tinea-face-64.jpg
18,E:\MedicalData\kagglechallenge\Dermnet\test/Tinea Ringworm Candidiasis and other Fungal Infections/tinea-face-65.jpg
18,E:\MedicalData\kagglechallenge\Dermnet\test/Tinea Ringworm Candidiasis and other Fungal Infections/tinea-foot-dorsum-10.jpg
18,E:\MedicalData\kagglechallenge\Dermnet\test/Tinea Ringworm Candidiasis and other Fungal Infections/tinea-foot-dorsum-28.jpg
18,E:\MedicalData\kagglechallenge\Dermnet\test/Tinea Ringworm Candidiasis and other Fungal Infections/tinea-foot-dorsum-30.jpg
18,E:\MedicalData\kagglechallenge\Dermnet\test/Tinea Ringworm Candidiasis and other Fungal Infections/tinea-foot-dorsum-31.jpg
18,E:\MedicalData\kagglechallenge\Dermnet\test/Tinea Ringworm Candidiasis and other Fungal Infections/tinea-foot-dorsum-42.jpg
18,E:\MedicalData\kagglechallenge\Dermnet\test/Tinea Ringworm Candidiasis and other Fungal Infections/tinea-foot-dorsum-46.jpg
18,E:\MedicalData\kagglechallenge\Dermnet\test/Tinea Ringworm Candidiasis and other Fungal Infections/tinea-foot-dorsum-47.jpg
18,E:\MedicalData\kagglechallenge\Dermnet\test/Tinea Ringworm Candidiasis and other Fungal Infections/tinea-foot-dorsum-57.jpg
18,E:\MedicalData\kagglechallenge\Dermnet\test/Tinea Ringworm Candidiasis and other Fungal Infections/tinea-foot-dorsum-59.jpg
18,E:\MedicalData\kagglechallenge\Dermnet\test/Tinea Ringworm Candidiasis and other Fungal Infections/tinea-foot-dorsum-60.jpg
18,E:\MedicalData\kagglechallenge\Dermnet\test/Tinea Ringworm Candidiasis and other Fungal Infections/tinea-foot-plantar-22.jpg
18,E:\MedicalData\kagglechallenge\Dermnet\test/Tinea Ringworm Candidiasis and other Fungal Infections/tinea-foot-plantar-30.jpg
18,E:\MedicalData\kagglechallenge\Dermnet\test/Tinea Ringworm Candidiasis and other Fungal Infections/tinea-foot-plantar-36.jpg
18,E:\MedicalData\kagglechallenge\Dermnet\test/Tinea Ringworm Candidiasis and other Fungal Infections/tinea-foot-plantar-39.jpg
18,E:\MedicalData\kagglechallenge\Dermnet\test/Tinea Ringworm Candidiasis and other Fungal Infections/tinea-foot-plantar-48.jpg
18,E:\MedicalData\kagglechallenge\Dermnet\test/Tinea Ringworm Candidiasis and other Fungal Infections/tinea-foot-plantar-49.jpg
18,E:\MedicalData\kagglechallenge\Dermnet\test/Tinea Ringworm Candidiasis and other Fungal Infections/tinea-foot-plantar-7.jpg
18,E:\MedicalData\kagglechallenge\Dermnet\test/Tinea Ringworm Candidiasis and other Fungal Infections/tinea-foot-webs-1.jpg
18,E:\MedicalData\kagglechallenge\Dermnet\test/Tinea Ringworm Candidiasis and other Fungal Infections/tinea-foot-webs-13.jpg
18,E:\MedicalData\kagglechallenge\Dermnet\test/Tinea Ringworm Candidiasis and other Fungal Infections/tinea-foot-webs-20.jpg
18,E:\MedicalData\kagglechallenge\Dermnet\test/Tinea Ringworm Candidiasis and other Fungal Infections/tinea-foot-webs-30.jpg
18,E:\MedicalData\kagglechallenge\Dermnet\test/Tinea Ringworm Candidiasis and other Fungal Infections/tinea-foot-webs-45.jpg
18,E:\MedicalData\kagglechallenge\Dermnet\test/Tinea Ringworm Candidiasis and other Fungal Infections/tinea-foot-webs-48.jpg
18,E:\MedicalData\kagglechallenge\Dermnet\test/Tinea Ringworm Candidiasis and other Fungal Infections/tinea-foot-webs-5.jpg
18,E:\MedicalData\kagglechallenge\Dermnet\test/Tinea Ringworm Candidiasis and other Fungal Infections/tinea-foot-webs-51.jpg
18,E:\MedicalData\kagglechallenge\Dermnet\test/Tinea Ringworm Candidiasis and other Fungal Infections/tinea-foot-webs-55.jpg
18,E:\MedicalData\kagglechallenge\Dermnet\test/Tinea Ringworm Candidiasis and other Fungal Infections/tinea-foot-webs-65.jpg
18,E:\MedicalData\kagglechallenge\Dermnet\test/Tinea Ringworm Candidiasis and other Fungal Infections/tinea-foot-webs-72.jpg
18,E:\MedicalData\kagglechallenge\Dermnet\test/Tinea Ringworm Candidiasis and other Fungal Infections/tinea-foot-webs-75.jpg
18,E:\MedicalData\kagglechallenge\Dermnet\test/Tinea Ringworm Candidiasis and other Fungal Infections/tinea-foot-webs-77.jpg
18,E:\MedicalData\kagglechallenge\Dermnet\test/Tinea Ringworm Candidiasis and other Fungal Infections/tinea-foot-webs-80.jpg
18,E:\MedicalData\kagglechallenge\Dermnet\test/Tinea Ringworm Candidiasis and other Fungal Infections/tinea-foot-webs-82.jpg
18,E:\MedicalData\kagglechallenge\Dermnet\test/Tinea Ringworm Candidiasis and other Fungal Infections/tinea-groin-101.jpg
18,E:\MedicalData\kagglechallenge\Dermnet\test/Tinea Ringworm Candidiasis and other Fungal Infections/tinea-groin-104.jpg
18,E:\MedicalData\kagglechallenge\Dermnet\test/Tinea Ringworm Candidiasis and other Fungal Infections/tinea-groin-112.jpg
18,E:\MedicalData\kagglechallenge\Dermnet\test/Tinea Ringworm Candidiasis and other Fungal Infections/tinea-groin-128.jpg
18,E:\MedicalData\kagglechallenge\Dermnet\test/Tinea Ringworm Candidiasis and other Fungal Infections/tinea-groin-130.jpg
18,E:\MedicalData\kagglechallenge\Dermnet\test/Tinea Ringworm Candidiasis and other Fungal Infections/tinea-groin-15.jpg
18,E:\MedicalData\kagglechallenge\Dermnet\test/Tinea Ringworm Candidiasis and other Fungal Infections/tinea-groin-24.jpg
18,E:\MedicalData\kagglechallenge\Dermnet\test/Tinea Ringworm Candidiasis and other Fungal Infections/tinea-groin-35.jpg
18,E:\MedicalData\kagglechallenge\Dermnet\test/Tinea Ringworm Candidiasis and other Fungal Infections/tinea-groin-37.jpg
18,E:\MedicalData\kagglechallenge\Dermnet\test/Tinea Ringworm Candidiasis and other Fungal Infections/tinea-groin-39.jpg
18,E:\MedicalData\kagglechallenge\Dermnet\test/Tinea Ringworm Candidiasis and other Fungal Infections/tinea-groin-40.jpg
18,E:\MedicalData\kagglechallenge\Dermnet\test/Tinea Ringworm Candidiasis and other Fungal Infections/tinea-groin-43.jpg
18,E:\MedicalData\kagglechallenge\Dermnet\test/Tinea Ringworm Candidiasis and other Fungal Infections/tinea-groin-45.jpg
18,E:\MedicalData\kagglechallenge\Dermnet\test/Tinea Ringworm Candidiasis and other Fungal Infections/tinea-groin-48.jpg
18,E:\MedicalData\kagglechallenge\Dermnet\test/Tinea Ringworm Candidiasis and other Fungal Infections/tinea-groin-53.jpg
18,E:\MedicalData\kagglechallenge\Dermnet\test/Tinea Ringworm Candidiasis and other Fungal Infections/tinea-groin-54.jpg
18,E:\MedicalData\kagglechallenge\Dermnet\test/Tinea Ringworm Candidiasis and other Fungal Infections/tinea-groin-60.jpg
18,E:\MedicalData\kagglechallenge\Dermnet\test/Tinea Ringworm Candidiasis and other Fungal Infections/tinea-groin-7.jpg
18,E:\MedicalData\kagglechallenge\Dermnet\test/Tinea Ringworm Candidiasis and other Fungal Infections/tinea-groin-70.jpg
18,E:\MedicalData\kagglechallenge\Dermnet\test/Tinea Ringworm Candidiasis and other Fungal Infections/tinea-groin-72.jpg
18,E:\MedicalData\kagglechallenge\Dermnet\test/Tinea Ringworm Candidiasis and other Fungal Infections/tinea-groin-87.jpg
18,E:\MedicalData\kagglechallenge\Dermnet\test/Tinea Ringworm Candidiasis and other Fungal Infections/tinea-groin-9.jpg
18,E:\MedicalData\kagglechallenge\Dermnet\test/Tinea Ringworm Candidiasis and other Fungal Infections/tinea-groin-97.jpg
18,E:\MedicalData\kagglechallenge\Dermnet\test/Tinea Ringworm Candidiasis and other Fungal Infections/tinea-hand-dorsum-10.jpg
18,E:\MedicalData\kagglechallenge\Dermnet\test/Tinea Ringworm Candidiasis and other Fungal Infections/tinea-hand-dorsum-17.jpg
18,E:\MedicalData\kagglechallenge\Dermnet\test/Tinea Ringworm Candidiasis and other Fungal Infections/tinea-hand-dorsum-21.jpg
18,E:\MedicalData\kagglechallenge\Dermnet\test/Tinea Ringworm Candidiasis and other Fungal Infections/tinea-hand-dorsum-27.jpg
18,E:\MedicalData\kagglechallenge\Dermnet\test/Tinea Ringworm Candidiasis and other Fungal Infections/tinea-hand-dorsum-29.jpg
18,E:\MedicalData\kagglechallenge\Dermnet\test/Tinea Ringworm Candidiasis and other Fungal Infections/tinea-hand-dorsum-33.jpg
18,E:\MedicalData\kagglechallenge\Dermnet\test/Tinea Ringworm Candidiasis and other Fungal Infections/tinea-hand-dorsum-34.jpg
18,E:\MedicalData\kagglechallenge\Dermnet\test/Tinea Ringworm Candidiasis and other Fungal Infections/tinea-hand-dorsum-47.jpg
18,E:\MedicalData\kagglechallenge\Dermnet\test/Tinea Ringworm Candidiasis and other Fungal Infections/tinea-hand-dorsum-58.jpg
18,E:\MedicalData\kagglechallenge\Dermnet\test/Tinea Ringworm Candidiasis and other Fungal Infections/tinea-hand-dorsum-6.jpg
18,E:\MedicalData\kagglechallenge\Dermnet\test/Tinea Ringworm Candidiasis and other Fungal Infections/tinea-incognito-11.jpg
18,E:\MedicalData\kagglechallenge\Dermnet\test/Tinea Ringworm Candidiasis and other Fungal Infections/tinea-incognito-17.jpg
18,E:\MedicalData\kagglechallenge\Dermnet\test/Tinea Ringworm Candidiasis and other Fungal Infections/tinea-incognito-2.jpg
18,E:\MedicalData\kagglechallenge\Dermnet\test/Tinea Ringworm Candidiasis and other Fungal Infections/tinea-incognito-27.jpg
18,E:\MedicalData\kagglechallenge\Dermnet\test/Tinea Ringworm Candidiasis and other Fungal Infections/tinea-incognito-32.jpg
18,E:\MedicalData\kagglechallenge\Dermnet\test/Tinea Ringworm Candidiasis and other Fungal Infections/tinea-incognito-38.jpg
18,E:\MedicalData\kagglechallenge\Dermnet\test/Tinea Ringworm Candidiasis and other Fungal Infections/tinea-incognito-4.jpg
18,E:\MedicalData\kagglechallenge\Dermnet\test/Tinea Ringworm Candidiasis and other Fungal Infections/tinea-incognito-41.jpg
18,E:\MedicalData\kagglechallenge\Dermnet\test/Tinea Ringworm Candidiasis and other Fungal Infections/tinea-incognito-47.jpg
18,E:\MedicalData\kagglechallenge\Dermnet\test/Tinea Ringworm Candidiasis and other Fungal Infections/tinea-incognito-49.jpg
18,E:\MedicalData\kagglechallenge\Dermnet\test/Tinea Ringworm Candidiasis and other Fungal Infections/tinea-incognito-5.jpg
18,E:\MedicalData\kagglechallenge\Dermnet\test/Tinea Ringworm Candidiasis and other Fungal Infections/tinea-incognito-52.jpg
18,E:\MedicalData\kagglechallenge\Dermnet\test/Tinea Ringworm Candidiasis and other Fungal Infections/tinea-incognito-54.jpg
18,E:\MedicalData\kagglechallenge\Dermnet\test/Tinea Ringworm Candidiasis and other Fungal Infections/tinea-incognito-59.jpg
18,E:\MedicalData\kagglechallenge\Dermnet\test/Tinea Ringworm Candidiasis and other Fungal Infections/tinea-incognito-8.jpg
18,E:\MedicalData\kagglechallenge\Dermnet\test/Tinea Ringworm Candidiasis and other Fungal Infections/tinea-laboratory-14.jpg
18,E:\MedicalData\kagglechallenge\Dermnet\test/Tinea Ringworm Candidiasis and other Fungal Infections/tinea-laboratory-17.jpg
18,E:\MedicalData\kagglechallenge\Dermnet\test/Tinea Ringworm Candidiasis and other Fungal Infections/tinea-laboratory-24.jpg
18,E:\MedicalData\kagglechallenge\Dermnet\test/Tinea Ringworm Candidiasis and other Fungal Infections/tinea-laboratory-25.jpg
18,E:\MedicalData\kagglechallenge\Dermnet\test/Tinea Ringworm Candidiasis and other Fungal Infections/tinea-laboratory-33.jpg
18,E:\MedicalData\kagglechallenge\Dermnet\test/Tinea Ringworm Candidiasis and other Fungal Infections/tinea-laboratory-53.jpg
18,E:\MedicalData\kagglechallenge\Dermnet\test/Tinea Ringworm Candidiasis and other Fungal Infections/tinea-laboratory-56.jpg
18,E:\MedicalData\kagglechallenge\Dermnet\test/Tinea Ringworm Candidiasis and other Fungal Infections/tinea-palm-10.jpg
18,E:\MedicalData\kagglechallenge\Dermnet\test/Tinea Ringworm Candidiasis and other Fungal Infections/tinea-palm-2.jpg
18,E:\MedicalData\kagglechallenge\Dermnet\test/Tinea Ringworm Candidiasis and other Fungal Infections/tinea-palm-26.jpg
18,E:\MedicalData\kagglechallenge\Dermnet\test/Tinea Ringworm Candidiasis and other Fungal Infections/tinea-palm-46.jpg
18,E:\MedicalData\kagglechallenge\Dermnet\test/Tinea Ringworm Candidiasis and other Fungal Infections/tinea-palm-47.jpg
18,E:\MedicalData\kagglechallenge\Dermnet\test/Tinea Ringworm Candidiasis and other Fungal Infections/tinea-palm-7.jpg
18,E:\MedicalData\kagglechallenge\Dermnet\test/Tinea Ringworm Candidiasis and other Fungal Infections/tinea-primary-lesion-15.jpg
18,E:\MedicalData\kagglechallenge\Dermnet\test/Tinea Ringworm Candidiasis and other Fungal Infections/tinea-primary-lesion-20.jpg
18,E:\MedicalData\kagglechallenge\Dermnet\test/Tinea Ringworm Candidiasis and other Fungal Infections/tinea-primary-lesion-21.jpg
18,E:\MedicalData\kagglechallenge\Dermnet\test/Tinea Ringworm Candidiasis and other Fungal Infections/tinea-primary-lesion-40.jpg
18,E:\MedicalData\kagglechallenge\Dermnet\test/Tinea Ringworm Candidiasis and other Fungal Infections/tinea-primary-lesion-44.jpg
18,E:\MedicalData\kagglechallenge\Dermnet\test/Tinea Ringworm Candidiasis and other Fungal Infections/tinea-primary-lesion-47.jpg
18,E:\MedicalData\kagglechallenge\Dermnet\test/Tinea Ringworm Candidiasis and other Fungal Infections/tinea-primary-lesion-5.jpg
18,E:\MedicalData\kagglechallenge\Dermnet\test/Tinea Ringworm Candidiasis and other Fungal Infections/tinea-primary-lesion-55.jpg
18,E:\MedicalData\kagglechallenge\Dermnet\test/Tinea Ringworm Candidiasis and other Fungal Infections/tinea-scalp-13.jpg
18,E:\MedicalData\kagglechallenge\Dermnet\test/Tinea Ringworm Candidiasis and other Fungal Infections/tinea-scalp-24.jpg
18,E:\MedicalData\kagglechallenge\Dermnet\test/Tinea Ringworm Candidiasis and other Fungal Infections/tinea-scalp-25.jpg
18,E:\MedicalData\kagglechallenge\Dermnet\test/Tinea Ringworm Candidiasis and other Fungal Infections/tinea-scalp-27.jpg
18,E:\MedicalData\kagglechallenge\Dermnet\test/Tinea Ringworm Candidiasis and other Fungal Infections/tinea-scalp-28.jpg
18,E:\MedicalData\kagglechallenge\Dermnet\test/Tinea Ringworm Candidiasis and other Fungal Infections/tinea-scalp-31.jpg
18,E:\MedicalData\kagglechallenge\Dermnet\test/Tinea Ringworm Candidiasis and other Fungal Infections/tinea-scalp-36.jpg
18,E:\MedicalData\kagglechallenge\Dermnet\test/Tinea Ringworm Candidiasis and other Fungal Infections/tinea-scalp-41.jpg
18,E:\MedicalData\kagglechallenge\Dermnet\test/Tinea Ringworm Candidiasis and other Fungal Infections/tinea-scalp-46.jpg
18,E:\MedicalData\kagglechallenge\Dermnet\test/Tinea Ringworm Candidiasis and other Fungal Infections/tinea-scalp-47.jpg
18,E:\MedicalData\kagglechallenge\Dermnet\test/Tinea Ringworm Candidiasis and other Fungal Infections/tinea-scalp-5.jpg
18,E:\MedicalData\kagglechallenge\Dermnet\test/Tinea Ringworm Candidiasis and other Fungal Infections/tinea-scalp-55.jpg
18,E:\MedicalData\kagglechallenge\Dermnet\test/Tinea Ringworm Candidiasis and other Fungal Infections/tinea-scalp-66.jpg
18,E:\MedicalData\kagglechallenge\Dermnet\test/Tinea Ringworm Candidiasis and other Fungal Infections/tinea-scalp-8.jpg
18,E:\MedicalData\kagglechallenge\Dermnet\test/Tinea Ringworm Candidiasis and other Fungal Infections/tinea-versicolor-1.jpg
18,E:\MedicalData\kagglechallenge\Dermnet\test/Tinea Ringworm Candidiasis and other Fungal Infections/tinea-versicolor-106.jpg
18,E:\MedicalData\kagglechallenge\Dermnet\test/Tinea Ringworm Candidiasis and other Fungal Infections/tinea-versicolor-11.jpg
18,E:\MedicalData\kagglechallenge\Dermnet\test/Tinea Ringworm Candidiasis and other Fungal Infections/tinea-versicolor-114.jpg
18,E:\MedicalData\kagglechallenge\Dermnet\test/Tinea Ringworm Candidiasis and other Fungal Infections/tinea-versicolor-118.jpg
18,E:\MedicalData\kagglechallenge\Dermnet\test/Tinea Ringworm Candidiasis and other Fungal Infections/tinea-versicolor-137.jpg
18,E:\MedicalData\kagglechallenge\Dermnet\test/Tinea Ringworm Candidiasis and other Fungal Infections/tinea-versicolor-149.jpg
18,E:\MedicalData\kagglechallenge\Dermnet\test/Tinea Ringworm Candidiasis and other Fungal Infections/tinea-versicolor-159.jpg
18,E:\MedicalData\kagglechallenge\Dermnet\test/Tinea Ringworm Candidiasis and other Fungal Infections/tinea-versicolor-164.jpg
18,E:\MedicalData\kagglechallenge\Dermnet\test/Tinea Ringworm Candidiasis and other Fungal Infections/tinea-versicolor-166.jpg
18,E:\MedicalData\kagglechallenge\Dermnet\test/Tinea Ringworm Candidiasis and other Fungal Infections/tinea-versicolor-168.jpg
18,E:\MedicalData\kagglechallenge\Dermnet\test/Tinea Ringworm Candidiasis and other Fungal Infections/tinea-versicolor-169.jpg
18,E:\MedicalData\kagglechallenge\Dermnet\test/Tinea Ringworm Candidiasis and other Fungal Infections/tinea-versicolor-172.jpg
18,E:\MedicalData\kagglechallenge\Dermnet\test/Tinea Ringworm Candidiasis and other Fungal Infections/tinea-versicolor-178.jpg
18,E:\MedicalData\kagglechallenge\Dermnet\test/Tinea Ringworm Candidiasis and other Fungal Infections/tinea-versicolor-180.jpg
18,E:\MedicalData\kagglechallenge\Dermnet\test/Tinea Ringworm Candidiasis and other Fungal Infections/tinea-versicolor-186.jpg
18,E:\MedicalData\kagglechallenge\Dermnet\test/Tinea Ringworm Candidiasis and other Fungal Infections/tinea-versicolor-188.jpg
18,E:\MedicalData\kagglechallenge\Dermnet\test/Tinea Ringworm Candidiasis and other Fungal Infections/tinea-versicolor-191.jpg
18,E:\MedicalData\kagglechallenge\Dermnet\test/Tinea Ringworm Candidiasis and other Fungal Infections/tinea-versicolor-195.jpg
18,E:\MedicalData\kagglechallenge\Dermnet\test/Tinea Ringworm Candidiasis and other Fungal Infections/tinea-versicolor-8.jpg
18,E:\MedicalData\kagglechallenge\Dermnet\test/Tinea Ringworm Candidiasis and other Fungal Infections/tinea-versicolor-81.jpg
18,E:\MedicalData\kagglechallenge\Dermnet\test/Tinea Ringworm Candidiasis and other Fungal Infections/tinea-versicolor-82.jpg
18,E:\MedicalData\kagglechallenge\Dermnet\test/Tinea Ringworm Candidiasis and other Fungal Infections/tinea-versicolor-87.jpg
18,E:\MedicalData\kagglechallenge\Dermnet\test/Tinea Ringworm Candidiasis and other Fungal Infections/tinea-versicolor-89.jpg
18,E:\MedicalData\kagglechallenge\Dermnet\test/Tinea Ringworm Candidiasis and other Fungal Infections/tinea-versicolor-94.jpg
18,E:\MedicalData\kagglechallenge\Dermnet\test/Tinea Ringworm Candidiasis and other Fungal Infections/tinea-versicolor-97.jpg
19,E:\MedicalData\kagglechallenge\Dermnet\test/Urticaria Hives/angioedema-1.jpg
19,E:\MedicalData\kagglechallenge\Dermnet\test/Urticaria Hives/angioedema-12.jpg
19,E:\MedicalData\kagglechallenge\Dermnet\test/Urticaria Hives/angioedema-19.jpg
19,E:\MedicalData\kagglechallenge\Dermnet\test/Urticaria Hives/angioedema-24.jpg
19,E:\MedicalData\kagglechallenge\Dermnet\test/Urticaria Hives/angioedema-25.jpg
19,E:\MedicalData\kagglechallenge\Dermnet\test/Urticaria Hives/angioedema-3.jpg
19,E:\MedicalData\kagglechallenge\Dermnet\test/Urticaria Hives/angioedema-5.jpg
19,E:\MedicalData\kagglechallenge\Dermnet\test/Urticaria Hives/angioedema-6.jpg
19,E:\MedicalData\kagglechallenge\Dermnet\test/Urticaria Hives/angioedema-7.jpg
19,E:\MedicalData\kagglechallenge\Dermnet\test/Urticaria Hives/cholinergic-uriticaria-1.jpg
19,E:\MedicalData\kagglechallenge\Dermnet\test/Urticaria Hives/cholinergic-uriticaria-12.jpg
19,E:\MedicalData\kagglechallenge\Dermnet\test/Urticaria Hives/cholinergic-uriticaria-14.jpg
19,E:\MedicalData\kagglechallenge\Dermnet\test/Urticaria Hives/cholinergic-uriticaria-2.jpg
19,E:\MedicalData\kagglechallenge\Dermnet\test/Urticaria Hives/cold-urticaria-1.jpg
19,E:\MedicalData\kagglechallenge\Dermnet\test/Urticaria Hives/dermagraphism-12.jpg
19,E:\MedicalData\kagglechallenge\Dermnet\test/Urticaria Hives/dermagraphism-14.jpg
19,E:\MedicalData\kagglechallenge\Dermnet\test/Urticaria Hives/dermagraphism-16.jpg
19,E:\MedicalData\kagglechallenge\Dermnet\test/Urticaria Hives/dermagraphism-18.jpg
19,E:\MedicalData\kagglechallenge\Dermnet\test/Urticaria Hives/dermagraphism-20.jpg
19,E:\MedicalData\kagglechallenge\Dermnet\test/Urticaria Hives/dermagraphism-22.jpg
19,E:\MedicalData\kagglechallenge\Dermnet\test/Urticaria Hives/dermagraphism-24.jpg
19,E:\MedicalData\kagglechallenge\Dermnet\test/Urticaria Hives/dermagraphism-32.jpg
19,E:\MedicalData\kagglechallenge\Dermnet\test/Urticaria Hives/dermagraphism-36.jpg
19,E:\MedicalData\kagglechallenge\Dermnet\test/Urticaria Hives/dermagraphism-37.jpg
19,E:\MedicalData\kagglechallenge\Dermnet\test/Urticaria Hives/dermagraphism-4.jpg
19,E:\MedicalData\kagglechallenge\Dermnet\test/Urticaria Hives/erythema-annulare-centrifugum-1.jpg
19,E:\MedicalData\kagglechallenge\Dermnet\test/Urticaria Hives/erythema-annulare-centrifugum-17.jpg
19,E:\MedicalData\kagglechallenge\Dermnet\test/Urticaria Hives/erythema-annulare-centrifugum-9.jpg
19,E:\MedicalData\kagglechallenge\Dermnet\test/Urticaria Hives/hives-Urticaria-Acute-22.jpg
19,E:\MedicalData\kagglechallenge\Dermnet\test/Urticaria Hives/hives-Urticaria-Acute-25.jpg
19,E:\MedicalData\kagglechallenge\Dermnet\test/Urticaria Hives/hives-Urticaria-Acute-33.jpg
19,E:\MedicalData\kagglechallenge\Dermnet\test/Urticaria Hives/hives-Urticaria-Acute-39.jpg
19,E:\MedicalData\kagglechallenge\Dermnet\test/Urticaria Hives/hives-Urticaria-Acute-49.jpg
19,E:\MedicalData\kagglechallenge\Dermnet\test/Urticaria Hives/hives-Urticaria-Acute-53.jpg
19,E:\MedicalData\kagglechallenge\Dermnet\test/Urticaria Hives/hives-Urticaria-Acute-54.jpg
19,E:\MedicalData\kagglechallenge\Dermnet\test/Urticaria Hives/hives-Urticaria-Acute-55.jpg
19,E:\MedicalData\kagglechallenge\Dermnet\test/Urticaria Hives/hives-Urticaria-Acute-68.jpg
19,E:\MedicalData\kagglechallenge\Dermnet\test/Urticaria Hives/hives-Urticaria-Acute-73.jpg
19,E:\MedicalData\kagglechallenge\Dermnet\test/Urticaria Hives/hives-Urticaria-Acute-86.jpg
19,E:\MedicalData\kagglechallenge\Dermnet\test/Urticaria Hives/hives-Urticaria-Acute-89.jpg
19,E:\MedicalData\kagglechallenge\Dermnet\test/Urticaria Hives/hives-Urticaria-Acute-90.jpg
19,E:\MedicalData\kagglechallenge\Dermnet\test/Urticaria Hives/hives-Urticaria-Acute-94.jpg
19,E:\MedicalData\kagglechallenge\Dermnet\test/Urticaria Hives/pressure-urticaria-11.jpg
19,E:\MedicalData\kagglechallenge\Dermnet\test/Urticaria Hives/PUPPP-14.jpg
19,E:\MedicalData\kagglechallenge\Dermnet\test/Urticaria Hives/PUPPP-18.jpg
19,E:\MedicalData\kagglechallenge\Dermnet\test/Urticaria Hives/PUPPP-24.jpg
19,E:\MedicalData\kagglechallenge\Dermnet\test/Urticaria Hives/PUPPP-26.jpg
19,E:\MedicalData\kagglechallenge\Dermnet\test/Urticaria Hives/PUPPP-9.jpg
19,E:\MedicalData\kagglechallenge\Dermnet\test/Urticaria Hives/Urticaria-Vasculitis-16.jpg
19,E:\MedicalData\kagglechallenge\Dermnet\test/Urticaria Hives/Urticaria-Vasculitis-7.jpg
20,E:\MedicalData\kagglechallenge\Dermnet\test/Vascular Tumors/angiokeratomas-1.jpg
20,E:\MedicalData\kagglechallenge\Dermnet\test/Vascular Tumors/angiokeratomas-24.jpg
20,E:\MedicalData\kagglechallenge\Dermnet\test/Vascular Tumors/angiokeratomas-29.jpg
20,E:\MedicalData\kagglechallenge\Dermnet\test/Vascular Tumors/angiokeratomas-44.jpg
20,E:\MedicalData\kagglechallenge\Dermnet\test/Vascular Tumors/angiokeratomas-5.jpg
20,E:\MedicalData\kagglechallenge\Dermnet\test/Vascular Tumors/angiokeratomas-6.jpg
20,E:\MedicalData\kagglechallenge\Dermnet\test/Vascular Tumors/cherry-angioma-1.jpg
20,E:\MedicalData\kagglechallenge\Dermnet\test/Vascular Tumors/cherry-angioma-10.jpg
20,E:\MedicalData\kagglechallenge\Dermnet\test/Vascular Tumors/cherry-angioma-18.jpg
20,E:\MedicalData\kagglechallenge\Dermnet\test/Vascular Tumors/cherry-angioma-21.jpg
20,E:\MedicalData\kagglechallenge\Dermnet\test/Vascular Tumors/cherry-angioma-23.jpg
20,E:\MedicalData\kagglechallenge\Dermnet\test/Vascular Tumors/cherry-angioma-24.jpg
20,E:\MedicalData\kagglechallenge\Dermnet\test/Vascular Tumors/cherry-angioma-26.jpg
20,E:\MedicalData\kagglechallenge\Dermnet\test/Vascular Tumors/cherry-angioma-3.jpg
20,E:\MedicalData\kagglechallenge\Dermnet\test/Vascular Tumors/cherry-angioma-4.jpg
20,E:\MedicalData\kagglechallenge\Dermnet\test/Vascular Tumors/hemangioma-11.jpg
20,E:\MedicalData\kagglechallenge\Dermnet\test/Vascular Tumors/hemangioma-20.jpg
20,E:\MedicalData\kagglechallenge\Dermnet\test/Vascular Tumors/hemangioma-22.jpg
20,E:\MedicalData\kagglechallenge\Dermnet\test/Vascular Tumors/hemangioma-26.jpg
20,E:\MedicalData\kagglechallenge\Dermnet\test/Vascular Tumors/hemangioma-28.jpg
20,E:\MedicalData\kagglechallenge\Dermnet\test/Vascular Tumors/hemangioma-33.jpg
20,E:\MedicalData\kagglechallenge\Dermnet\test/Vascular Tumors/hemangioma-44.jpg
20,E:\MedicalData\kagglechallenge\Dermnet\test/Vascular Tumors/hemangioma-5.jpg
20,E:\MedicalData\kagglechallenge\Dermnet\test/Vascular Tumors/hemangioma-54.jpg
20,E:\MedicalData\kagglechallenge\Dermnet\test/Vascular Tumors/hemangioma-56.jpg
20,E:\MedicalData\kagglechallenge\Dermnet\test/Vascular Tumors/hemangioma-57.jpg
20,E:\MedicalData\kagglechallenge\Dermnet\test/Vascular Tumors/hemangioma-764.jpg
20,E:\MedicalData\kagglechallenge\Dermnet\test/Vascular Tumors/hemangioma-899.jpg
20,E:\MedicalData\kagglechallenge\Dermnet\test/Vascular Tumors/Hemangioma-Dermoscopy.jpg
20,E:\MedicalData\kagglechallenge\Dermnet\test/Vascular Tumors/hemangioma-infancy-16.jpg
20,E:\MedicalData\kagglechallenge\Dermnet\test/Vascular Tumors/hemangioma-infancy-21.jpg
20,E:\MedicalData\kagglechallenge\Dermnet\test/Vascular Tumors/hemangioma-infancy-23.jpg
20,E:\MedicalData\kagglechallenge\Dermnet\test/Vascular Tumors/hemangioma-infancy-26.jpg
20,E:\MedicalData\kagglechallenge\Dermnet\test/Vascular Tumors/hemangioma-infancy-27.jpg
20,E:\MedicalData\kagglechallenge\Dermnet\test/Vascular Tumors/hemangioma-infancy-36.jpg
20,E:\MedicalData\kagglechallenge\Dermnet\test/Vascular Tumors/hemangioma-infancy-39.jpg
20,E:\MedicalData\kagglechallenge\Dermnet\test/Vascular Tumors/hemangioma-infancy-4.jpg
20,E:\MedicalData\kagglechallenge\Dermnet\test/Vascular Tumors/hemangioma-infancy-45.jpg
20,E:\MedicalData\kagglechallenge\Dermnet\test/Vascular Tumors/hemangioma-infancy-47.jpg
20,E:\MedicalData\kagglechallenge\Dermnet\test/Vascular Tumors/hemangioma-infancy-52.jpg
20,E:\MedicalData\kagglechallenge\Dermnet\test/Vascular Tumors/hemangioma-infancy-59.jpg
20,E:\MedicalData\kagglechallenge\Dermnet\test/Vascular Tumors/hemangioma-infancy-6.jpg
20,E:\MedicalData\kagglechallenge\Dermnet\test/Vascular Tumors/hemangioma-infancy-60.jpg
20,E:\MedicalData\kagglechallenge\Dermnet\test/Vascular Tumors/kaposi-sarcoma-13.jpg
20,E:\MedicalData\kagglechallenge\Dermnet\test/Vascular Tumors/kaposi-sarcoma-14.jpg
20,E:\MedicalData\kagglechallenge\Dermnet\test/Vascular Tumors/kaposi-sarcoma-15.jpg
20,E:\MedicalData\kagglechallenge\Dermnet\test/Vascular Tumors/kaposi-sarcoma-35.jpg
20,E:\MedicalData\kagglechallenge\Dermnet\test/Vascular Tumors/kaposi-sarcoma-41.jpg
20,E:\MedicalData\kagglechallenge\Dermnet\test/Vascular Tumors/kaposi-sarcoma-42.jpg
20,E:\MedicalData\kagglechallenge\Dermnet\test/Vascular Tumors/kaposi-sarcoma-6.jpg
20,E:\MedicalData\kagglechallenge\Dermnet\test/Vascular Tumors/kaposi-sarcoma-8.jpg
20,E:\MedicalData\kagglechallenge\Dermnet\test/Vascular Tumors/lymphangioma-circumscriptum-18.jpg
20,E:\MedicalData\kagglechallenge\Dermnet\test/Vascular Tumors/lymphangioma-circumscriptum-4.jpg
20,E:\MedicalData\kagglechallenge\Dermnet\test/Vascular Tumors/purpura-vomiting-3.jpg
20,E:\MedicalData\kagglechallenge\Dermnet\test/Vascular Tumors/pyogenic-granuloma-109.jpg
20,E:\MedicalData\kagglechallenge\Dermnet\test/Vascular Tumors/pyogenic-granuloma-12.jpg
20,E:\MedicalData\kagglechallenge\Dermnet\test/Vascular Tumors/pyogenic-granuloma-20.jpg
20,E:\MedicalData\kagglechallenge\Dermnet\test/Vascular Tumors/pyogenic-granuloma-30.jpg
20,E:\MedicalData\kagglechallenge\Dermnet\test/Vascular Tumors/pyogenic-granuloma-33.jpg
20,E:\MedicalData\kagglechallenge\Dermnet\test/Vascular Tumors/pyogenic-granuloma-35.jpg
20,E:\MedicalData\kagglechallenge\Dermnet\test/Vascular Tumors/pyogenic-granuloma-5.jpg
20,E:\MedicalData\kagglechallenge\Dermnet\test/Vascular Tumors/pyogenic-granuloma-56.jpg
20,E:\MedicalData\kagglechallenge\Dermnet\test/Vascular Tumors/pyogenic-granuloma-6.jpg
20,E:\MedicalData\kagglechallenge\Dermnet\test/Vascular Tumors/pyogenic-granuloma-76.jpg
20,E:\MedicalData\kagglechallenge\Dermnet\test/Vascular Tumors/pyogenic-granuloma-83.jpg
20,E:\MedicalData\kagglechallenge\Dermnet\test/Vascular Tumors/pyogenic-granuloma-84.jpg
20,E:\MedicalData\kagglechallenge\Dermnet\test/Vascular Tumors/pyogenic-granuloma-95.jpg
20,E:\MedicalData\kagglechallenge\Dermnet\test/Vascular Tumors/pyogenic-granuloma-96.jpg
20,E:\MedicalData\kagglechallenge\Dermnet\test/Vascular Tumors/spider-angioma-13.jpg
20,E:\MedicalData\kagglechallenge\Dermnet\test/Vascular Tumors/spider-angioma-14.jpg
20,E:\MedicalData\kagglechallenge\Dermnet\test/Vascular Tumors/spider-angioma-4.jpg
20,E:\MedicalData\kagglechallenge\Dermnet\test/Vascular Tumors/telangiectasias-10.jpg
20,E:\MedicalData\kagglechallenge\Dermnet\test/Vascular Tumors/telangiectasias-11.jpg
20,E:\MedicalData\kagglechallenge\Dermnet\test/Vascular Tumors/telangiectasias-19.jpg
20,E:\MedicalData\kagglechallenge\Dermnet\test/Vascular Tumors/telangiectasias-2.jpg
20,E:\MedicalData\kagglechallenge\Dermnet\test/Vascular Tumors/telangiectasias-28.jpg
20,E:\MedicalData\kagglechallenge\Dermnet\test/Vascular Tumors/telangiectasias-31.jpg
20,E:\MedicalData\kagglechallenge\Dermnet\test/Vascular Tumors/telangiectasias-34.jpg
20,E:\MedicalData\kagglechallenge\Dermnet\test/Vascular Tumors/telangiectasias-49.jpg
20,E:\MedicalData\kagglechallenge\Dermnet\test/Vascular Tumors/telangiectasias-6.jpg
20,E:\MedicalData\kagglechallenge\Dermnet\test/Vascular Tumors/thrombosed-vein-1.jpg
20,E:\MedicalData\kagglechallenge\Dermnet\test/Vascular Tumors/unilateral-telangiectasia-1.jpg
20,E:\MedicalData\kagglechallenge\Dermnet\test/Vascular Tumors/vascular-anomaly-1.jpg
20,E:\MedicalData\kagglechallenge\Dermnet\test/Vascular Tumors/vascular-anomaly-3.jpg
20,E:\MedicalData\kagglechallenge\Dermnet\test/Vascular Tumors/vascular-anomaly-5.jpg
20,E:\MedicalData\kagglechallenge\Dermnet\test/Vascular Tumors/vascular-anomaly-6.jpg
20,E:\MedicalData\kagglechallenge\Dermnet\test/Vascular Tumors/venous-lake-10.jpg
20,E:\MedicalData\kagglechallenge\Dermnet\test/Vascular Tumors/venous-lake-15.jpg
20,E:\MedicalData\kagglechallenge\Dermnet\test/Vascular Tumors/venous-lake-18.jpg
20,E:\MedicalData\kagglechallenge\Dermnet\test/Vascular Tumors/venous-lake-2.jpg
20,E:\MedicalData\kagglechallenge\Dermnet\test/Vascular Tumors/venous-lake-22.jpg
20,E:\MedicalData\kagglechallenge\Dermnet\test/Vascular Tumors/venous-lake-24.jpg
20,E:\MedicalData\kagglechallenge\Dermnet\test/Vascular Tumors/venous-lake-28.jpg
20,E:\MedicalData\kagglechallenge\Dermnet\test/Vascular Tumors/venous-lake-29.jpg
20,E:\MedicalData\kagglechallenge\Dermnet\test/Vascular Tumors/venous-lake-35.jpg
20,E:\MedicalData\kagglechallenge\Dermnet\test/Vascular Tumors/venous-lake-44.jpg
20,E:\MedicalData\kagglechallenge\Dermnet\test/Vascular Tumors/venous-lake-48.jpg
20,E:\MedicalData\kagglechallenge\Dermnet\test/Vascular Tumors/venous-lake-8.jpg
20,E:\MedicalData\kagglechallenge\Dermnet\test/Vascular Tumors/venous-malformations-1.jpg
20,E:\MedicalData\kagglechallenge\Dermnet\test/Vascular Tumors/venous-malformations-34.jpg
20,E:\MedicalData\kagglechallenge\Dermnet\test/Vascular Tumors/venous-malformations-36.jpg
20,E:\MedicalData\kagglechallenge\Dermnet\test/Vascular Tumors/venous-malformations-40.jpg
20,E:\MedicalData\kagglechallenge\Dermnet\test/Vascular Tumors/venous-malformations-41.jpg
20,E:\MedicalData\kagglechallenge\Dermnet\test/Vascular Tumors/venous-malformations-43.jpg
20,E:\MedicalData\kagglechallenge\Dermnet\test/Vascular Tumors/venous-malformations-49.jpg
20,E:\MedicalData\kagglechallenge\Dermnet\test/Vascular Tumors/venous-malformations-5.jpg
20,E:\MedicalData\kagglechallenge\Dermnet\test/Vascular Tumors/venous-malformations-58.jpg
20,E:\MedicalData\kagglechallenge\Dermnet\test/Vascular Tumors/venous-malformations-61.jpg
20,E:\MedicalData\kagglechallenge\Dermnet\test/Vascular Tumors/venous-malformations-64.jpg
20,E:\MedicalData\kagglechallenge\Dermnet\test/Vascular Tumors/venous-malformations-78.jpg
21,E:\MedicalData\kagglechallenge\Dermnet\test/Vasculitis Photos/atrophy-blanche-4.jpg
21,E:\MedicalData\kagglechallenge\Dermnet\test/Vasculitis Photos/erythema-elevatum-diutinum-2.jpg
21,E:\MedicalData\kagglechallenge\Dermnet\test/Vasculitis Photos/erythema-multiforme-100.jpg
21,E:\MedicalData\kagglechallenge\Dermnet\test/Vasculitis Photos/erythema-multiforme-104.jpg
21,E:\MedicalData\kagglechallenge\Dermnet\test/Vasculitis Photos/erythema-multiforme-105.jpg
21,E:\MedicalData\kagglechallenge\Dermnet\test/Vasculitis Photos/erythema-multiforme-109.jpg
21,E:\MedicalData\kagglechallenge\Dermnet\test/Vasculitis Photos/erythema-multiforme-112.jpg
21,E:\MedicalData\kagglechallenge\Dermnet\test/Vasculitis Photos/erythema-multiforme-119.jpg
21,E:\MedicalData\kagglechallenge\Dermnet\test/Vasculitis Photos/erythema-multiforme-12.jpg
21,E:\MedicalData\kagglechallenge\Dermnet\test/Vasculitis Photos/erythema-multiforme-125.jpg
21,E:\MedicalData\kagglechallenge\Dermnet\test/Vasculitis Photos/erythema-multiforme-13.jpg
21,E:\MedicalData\kagglechallenge\Dermnet\test/Vasculitis Photos/erythema-multiforme-136.jpg
21,E:\MedicalData\kagglechallenge\Dermnet\test/Vasculitis Photos/erythema-multiforme-139.jpg
21,E:\MedicalData\kagglechallenge\Dermnet\test/Vasculitis Photos/erythema-multiforme-141.jpg
21,E:\MedicalData\kagglechallenge\Dermnet\test/Vasculitis Photos/erythema-multiforme-143.jpg
21,E:\MedicalData\kagglechallenge\Dermnet\test/Vasculitis Photos/erythema-multiforme-149.jpg
21,E:\MedicalData\kagglechallenge\Dermnet\test/Vasculitis Photos/erythema-multiforme-150.jpg
21,E:\MedicalData\kagglechallenge\Dermnet\test/Vasculitis Photos/erythema-multiforme-164.jpg
21,E:\MedicalData\kagglechallenge\Dermnet\test/Vasculitis Photos/erythema-multiforme-175.jpg
21,E:\MedicalData\kagglechallenge\Dermnet\test/Vasculitis Photos/erythema-multiforme-19.jpg
21,E:\MedicalData\kagglechallenge\Dermnet\test/Vasculitis Photos/erythema-multiforme-20.jpg
21,E:\MedicalData\kagglechallenge\Dermnet\test/Vasculitis Photos/erythema-multiforme-27.jpg
21,E:\MedicalData\kagglechallenge\Dermnet\test/Vasculitis Photos/erythema-multiforme-33.jpg
21,E:\MedicalData\kagglechallenge\Dermnet\test/Vasculitis Photos/erythema-multiforme-88.jpg
21,E:\MedicalData\kagglechallenge\Dermnet\test/Vasculitis Photos/erythema-multiforme-9.jpg
21,E:\MedicalData\kagglechallenge\Dermnet\test/Vasculitis Photos/erythema-multiforme-95.jpg
21,E:\MedicalData\kagglechallenge\Dermnet\test/Vasculitis Photos/erythema-multiforme-98.jpg
21,E:\MedicalData\kagglechallenge\Dermnet\test/Vasculitis Photos/erythema-nodosum-11.jpg
21,E:\MedicalData\kagglechallenge\Dermnet\test/Vasculitis Photos/erythema-nodosum-23.jpg
21,E:\MedicalData\kagglechallenge\Dermnet\test/Vasculitis Photos/erythema-nodosum-29.jpg
21,E:\MedicalData\kagglechallenge\Dermnet\test/Vasculitis Photos/erythema-nodosum-34.jpg
21,E:\MedicalData\kagglechallenge\Dermnet\test/Vasculitis Photos/erythema-nodosum-8.jpg
21,E:\MedicalData\kagglechallenge\Dermnet\test/Vasculitis Photos/granuloma-faciale-2.jpg
21,E:\MedicalData\kagglechallenge\Dermnet\test/Vasculitis Photos/henoch-schonlein-purpura-10.jpg
21,E:\MedicalData\kagglechallenge\Dermnet\test/Vasculitis Photos/henoch-schonlein-purpura-16.jpg
21,E:\MedicalData\kagglechallenge\Dermnet\test/Vasculitis Photos/henoch-schonlein-purpura-18.jpg
21,E:\MedicalData\kagglechallenge\Dermnet\test/Vasculitis Photos/henoch-schonlein-purpura-19.jpg
21,E:\MedicalData\kagglechallenge\Dermnet\test/Vasculitis Photos/henoch-schonlein-purpura-24.jpg
21,E:\MedicalData\kagglechallenge\Dermnet\test/Vasculitis Photos/henoch-schonlein-purpura-3.jpg
21,E:\MedicalData\kagglechallenge\Dermnet\test/Vasculitis Photos/henoch-schonlein-purpura-7.jpg
21,E:\MedicalData\kagglechallenge\Dermnet\test/Vasculitis Photos/interstitial-granulomatous-dermatitis-1.jpg
21,E:\MedicalData\kagglechallenge\Dermnet\test/Vasculitis Photos/interstitial-granulomatous-dermatitis-10.jpg
21,E:\MedicalData\kagglechallenge\Dermnet\test/Vasculitis Photos/interstitial-granulomatous-dermatitis-16.jpg
21,E:\MedicalData\kagglechallenge\Dermnet\test/Vasculitis Photos/interstitial-granulomatous-dermatitis-6.jpg
21,E:\MedicalData\kagglechallenge\Dermnet\test/Vasculitis Photos/interstitial-granulomatous-dermatitis-9.jpg
21,E:\MedicalData\kagglechallenge\Dermnet\test/Vasculitis Photos/livido-reticularis-11.jpg
21,E:\MedicalData\kagglechallenge\Dermnet\test/Vasculitis Photos/livido-reticularis-8.jpg
21,E:\MedicalData\kagglechallenge\Dermnet\test/Vasculitis Photos/pyoderma-gangrenosum-12.jpg
21,E:\MedicalData\kagglechallenge\Dermnet\test/Vasculitis Photos/pyoderma-gangrenosum-22.jpg
21,E:\MedicalData\kagglechallenge\Dermnet\test/Vasculitis Photos/pyoderma-gangrenosum-7.jpg
21,E:\MedicalData\kagglechallenge\Dermnet\test/Vasculitis Photos/schamberg-disease-13.jpg
21,E:\MedicalData\kagglechallenge\Dermnet\test/Vasculitis Photos/schamberg-disease-14.jpg
21,E:\MedicalData\kagglechallenge\Dermnet\test/Vasculitis Photos/schamberg-disease-19.jpg
21,E:\MedicalData\kagglechallenge\Dermnet\test/Vasculitis Photos/schamberg-disease-2.jpg
21,E:\MedicalData\kagglechallenge\Dermnet\test/Vasculitis Photos/schamberg-disease-20.jpg
21,E:\MedicalData\kagglechallenge\Dermnet\test/Vasculitis Photos/schamberg-disease-25.jpg
21,E:\MedicalData\kagglechallenge\Dermnet\test/Vasculitis Photos/schamberg-disease-28.jpg
21,E:\MedicalData\kagglechallenge\Dermnet\test/Vasculitis Photos/schamberg-disease-49.jpg
21,E:\MedicalData\kagglechallenge\Dermnet\test/Vasculitis Photos/schamberg-disease-52.jpg
21,E:\MedicalData\kagglechallenge\Dermnet\test/Vasculitis Photos/schamberg-disease-58.jpg
21,E:\MedicalData\kagglechallenge\Dermnet\test/Vasculitis Photos/schamberg-disease-59.jpg
21,E:\MedicalData\kagglechallenge\Dermnet\test/Vasculitis Photos/schamberg-disease-63.jpg
21,E:\MedicalData\kagglechallenge\Dermnet\test/Vasculitis Photos/schamberg-disease-70.jpg
21,E:\MedicalData\kagglechallenge\Dermnet\test/Vasculitis Photos/schamberg-disease-73.jpg
21,E:\MedicalData\kagglechallenge\Dermnet\test/Vasculitis Photos/schamberg-disease-77.jpg
21,E:\MedicalData\kagglechallenge\Dermnet\test/Vasculitis Photos/schamberg-disease-8.jpg
21,E:\MedicalData\kagglechallenge\Dermnet\test/Vasculitis Photos/stevens-johnson-syndrome-3.jpg
21,E:\MedicalData\kagglechallenge\Dermnet\test/Vasculitis Photos/sweets-syndrome-5.jpg
21,E:\MedicalData\kagglechallenge\Dermnet\test/Vasculitis Photos/vasculitis-100.jpg
21,E:\MedicalData\kagglechallenge\Dermnet\test/Vasculitis Photos/vasculitis-103.jpg
21,E:\MedicalData\kagglechallenge\Dermnet\test/Vasculitis Photos/vasculitis-106.jpg
21,E:\MedicalData\kagglechallenge\Dermnet\test/Vasculitis Photos/vasculitis-112.jpg
21,E:\MedicalData\kagglechallenge\Dermnet\test/Vasculitis Photos/vasculitis-115.jpg
21,E:\MedicalData\kagglechallenge\Dermnet\test/Vasculitis Photos/vasculitis-119.jpg
21,E:\MedicalData\kagglechallenge\Dermnet\test/Vasculitis Photos/vasculitis-121.jpg
21,E:\MedicalData\kagglechallenge\Dermnet\test/Vasculitis Photos/vasculitis-126.jpg
21,E:\MedicalData\kagglechallenge\Dermnet\test/Vasculitis Photos/vasculitis-138.jpg
21,E:\MedicalData\kagglechallenge\Dermnet\test/Vasculitis Photos/vasculitis-140.jpg
21,E:\MedicalData\kagglechallenge\Dermnet\test/Vasculitis Photos/vasculitis-15.jpg
21,E:\MedicalData\kagglechallenge\Dermnet\test/Vasculitis Photos/vasculitis-2.jpg
21,E:\MedicalData\kagglechallenge\Dermnet\test/Vasculitis Photos/vasculitis-22.jpg
21,E:\MedicalData\kagglechallenge\Dermnet\test/Vasculitis Photos/vasculitis-30.jpg
21,E:\MedicalData\kagglechallenge\Dermnet\test/Vasculitis Photos/vasculitis-34.jpg
21,E:\MedicalData\kagglechallenge\Dermnet\test/Vasculitis Photos/vasculitis-35.jpg
21,E:\MedicalData\kagglechallenge\Dermnet\test/Vasculitis Photos/vasculitis-36.jpg
21,E:\MedicalData\kagglechallenge\Dermnet\test/Vasculitis Photos/vasculitis-37.jpg
21,E:\MedicalData\kagglechallenge\Dermnet\test/Vasculitis Photos/vasculitis-49.jpg
21,E:\MedicalData\kagglechallenge\Dermnet\test/Vasculitis Photos/vasculitis-54.jpg
21,E:\MedicalData\kagglechallenge\Dermnet\test/Vasculitis Photos/vasculitis-57.jpg
21,E:\MedicalData\kagglechallenge\Dermnet\test/Vasculitis Photos/vasculitis-62.jpg
21,E:\MedicalData\kagglechallenge\Dermnet\test/Vasculitis Photos/vasculitis-70.jpg
21,E:\MedicalData\kagglechallenge\Dermnet\test/Vasculitis Photos/vasculitis-73.jpg
21,E:\MedicalData\kagglechallenge\Dermnet\test/Vasculitis Photos/vasculitis-80.jpg
21,E:\MedicalData\kagglechallenge\Dermnet\test/Vasculitis Photos/vasculitis-84.jpg
21,E:\MedicalData\kagglechallenge\Dermnet\test/Vasculitis Photos/vasculitis-9.jpg
21,E:\MedicalData\kagglechallenge\Dermnet\test/Vasculitis Photos/vasculitis-93.jpg
21,E:\MedicalData\kagglechallenge\Dermnet\test/Vasculitis Photos/vasculitis-94.jpg
22,E:\MedicalData\kagglechallenge\Dermnet\test/Warts Molluscum and other Viral Infections/12ChickenPoxBack.jpg
22,E:\MedicalData\kagglechallenge\Dermnet\test/Warts Molluscum and other Viral Infections/12PeriungualWart.jpg
22,E:\MedicalData\kagglechallenge\Dermnet\test/Warts Molluscum and other Viral Infections/12wartCommon0403061.jpg
22,E:\MedicalData\kagglechallenge\Dermnet\test/Warts Molluscum and other Viral Infections/12wartmouth4533.jpg
22,E:\MedicalData\kagglechallenge\Dermnet\test/Warts Molluscum and other Viral Infections/12wartMouth4977.jpg
22,E:\MedicalData\kagglechallenge\Dermnet\test/Warts Molluscum and other Viral Infections/black-heel-9.jpg
22,E:\MedicalData\kagglechallenge\Dermnet\test/Warts Molluscum and other Viral Infections/corns-18.jpg
22,E:\MedicalData\kagglechallenge\Dermnet\test/Warts Molluscum and other Viral Infections/corns-19.jpg
22,E:\MedicalData\kagglechallenge\Dermnet\test/Warts Molluscum and other Viral Infections/corns-26.jpg
22,E:\MedicalData\kagglechallenge\Dermnet\test/Warts Molluscum and other Viral Infections/corns-29.jpg
22,E:\MedicalData\kagglechallenge\Dermnet\test/Warts Molluscum and other Viral Infections/corns-31.jpg
22,E:\MedicalData\kagglechallenge\Dermnet\test/Warts Molluscum and other Viral Infections/corns-38.jpg
22,E:\MedicalData\kagglechallenge\Dermnet\test/Warts Molluscum and other Viral Infections/corns-6.jpg
22,E:\MedicalData\kagglechallenge\Dermnet\test/Warts Molluscum and other Viral Infections/eczema-herpeticum-17.jpg
22,E:\MedicalData\kagglechallenge\Dermnet\test/Warts Molluscum and other Viral Infections/eczema-herpeticum-25.jpg
22,E:\MedicalData\kagglechallenge\Dermnet\test/Warts Molluscum and other Viral Infections/eczema-herpeticum-34.jpg
22,E:\MedicalData\kagglechallenge\Dermnet\test/Warts Molluscum and other Viral Infections/eczema-herpeticum-39.jpg
22,E:\MedicalData\kagglechallenge\Dermnet\test/Warts Molluscum and other Viral Infections/eczema-herpeticum-45.jpg
22,E:\MedicalData\kagglechallenge\Dermnet\test/Warts Molluscum and other Viral Infections/eczema-herpeticum-47.jpg
22,E:\MedicalData\kagglechallenge\Dermnet\test/Warts Molluscum and other Viral Infections/eczema-herpeticum-49.jpg
22,E:\MedicalData\kagglechallenge\Dermnet\test/Warts Molluscum and other Viral Infections/eczema-herpeticum-57.jpg
22,E:\MedicalData\kagglechallenge\Dermnet\test/Warts Molluscum and other Viral Infections/eczema-herpeticum-58.jpg
22,E:\MedicalData\kagglechallenge\Dermnet\test/Warts Molluscum and other Viral Infections/eczema-vaccinatum-1.jpg
22,E:\MedicalData\kagglechallenge\Dermnet\test/Warts Molluscum and other Viral Infections/eczema-vaccinatum-2.jpg
22,E:\MedicalData\kagglechallenge\Dermnet\test/Warts Molluscum and other Viral Infections/hand-foot-mouth-13.jpg
22,E:\MedicalData\kagglechallenge\Dermnet\test/Warts Molluscum and other Viral Infections/hand-foot-mouth-15.jpg
22,E:\MedicalData\kagglechallenge\Dermnet\test/Warts Molluscum and other Viral Infections/hand-foot-mouth-16.jpg
22,E:\MedicalData\kagglechallenge\Dermnet\test/Warts Molluscum and other Viral Infections/hand-foot-mouth-2.jpg
22,E:\MedicalData\kagglechallenge\Dermnet\test/Warts Molluscum and other Viral Infections/hand-foot-mouth-3.jpg
22,E:\MedicalData\kagglechallenge\Dermnet\test/Warts Molluscum and other Viral Infections/herpes-Buttock-12.jpg
22,E:\MedicalData\kagglechallenge\Dermnet\test/Warts Molluscum and other Viral Infections/herpes-buttocks-16.jpg
22,E:\MedicalData\kagglechallenge\Dermnet\test/Warts Molluscum and other Viral Infections/herpes-buttocks-23.jpg
22,E:\MedicalData\kagglechallenge\Dermnet\test/Warts Molluscum and other Viral Infections/herpes-buttocks-30.jpg
22,E:\MedicalData\kagglechallenge\Dermnet\test/Warts Molluscum and other Viral Infections/herpes-buttocks-34.jpg
22,E:\MedicalData\kagglechallenge\Dermnet\test/Warts Molluscum and other Viral Infections/herpes-cutaneous-1.jpg
22,E:\MedicalData\kagglechallenge\Dermnet\test/Warts Molluscum and other Viral Infections/herpes-cutaneous-10.jpg
22,E:\MedicalData\kagglechallenge\Dermnet\test/Warts Molluscum and other Viral Infections/herpes-cutaneous-114.jpg
22,E:\MedicalData\kagglechallenge\Dermnet\test/Warts Molluscum and other Viral Infections/herpes-cutaneous-115.jpg
22,E:\MedicalData\kagglechallenge\Dermnet\test/Warts Molluscum and other Viral Infections/herpes-cutaneous-12.jpg
22,E:\MedicalData\kagglechallenge\Dermnet\test/Warts Molluscum and other Viral Infections/herpes-cutaneous-127.jpg
22,E:\MedicalData\kagglechallenge\Dermnet\test/Warts Molluscum and other Viral Infections/herpes-cutaneous-137.jpg
22,E:\MedicalData\kagglechallenge\Dermnet\test/Warts Molluscum and other Viral Infections/herpes-cutaneous-26.jpg
22,E:\MedicalData\kagglechallenge\Dermnet\test/Warts Molluscum and other Viral Infections/herpes-cutaneous-34.jpg
22,E:\MedicalData\kagglechallenge\Dermnet\test/Warts Molluscum and other Viral Infections/herpes-cutaneous-41.jpg
22,E:\MedicalData\kagglechallenge\Dermnet\test/Warts Molluscum and other Viral Infections/herpes-cutaneous-44.jpg
22,E:\MedicalData\kagglechallenge\Dermnet\test/Warts Molluscum and other Viral Infections/herpes-cutaneous-48.jpg
22,E:\MedicalData\kagglechallenge\Dermnet\test/Warts Molluscum and other Viral Infections/herpes-cutaneous-58.jpg
22,E:\MedicalData\kagglechallenge\Dermnet\test/Warts Molluscum and other Viral Infections/herpes-cutaneous-72.jpg
22,E:\MedicalData\kagglechallenge\Dermnet\test/Warts Molluscum and other Viral Infections/herpes-cutaneous-74.jpg
22,E:\MedicalData\kagglechallenge\Dermnet\test/Warts Molluscum and other Viral Infections/herpes-cutaneous-77.jpg
22,E:\MedicalData\kagglechallenge\Dermnet\test/Warts Molluscum and other Viral Infections/herpes-cutaneous-81.jpg
22,E:\MedicalData\kagglechallenge\Dermnet\test/Warts Molluscum and other Viral Infections/herpes-cutaneous-91.jpg
22,E:\MedicalData\kagglechallenge\Dermnet\test/Warts Molluscum and other Viral Infections/Herpes-Hand-051901.jpg
22,E:\MedicalData\kagglechallenge\Dermnet\test/Warts Molluscum and other Viral Infections/Herpes-Hand-0519013.jpg
22,E:\MedicalData\kagglechallenge\Dermnet\test/Warts Molluscum and other Viral Infections/herpes-mouth-11.jpg
22,E:\MedicalData\kagglechallenge\Dermnet\test/Warts Molluscum and other Viral Infections/herpes-simplex-11.jpg
22,E:\MedicalData\kagglechallenge\Dermnet\test/Warts Molluscum and other Viral Infections/herpes-simplex-14.jpg
22,E:\MedicalData\kagglechallenge\Dermnet\test/Warts Molluscum and other Viral Infections/herpes-simplex-22.jpg
22,E:\MedicalData\kagglechallenge\Dermnet\test/Warts Molluscum and other Viral Infections/herpes-simplex-28.jpg
22,E:\MedicalData\kagglechallenge\Dermnet\test/Warts Molluscum and other Viral Infections/herpes-simplex-30.jpg
22,E:\MedicalData\kagglechallenge\Dermnet\test/Warts Molluscum and other Viral Infections/herpes-simplex-32.jpg
22,E:\MedicalData\kagglechallenge\Dermnet\test/Warts Molluscum and other Viral Infections/herpes-simplex-33.jpg
22,E:\MedicalData\kagglechallenge\Dermnet\test/Warts Molluscum and other Viral Infections/herpes-simplex-37.jpg
22,E:\MedicalData\kagglechallenge\Dermnet\test/Warts Molluscum and other Viral Infections/herpes-simplex-38.jpg
22,E:\MedicalData\kagglechallenge\Dermnet\test/Warts Molluscum and other Viral Infections/herpes-simplex-55.jpg
22,E:\MedicalData\kagglechallenge\Dermnet\test/Warts Molluscum and other Viral Infections/herpes-simplex-58.jpg
22,E:\MedicalData\kagglechallenge\Dermnet\test/Warts Molluscum and other Viral Infections/herpes-simplex-59.jpg
22,E:\MedicalData\kagglechallenge\Dermnet\test/Warts Molluscum and other Viral Infections/herpes-simplex-9.jpg
22,E:\MedicalData\kagglechallenge\Dermnet\test/Warts Molluscum and other Viral Infections/herpes-type-1-primary-11.jpg
22,E:\MedicalData\kagglechallenge\Dermnet\test/Warts Molluscum and other Viral Infections/herpes-type-1-primary-16.jpg
22,E:\MedicalData\kagglechallenge\Dermnet\test/Warts Molluscum and other Viral Infections/herpes-type-1-primary-35.jpg
22,E:\MedicalData\kagglechallenge\Dermnet\test/Warts Molluscum and other Viral Infections/herpes-type-1-primary-38.jpg
22,E:\MedicalData\kagglechallenge\Dermnet\test/Warts Molluscum and other Viral Infections/herpes-type-1-primary-4.jpg
22,E:\MedicalData\kagglechallenge\Dermnet\test/Warts Molluscum and other Viral Infections/herpes-type-1-primary-40.jpg
22,E:\MedicalData\kagglechallenge\Dermnet\test/Warts Molluscum and other Viral Infections/herpes-type-1-primary-49.jpg
22,E:\MedicalData\kagglechallenge\Dermnet\test/Warts Molluscum and other Viral Infections/herpes-type-1-primary-50.jpg
22,E:\MedicalData\kagglechallenge\Dermnet\test/Warts Molluscum and other Viral Infections/herpes-type-1-primary-56.jpg
22,E:\MedicalData\kagglechallenge\Dermnet\test/Warts Molluscum and other Viral Infections/herpes-type-1-primary-9.jpg
22,E:\MedicalData\kagglechallenge\Dermnet\test/Warts Molluscum and other Viral Infections/herpes-type-1-recurrent-100.jpg
22,E:\MedicalData\kagglechallenge\Dermnet\test/Warts Molluscum and other Viral Infections/herpes-type-1-recurrent-101.jpg
22,E:\MedicalData\kagglechallenge\Dermnet\test/Warts Molluscum and other Viral Infections/herpes-type-1-recurrent-28.jpg
22,E:\MedicalData\kagglechallenge\Dermnet\test/Warts Molluscum and other Viral Infections/herpes-type-1-recurrent-38.jpg
22,E:\MedicalData\kagglechallenge\Dermnet\test/Warts Molluscum and other Viral Infections/herpes-type-1-recurrent-42.jpg
22,E:\MedicalData\kagglechallenge\Dermnet\test/Warts Molluscum and other Viral Infections/herpes-type-1-recurrent-44.jpg
22,E:\MedicalData\kagglechallenge\Dermnet\test/Warts Molluscum and other Viral Infections/herpes-type-1-recurrent-53.jpg
22,E:\MedicalData\kagglechallenge\Dermnet\test/Warts Molluscum and other Viral Infections/herpes-type-1-recurrent-58.jpg
22,E:\MedicalData\kagglechallenge\Dermnet\test/Warts Molluscum and other Viral Infections/herpes-type-1-recurrent-7.jpg
22,E:\MedicalData\kagglechallenge\Dermnet\test/Warts Molluscum and other Viral Infections/herpes-type-1-recurrent-71.jpg
22,E:\MedicalData\kagglechallenge\Dermnet\test/Warts Molluscum and other Viral Infections/herpes-type-1-recurrent-75.jpg
22,E:\MedicalData\kagglechallenge\Dermnet\test/Warts Molluscum and other Viral Infections/herpes-type-1-recurrent-82.jpg
22,E:\MedicalData\kagglechallenge\Dermnet\test/Warts Molluscum and other Viral Infections/herpes-type-1-recurrent-86.jpg
22,E:\MedicalData\kagglechallenge\Dermnet\test/Warts Molluscum and other Viral Infections/herpes-type-1-recurrent-88.jpg
22,E:\MedicalData\kagglechallenge\Dermnet\test/Warts Molluscum and other Viral Infections/herpes-zoster-108.jpg
22,E:\MedicalData\kagglechallenge\Dermnet\test/Warts Molluscum and other Viral Infections/herpes-zoster-110.jpg
22,E:\MedicalData\kagglechallenge\Dermnet\test/Warts Molluscum and other Viral Infections/herpes-zoster-111.jpg
22,E:\MedicalData\kagglechallenge\Dermnet\test/Warts Molluscum and other Viral Infections/herpes-zoster-114.jpg
22,E:\MedicalData\kagglechallenge\Dermnet\test/Warts Molluscum and other Viral Infections/herpes-zoster-117.jpg
22,E:\MedicalData\kagglechallenge\Dermnet\test/Warts Molluscum and other Viral Infections/herpes-zoster-131.jpg
22,E:\MedicalData\kagglechallenge\Dermnet\test/Warts Molluscum and other Viral Infections/herpes-zoster-134.jpg
22,E:\MedicalData\kagglechallenge\Dermnet\test/Warts Molluscum and other Viral Infections/herpes-zoster-138.jpg
22,E:\MedicalData\kagglechallenge\Dermnet\test/Warts Molluscum and other Viral Infections/herpes-zoster-140.jpg
22,E:\MedicalData\kagglechallenge\Dermnet\test/Warts Molluscum and other Viral Infections/herpes-zoster-149.jpg
22,E:\MedicalData\kagglechallenge\Dermnet\test/Warts Molluscum and other Viral Infections/herpes-zoster-15.jpg
22,E:\MedicalData\kagglechallenge\Dermnet\test/Warts Molluscum and other Viral Infections/herpes-zoster-157.jpg
22,E:\MedicalData\kagglechallenge\Dermnet\test/Warts Molluscum and other Viral Infections/herpes-zoster-168.jpg
22,E:\MedicalData\kagglechallenge\Dermnet\test/Warts Molluscum and other Viral Infections/herpes-zoster-175.jpg
22,E:\MedicalData\kagglechallenge\Dermnet\test/Warts Molluscum and other Viral Infections/herpes-zoster-177.jpg
22,E:\MedicalData\kagglechallenge\Dermnet\test/Warts Molluscum and other Viral Infections/herpes-zoster-182.jpg
22,E:\MedicalData\kagglechallenge\Dermnet\test/Warts Molluscum and other Viral Infections/herpes-zoster-184.jpg
22,E:\MedicalData\kagglechallenge\Dermnet\test/Warts Molluscum and other Viral Infections/herpes-zoster-200.jpg
22,E:\MedicalData\kagglechallenge\Dermnet\test/Warts Molluscum and other Viral Infections/herpes-zoster-92.jpg
22,E:\MedicalData\kagglechallenge\Dermnet\test/Warts Molluscum and other Viral Infections/herpes-zoster-93.jpg
22,E:\MedicalData\kagglechallenge\Dermnet\test/Warts Molluscum and other Viral Infections/molluscum-contagiosum-1.jpg
22,E:\MedicalData\kagglechallenge\Dermnet\test/Warts Molluscum and other Viral Infections/molluscum-contagiosum-102.jpg
22,E:\MedicalData\kagglechallenge\Dermnet\test/Warts Molluscum and other Viral Infections/molluscum-contagiosum-110.jpg
22,E:\MedicalData\kagglechallenge\Dermnet\test/Warts Molluscum and other Viral Infections/molluscum-contagiosum-113.jpg
22,E:\MedicalData\kagglechallenge\Dermnet\test/Warts Molluscum and other Viral Infections/molluscum-contagiosum-116.jpg
22,E:\MedicalData\kagglechallenge\Dermnet\test/Warts Molluscum and other Viral Infections/molluscum-contagiosum-123.jpg
22,E:\MedicalData\kagglechallenge\Dermnet\test/Warts Molluscum and other Viral Infections/molluscum-contagiosum-125.jpg
22,E:\MedicalData\kagglechallenge\Dermnet\test/Warts Molluscum and other Viral Infections/molluscum-contagiosum-129.jpg
22,E:\MedicalData\kagglechallenge\Dermnet\test/Warts Molluscum and other Viral Infections/molluscum-contagiosum-132.jpg
22,E:\MedicalData\kagglechallenge\Dermnet\test/Warts Molluscum and other Viral Infections/molluscum-contagiosum-144.jpg
22,E:\MedicalData\kagglechallenge\Dermnet\test/Warts Molluscum and other Viral Infections/molluscum-contagiosum-152.jpg
22,E:\MedicalData\kagglechallenge\Dermnet\test/Warts Molluscum and other Viral Infections/molluscum-contagiosum-154.jpg
22,E:\MedicalData\kagglechallenge\Dermnet\test/Warts Molluscum and other Viral Infections/molluscum-contagiosum-155.jpg
22,E:\MedicalData\kagglechallenge\Dermnet\test/Warts Molluscum and other Viral Infections/molluscum-contagiosum-157.jpg
22,E:\MedicalData\kagglechallenge\Dermnet\test/Warts Molluscum and other Viral Infections/molluscum-contagiosum-164.jpg
22,E:\MedicalData\kagglechallenge\Dermnet\test/Warts Molluscum and other Viral Infections/molluscum-contagiosum-167.jpg
22,E:\MedicalData\kagglechallenge\Dermnet\test/Warts Molluscum and other Viral Infections/molluscum-contagiosum-168.jpg
22,E:\MedicalData\kagglechallenge\Dermnet\test/Warts Molluscum and other Viral Infections/molluscum-contagiosum-170.jpg
22,E:\MedicalData\kagglechallenge\Dermnet\test/Warts Molluscum and other Viral Infections/molluscum-contagiosum-23.jpg
22,E:\MedicalData\kagglechallenge\Dermnet\test/Warts Molluscum and other Viral Infections/molluscum-contagiosum-25.jpg
22,E:\MedicalData\kagglechallenge\Dermnet\test/Warts Molluscum and other Viral Infections/molluscum-contagiosum-95.jpg
22,E:\MedicalData\kagglechallenge\Dermnet\test/Warts Molluscum and other Viral Infections/molluscum-contagiosum-98.jpg
22,E:\MedicalData\kagglechallenge\Dermnet\test/Warts Molluscum and other Viral Infections/small-pox-4.jpg
22,E:\MedicalData\kagglechallenge\Dermnet\test/Warts Molluscum and other Viral Infections/varicella-12.jpg
22,E:\MedicalData\kagglechallenge\Dermnet\test/Warts Molluscum and other Viral Infections/varicella-18.jpg
22,E:\MedicalData\kagglechallenge\Dermnet\test/Warts Molluscum and other Viral Infections/varicella-20.jpg
22,E:\MedicalData\kagglechallenge\Dermnet\test/Warts Molluscum and other Viral Infections/varicella-21.jpg
22,E:\MedicalData\kagglechallenge\Dermnet\test/Warts Molluscum and other Viral Infections/varicella-22.jpg
22,E:\MedicalData\kagglechallenge\Dermnet\test/Warts Molluscum and other Viral Infections/varicella-3.jpg
22,E:\MedicalData\kagglechallenge\Dermnet\test/Warts Molluscum and other Viral Infections/varicella-33.jpg
22,E:\MedicalData\kagglechallenge\Dermnet\test/Warts Molluscum and other Viral Infections/varicella-49.jpg
22,E:\MedicalData\kagglechallenge\Dermnet\test/Warts Molluscum and other Viral Infections/varicella-54.jpg
22,E:\MedicalData\kagglechallenge\Dermnet\test/Warts Molluscum and other Viral Infections/varicella-56.jpg
22,E:\MedicalData\kagglechallenge\Dermnet\test/Warts Molluscum and other Viral Infections/warts-2.jpg
22,E:\MedicalData\kagglechallenge\Dermnet\test/Warts Molluscum and other Viral Infections/warts-21.jpg
22,E:\MedicalData\kagglechallenge\Dermnet\test/Warts Molluscum and other Viral Infections/warts-24.jpg
22,E:\MedicalData\kagglechallenge\Dermnet\test/Warts Molluscum and other Viral Infections/warts-26.jpg
22,E:\MedicalData\kagglechallenge\Dermnet\test/Warts Molluscum and other Viral Infections/warts-27.jpg
22,E:\MedicalData\kagglechallenge\Dermnet\test/Warts Molluscum and other Viral Infections/warts-28.jpg
22,E:\MedicalData\kagglechallenge\Dermnet\test/Warts Molluscum and other Viral Infections/warts-29.jpg
22,E:\MedicalData\kagglechallenge\Dermnet\test/Warts Molluscum and other Viral Infections/warts-30.jpg
22,E:\MedicalData\kagglechallenge\Dermnet\test/Warts Molluscum and other Viral Infections/warts-43.jpg
22,E:\MedicalData\kagglechallenge\Dermnet\test/Warts Molluscum and other Viral Infections/warts-5.jpg
22,E:\MedicalData\kagglechallenge\Dermnet\test/Warts Molluscum and other Viral Infections/warts-common-1.jpg
22,E:\MedicalData\kagglechallenge\Dermnet\test/Warts Molluscum and other Viral Infections/warts-common-102.jpg
22,E:\MedicalData\kagglechallenge\Dermnet\test/Warts Molluscum and other Viral Infections/warts-common-13.jpg
22,E:\MedicalData\kagglechallenge\Dermnet\test/Warts Molluscum and other Viral Infections/warts-common-15.jpg
22,E:\MedicalData\kagglechallenge\Dermnet\test/Warts Molluscum and other Viral Infections/warts-common-19.jpg
22,E:\MedicalData\kagglechallenge\Dermnet\test/Warts Molluscum and other Viral Infections/warts-common-22.jpg
22,E:\MedicalData\kagglechallenge\Dermnet\test/Warts Molluscum and other Viral Infections/warts-common-23.jpg
22,E:\MedicalData\kagglechallenge\Dermnet\test/Warts Molluscum and other Viral Infections/warts-common-25.jpg
22,E:\MedicalData\kagglechallenge\Dermnet\test/Warts Molluscum and other Viral Infections/warts-common-26.jpg
22,E:\MedicalData\kagglechallenge\Dermnet\test/Warts Molluscum and other Viral Infections/warts-common-28.jpg
22,E:\MedicalData\kagglechallenge\Dermnet\test/Warts Molluscum and other Viral Infections/warts-common-41.jpg
22,E:\MedicalData\kagglechallenge\Dermnet\test/Warts Molluscum and other Viral Infections/warts-common-43.jpg
22,E:\MedicalData\kagglechallenge\Dermnet\test/Warts Molluscum and other Viral Infections/warts-common-53.jpg
22,E:\MedicalData\kagglechallenge\Dermnet\test/Warts Molluscum and other Viral Infections/warts-common-58.jpg
22,E:\MedicalData\kagglechallenge\Dermnet\test/Warts Molluscum and other Viral Infections/warts-common-72.jpg
22,E:\MedicalData\kagglechallenge\Dermnet\test/Warts Molluscum and other Viral Infections/warts-common-74.jpg
22,E:\MedicalData\kagglechallenge\Dermnet\test/Warts Molluscum and other Viral Infections/warts-common-8.jpg
22,E:\MedicalData\kagglechallenge\Dermnet\test/Warts Molluscum and other Viral Infections/warts-common-84.jpg
22,E:\MedicalData\kagglechallenge\Dermnet\test/Warts Molluscum and other Viral Infections/warts-common-90.jpg
22,E:\MedicalData\kagglechallenge\Dermnet\test/Warts Molluscum and other Viral Infections/warts-common-96.jpg
22,E:\MedicalData\kagglechallenge\Dermnet\test/Warts Molluscum and other Viral Infections/warts-cryotherapy-15.jpg
22,E:\MedicalData\kagglechallenge\Dermnet\test/Warts Molluscum and other Viral Infections/warts-cryotherapy-26.jpg
22,E:\MedicalData\kagglechallenge\Dermnet\test/Warts Molluscum and other Viral Infections/warts-cryotherapy-30.jpg
22,E:\MedicalData\kagglechallenge\Dermnet\test/Warts Molluscum and other Viral Infections/warts-cryotherapy-33.jpg
22,E:\MedicalData\kagglechallenge\Dermnet\test/Warts Molluscum and other Viral Infections/warts-cryotherapy-6.jpg
22,E:\MedicalData\kagglechallenge\Dermnet\test/Warts Molluscum and other Viral Infections/warts-cryotherapy-7.jpg
22,E:\MedicalData\kagglechallenge\Dermnet\test/Warts Molluscum and other Viral Infections/warts-digitate-18.jpg
22,E:\MedicalData\kagglechallenge\Dermnet\test/Warts Molluscum and other Viral Infections/warts-digitate-22.jpg
22,E:\MedicalData\kagglechallenge\Dermnet\test/Warts Molluscum and other Viral Infections/warts-digitate-23.jpg
22,E:\MedicalData\kagglechallenge\Dermnet\test/Warts Molluscum and other Viral Infections/warts-digitate-33.jpg
22,E:\MedicalData\kagglechallenge\Dermnet\test/Warts Molluscum and other Viral Infections/warts-digitate-35.jpg
22,E:\MedicalData\kagglechallenge\Dermnet\test/Warts Molluscum and other Viral Infections/warts-digitate-36.jpg
22,E:\MedicalData\kagglechallenge\Dermnet\test/Warts Molluscum and other Viral Infections/warts-digitate-37.jpg
22,E:\MedicalData\kagglechallenge\Dermnet\test/Warts Molluscum and other Viral Infections/warts-digitate-38.jpg
22,E:\MedicalData\kagglechallenge\Dermnet\test/Warts Molluscum and other Viral Infections/warts-digitate-45.jpg
22,E:\MedicalData\kagglechallenge\Dermnet\test/Warts Molluscum and other Viral Infections/warts-digitate-48.jpg
22,E:\MedicalData\kagglechallenge\Dermnet\test/Warts Molluscum and other Viral Infections/warts-digitate-65.jpg
22,E:\MedicalData\kagglechallenge\Dermnet\test/Warts Molluscum and other Viral Infections/warts-digitate-9.jpg
22,E:\MedicalData\kagglechallenge\Dermnet\test/Warts Molluscum and other Viral Infections/warts-flat-12.jpg
22,E:\MedicalData\kagglechallenge\Dermnet\test/Warts Molluscum and other Viral Infections/warts-flat-14.jpg
22,E:\MedicalData\kagglechallenge\Dermnet\test/Warts Molluscum and other Viral Infections/warts-flat-20.jpg
22,E:\MedicalData\kagglechallenge\Dermnet\test/Warts Molluscum and other Viral Infections/warts-flat-21.jpg
22,E:\MedicalData\kagglechallenge\Dermnet\test/Warts Molluscum and other Viral Infections/warts-flat-24.jpg
22,E:\MedicalData\kagglechallenge\Dermnet\test/Warts Molluscum and other Viral Infections/warts-flat-26.jpg
22,E:\MedicalData\kagglechallenge\Dermnet\test/Warts Molluscum and other Viral Infections/warts-flat-27.jpg
22,E:\MedicalData\kagglechallenge\Dermnet\test/Warts Molluscum and other Viral Infections/warts-flat-28.jpg
22,E:\MedicalData\kagglechallenge\Dermnet\test/Warts Molluscum and other Viral Infections/warts-flat-3.jpg
22,E:\MedicalData\kagglechallenge\Dermnet\test/Warts Molluscum and other Viral Infections/warts-flat-39.jpg
22,E:\MedicalData\kagglechallenge\Dermnet\test/Warts Molluscum and other Viral Infections/warts-flat-52.jpg
22,E:\MedicalData\kagglechallenge\Dermnet\test/Warts Molluscum and other Viral Infections/warts-flat-62.jpg
22,E:\MedicalData\kagglechallenge\Dermnet\test/Warts Molluscum and other Viral Infections/warts-flat-7.jpg
22,E:\MedicalData\kagglechallenge\Dermnet\test/Warts Molluscum and other Viral Infections/warts-flat-73.jpg
22,E:\MedicalData\kagglechallenge\Dermnet\test/Warts Molluscum and other Viral Infections/warts-flat-8.jpg
22,E:\MedicalData\kagglechallenge\Dermnet\test/Warts Molluscum and other Viral Infections/warts-flat-9.jpg
22,E:\MedicalData\kagglechallenge\Dermnet\test/Warts Molluscum and other Viral Infections/warts-immunocompromised-5.jpg
22,E:\MedicalData\kagglechallenge\Dermnet\test/Warts Molluscum and other Viral Infections/warts-immunocompromised-6.jpg
22,E:\MedicalData\kagglechallenge\Dermnet\test/Warts Molluscum and other Viral Infections/warts-oral-6.jpg
22,E:\MedicalData\kagglechallenge\Dermnet\test/Warts Molluscum and other Viral Infections/warts-periungual-13.jpg
22,E:\MedicalData\kagglechallenge\Dermnet\test/Warts Molluscum and other Viral Infections/warts-periungual-15.jpg
22,E:\MedicalData\kagglechallenge\Dermnet\test/Warts Molluscum and other Viral Infections/warts-periungual-5.jpg
22,E:\MedicalData\kagglechallenge\Dermnet\test/Warts Molluscum and other Viral Infections/warts-plantar-108.jpg
22,E:\MedicalData\kagglechallenge\Dermnet\test/Warts Molluscum and other Viral Infections/warts-plantar-115.jpg
22,E:\MedicalData\kagglechallenge\Dermnet\test/Warts Molluscum and other Viral Infections/warts-plantar-15.jpg
22,E:\MedicalData\kagglechallenge\Dermnet\test/Warts Molluscum and other Viral Infections/warts-plantar-23.jpg
22,E:\MedicalData\kagglechallenge\Dermnet\test/Warts Molluscum and other Viral Infections/warts-plantar-27.jpg
22,E:\MedicalData\kagglechallenge\Dermnet\test/Warts Molluscum and other Viral Infections/warts-plantar-36.jpg
22,E:\MedicalData\kagglechallenge\Dermnet\test/Warts Molluscum and other Viral Infections/warts-plantar-42.jpg
22,E:\MedicalData\kagglechallenge\Dermnet\test/Warts Molluscum and other Viral Infections/warts-plantar-44.jpg
22,E:\MedicalData\kagglechallenge\Dermnet\test/Warts Molluscum and other Viral Infections/warts-plantar-45.jpg
22,E:\MedicalData\kagglechallenge\Dermnet\test/Warts Molluscum and other Viral Infections/warts-plantar-52.jpg
22,E:\MedicalData\kagglechallenge\Dermnet\test/Warts Molluscum and other Viral Infections/warts-plantar-54.jpg
22,E:\MedicalData\kagglechallenge\Dermnet\test/Warts Molluscum and other Viral Infections/warts-plantar-59.jpg
22,E:\MedicalData\kagglechallenge\Dermnet\test/Warts Molluscum and other Viral Infections/warts-plantar-67.jpg
22,E:\MedicalData\kagglechallenge\Dermnet\test/Warts Molluscum and other Viral Infections/warts-plantar-70.jpg
22,E:\MedicalData\kagglechallenge\Dermnet\test/Warts Molluscum and other Viral Infections/warts-plantar-71.jpg
22,E:\MedicalData\kagglechallenge\Dermnet\test/Warts Molluscum and other Viral Infections/warts-plantar-76.jpg
22,E:\MedicalData\kagglechallenge\Dermnet\test/Warts Molluscum and other Viral Infections/warts-plantar-79.jpg
22,E:\MedicalData\kagglechallenge\Dermnet\test/Warts Molluscum and other Viral Infections/warts-plantar-92.jpg
22,E:\MedicalData\kagglechallenge\Dermnet\test/Warts Molluscum and other Viral Infections/warts-treatment-2.jpg
